policyId,county,construction
119736,CLAY COUNTY,Masonry
448094,CLAY COUNTY,Masonry
206893,CLAY COUNTY,Wood
333743,CLAY COUNTY,Wood
172534,CLAY COUNTY,Wood
785275,CLAY COUNTY,Masonry
995932,CLAY COUNTY,Reinforced Concrete
223488,CLAY COUNTY,Wood
433512,CLAY COUNTY,Wood
142071,CLAY COUNTY,Masonry
253816,CLAY COUNTY,Masonry
894922,CLAY COUNTY,Wood
422834,CLAY COUNTY,Wood
582721,CLAY COUNTY,Wood
842700,CLAY COUNTY,Wood
874333,CLAY COUNTY,Wood
580146,CLAY COUNTY,Wood
456149,CLAY COUNTY,Wood
767862,CLAY COUNTY,Wood
353022,CLAY COUNTY,Wood
367814,CLAY COUNTY,Wood
671392,CLAY COUNTY,Reinforced Concrete
772887,CLAY COUNTY,Masonry
983122,CLAY COUNTY,Wood
934215,CLAY COUNTY,Wood
385951,CLAY COUNTY,Wood
716332,CLAY COUNTY,Wood
751262,CLAY COUNTY,Wood
633663,CLAY COUNTY,Wood
105851,CLAY COUNTY,Wood
710400,CLAY COUNTY,Wood
703001,CLAY COUNTY,Wood
352792,CLAY COUNTY,Masonry
717603,CLAY COUNTY,Wood
937659,SUWANNEE COUNTY,Wood
294022,SUWANNEE COUNTY,Wood
410500,SUWANNEE COUNTY,Wood
524433,SUWANNEE COUNTY,Wood
779298,SUWANNEE COUNTY,Masonry
491831,SUWANNEE COUNTY,Wood
814637,SUWANNEE COUNTY,Wood
737515,SUWANNEE COUNTY,Wood
222653,SUWANNEE COUNTY,Wood
788543,SUWANNEE COUNTY,Wood
691681,SUWANNEE COUNTY,Wood
368807,SUWANNEE COUNTY,Wood
174002,SUWANNEE COUNTY,Wood
198760,SUWANNEE COUNTY,Wood
831395,SUWANNEE COUNTY,Wood
305698,SUWANNEE COUNTY,Wood
515722,SUWANNEE COUNTY,Wood
415582,SUWANNEE COUNTY,Wood
783533,SUWANNEE COUNTY,Wood
640802,SUWANNEE COUNTY,Wood
403866,SUWANNEE COUNTY,Wood
828788,SUWANNEE COUNTY,Wood
751490,SUWANNEE COUNTY,Wood
972562,SUWANNEE COUNTY,Wood
367541,SUWANNEE COUNTY,Wood
481360,SUWANNEE COUNTY,Wood
920232,NASSAU COUNTY,Wood
727659,NASSAU COUNTY,Wood
471817,NASSAU COUNTY,Wood
983043,NASSAU COUNTY,Wood
578286,NASSAU COUNTY,Wood
347276,NASSAU COUNTY,Wood
477786,NASSAU COUNTY,Reinforced Masonry
265907,NASSAU COUNTY,Wood
107560,NASSAU COUNTY,Masonry
908183,NASSAU COUNTY,Wood
356024,NASSAU COUNTY,Wood
575299,NASSAU COUNTY,Wood
790478,NASSAU COUNTY,Wood
801776,NASSAU COUNTY,Wood
291781,NASSAU COUNTY,Masonry
537286,NASSAU COUNTY,Masonry
289305,COLUMBIA COUNTY,Wood
697409,COLUMBIA COUNTY,Wood
633944,COLUMBIA COUNTY,Wood
963511,COLUMBIA COUNTY,Wood
729649,COLUMBIA COUNTY,Masonry
862584,COLUMBIA COUNTY,Wood
371891,COLUMBIA COUNTY,Wood
785595,COLUMBIA COUNTY,Wood
567696,COLUMBIA COUNTY,Wood
219025,COLUMBIA COUNTY,Wood
447216,COLUMBIA COUNTY,Wood
305141,COLUMBIA COUNTY,Wood
625575,COLUMBIA COUNTY,Wood
262109,COLUMBIA COUNTY,Wood
228457,COLUMBIA COUNTY,Masonry
622799,COLUMBIA COUNTY,Wood
233271,COLUMBIA COUNTY,Reinforced Masonry
932950,COLUMBIA COUNTY,Wood
641952,COLUMBIA COUNTY,Reinforced Masonry
796260,COLUMBIA COUNTY,Masonry
301822,COLUMBIA COUNTY,Reinforced Masonry
559927,COLUMBIA COUNTY,Wood
224400,COLUMBIA COUNTY,Masonry
123936,COLUMBIA COUNTY,Reinforced Masonry
333818,COLUMBIA COUNTY,Masonry
254323,COLUMBIA COUNTY,Masonry
247444,COLUMBIA COUNTY,Wood
882598,COLUMBIA COUNTY,Masonry
386918,COLUMBIA COUNTY,Wood
497337,COLUMBIA COUNTY,Wood
526844,COLUMBIA COUNTY,Reinforced Masonry
623400,COLUMBIA COUNTY,Wood
826170,COLUMBIA COUNTY,Wood
185483,COLUMBIA COUNTY,Wood
920003,COLUMBIA COUNTY,Masonry
274246,COLUMBIA COUNTY,Wood
423636,COLUMBIA COUNTY,Masonry
970906,COLUMBIA COUNTY,Reinforced Masonry
227898,COLUMBIA COUNTY,Wood
525138,COLUMBIA COUNTY,Wood
923627,COLUMBIA COUNTY,Wood
619743,COLUMBIA COUNTY,Wood
910727,COLUMBIA COUNTY,Wood
363647,COLUMBIA COUNTY,Wood
512519,COLUMBIA COUNTY,Wood
904304,COLUMBIA COUNTY,Wood
835349,COLUMBIA COUNTY,Wood
891725,COLUMBIA COUNTY,Wood
923503,COLUMBIA COUNTY,Wood
292347,COLUMBIA COUNTY,Wood
363828,COLUMBIA COUNTY,Wood
110490,COLUMBIA COUNTY,Wood
480733,COLUMBIA COUNTY,Masonry
993346,COLUMBIA COUNTY,Masonry
934992,ST  JOHNS COUNTY,Wood
645841,ST  JOHNS COUNTY,Masonry
747846,ST  JOHNS COUNTY,Wood
482457,ST  JOHNS COUNTY,Wood
574787,ST  JOHNS COUNTY,Wood
831418,ST  JOHNS COUNTY,Wood
968562,ST  JOHNS COUNTY,Wood
576324,ST  JOHNS COUNTY,Wood
290435,ST  JOHNS COUNTY,Wood
526086,ST  JOHNS COUNTY,Wood
119823,ST  JOHNS COUNTY,Wood
497414,ST  JOHNS COUNTY,Wood
340883,ST  JOHNS COUNTY,Wood
892551,ST  JOHNS COUNTY,Wood
670595,ST  JOHNS COUNTY,Wood
194101,ST  JOHNS COUNTY,Wood
167200,ST  JOHNS COUNTY,Wood
139064,ST  JOHNS COUNTY,Wood
846636,ST  JOHNS COUNTY,Wood
310177,NASSAU COUNTY,Wood
865452,NASSAU COUNTY,Wood
783429,NASSAU COUNTY,Wood
878060,NASSAU COUNTY,Wood
935342,NASSAU COUNTY,Wood
456376,NASSAU COUNTY,Wood
363001,NASSAU COUNTY,Wood
478864,NASSAU COUNTY,Masonry
600402,NASSAU COUNTY,Reinforced Masonry
483983,NASSAU COUNTY,Masonry
991615,NASSAU COUNTY,Wood
644573,NASSAU COUNTY,Masonry
853278,NASSAU COUNTY,Wood
100658,NASSAU COUNTY,Wood
433115,NASSAU COUNTY,Wood
760337,NASSAU COUNTY,Wood
884738,NASSAU COUNTY,Masonry
610102,NASSAU COUNTY,Reinforced Masonry
830823,NASSAU COUNTY,Masonry
618364,NASSAU COUNTY,Wood
712563,NASSAU COUNTY,Wood
493030,NASSAU COUNTY,Masonry
188150,NASSAU COUNTY,Reinforced Masonry
589642,NASSAU COUNTY,Masonry
846109,NASSAU COUNTY,Wood
399079,NASSAU COUNTY,Wood
680135,NASSAU COUNTY,Wood
621379,NASSAU COUNTY,Wood
606710,NASSAU COUNTY,Wood
443319,NASSAU COUNTY,Wood
228591,NASSAU COUNTY,Wood
721610,NASSAU COUNTY,Wood
507395,NASSAU COUNTY,Wood
213399,NASSAU COUNTY,Wood
579400,NASSAU COUNTY,Wood
509951,NASSAU COUNTY,Wood
930798,NASSAU COUNTY,Wood
729247,NASSAU COUNTY,Wood
288344,NASSAU COUNTY,Wood
275351,NASSAU COUNTY,Wood
976690,NASSAU COUNTY,Wood
507111,NASSAU COUNTY,Wood
547458,NASSAU COUNTY,Wood
827732,NASSAU COUNTY,Wood
229489,NASSAU COUNTY,Wood
175251,NASSAU COUNTY,Wood
590043,NASSAU COUNTY,Wood
476037,NASSAU COUNTY,Wood
674960,NASSAU COUNTY,Wood
743790,NASSAU COUNTY,Reinforced Masonry
817283,NASSAU COUNTY,Reinforced Concrete
201980,NASSAU COUNTY,Wood
351505,NASSAU COUNTY,Wood
798806,NASSAU COUNTY,Masonry
153643,NASSAU COUNTY,Wood
683653,NASSAU COUNTY,Wood
475264,NASSAU COUNTY,Reinforced Concrete
912944,NASSAU COUNTY,Masonry
945134,NASSAU COUNTY,Wood
219959,NASSAU COUNTY,Wood
793504,NASSAU COUNTY,Wood
450423,NASSAU COUNTY,Wood
505178,NASSAU COUNTY,Wood
408688,NASSAU COUNTY,Masonry
477759,NASSAU COUNTY,Wood
882441,NASSAU COUNTY,Wood
727602,NASSAU COUNTY,Wood
313226,NASSAU COUNTY,Wood
337027,NASSAU COUNTY,Wood
649251,NASSAU COUNTY,Wood
142564,NASSAU COUNTY,Wood
197782,NASSAU COUNTY,Masonry
709787,NASSAU COUNTY,Wood
655065,NASSAU COUNTY,Wood
176778,NASSAU COUNTY,Reinforced Masonry
559179,NASSAU COUNTY,Masonry
698071,NASSAU COUNTY,Wood
642950,NASSAU COUNTY,Masonry
477240,NASSAU COUNTY,Wood
672348,NASSAU COUNTY,Wood
922844,NASSAU COUNTY,Wood
948580,NASSAU COUNTY,Wood
364552,NASSAU COUNTY,Wood
561601,NASSAU COUNTY,Masonry
584749,NASSAU COUNTY,Wood
601327,COLUMBIA COUNTY,Wood
302578,COLUMBIA COUNTY,Wood
756585,COLUMBIA COUNTY,Wood
627591,COLUMBIA COUNTY,Wood
663563,COLUMBIA COUNTY,Masonry
108959,COLUMBIA COUNTY,Wood
951069,COLUMBIA COUNTY,Masonry
490641,BAKER COUNTY,Wood
443968,BAKER COUNTY,Wood
433688,CLAY COUNTY,Wood
168578,CLAY COUNTY,Masonry
294375,CLAY COUNTY,Wood
902110,CLAY COUNTY,Wood
279816,CLAY COUNTY,Masonry
994565,CLAY COUNTY,Wood
930535,CLAY COUNTY,Wood
844642,CLAY COUNTY,Wood
292887,CLAY COUNTY,Wood
655128,CLAY COUNTY,Wood
164038,CLAY COUNTY,Wood
163057,CLAY COUNTY,Wood
327730,CLAY COUNTY,Wood
218187,CLAY COUNTY,Wood
697530,CLAY COUNTY,Wood
619053,CLAY COUNTY,Wood
431406,CLAY COUNTY,Wood
256801,CLAY COUNTY,Wood
571398,CLAY COUNTY,Wood
239669,CLAY COUNTY,Wood
530369,CLAY COUNTY,Wood
948187,CLAY COUNTY,Wood
571059,CLAY COUNTY,Wood
470539,CLAY COUNTY,Wood
791046,CLAY COUNTY,Wood
563971,CLAY COUNTY,Wood
823903,CLAY COUNTY,Wood
812504,CLAY COUNTY,Wood
597719,CLAY COUNTY,Wood
716513,CLAY COUNTY,Wood
378286,CLAY COUNTY,Wood
698982,CLAY COUNTY,Wood
624550,CLAY COUNTY,Wood
666076,CLAY COUNTY,Wood
474145,CLAY COUNTY,Wood
572929,CLAY COUNTY,Wood
640205,CLAY COUNTY,Wood
295930,CLAY COUNTY,Wood
823004,CLAY COUNTY,Wood
230536,CLAY COUNTY,Wood
936142,CLAY COUNTY,Wood
724639,CLAY COUNTY,Wood
119986,CLAY COUNTY,Wood
603370,CLAY COUNTY,Wood
532496,CLAY COUNTY,Wood
786954,CLAY COUNTY,Wood
416348,CLAY COUNTY,Wood
506364,CLAY COUNTY,Masonry
311994,CLAY COUNTY,Wood
807442,CLAY COUNTY,Wood
235695,CLAY COUNTY,Wood
481294,CLAY COUNTY,Wood
292670,CLAY COUNTY,Wood
127739,CLAY COUNTY,Wood
869056,CLAY COUNTY,Wood
514471,CLAY COUNTY,Wood
903764,CLAY COUNTY,Wood
192068,CLAY COUNTY,Wood
109815,CLAY COUNTY,Wood
495339,CLAY COUNTY,Masonry
752123,CLAY COUNTY,Wood
412775,CLAY COUNTY,Wood
249958,CLAY COUNTY,Wood
754919,CLAY COUNTY,Wood
829637,CLAY COUNTY,Wood
931429,CLAY COUNTY,Wood
565451,CLAY COUNTY,Wood
722334,CLAY COUNTY,Wood
630898,CLAY COUNTY,Wood
166536,CLAY COUNTY,Wood
469135,CLAY COUNTY,Masonry
678786,CLAY COUNTY,Masonry
284473,CLAY COUNTY,Masonry
499389,CLAY COUNTY,Masonry
541241,CLAY COUNTY,Reinforced Masonry
797586,CLAY COUNTY,Reinforced Masonry
812823,CLAY COUNTY,Wood
598244,CLAY COUNTY,Masonry
788363,CLAY COUNTY,Wood
737787,CLAY COUNTY,Wood
445518,CLAY COUNTY,Wood
758347,CLAY COUNTY,Masonry
195133,CLAY COUNTY,Wood
991548,CLAY COUNTY,Masonry
696936,CLAY COUNTY,Wood
393176,CLAY COUNTY,Wood
626647,CLAY COUNTY,Wood
915781,CLAY COUNTY,Masonry
827852,CLAY COUNTY,Wood
800420,CLAY COUNTY,Wood
728346,CLAY COUNTY,Reinforced Masonry
928642,CLAY COUNTY,Wood
442061,CLAY COUNTY,Wood
810826,CLAY COUNTY,Wood
336798,CLAY COUNTY,Wood
830917,CLAY COUNTY,Wood
984232,CLAY COUNTY,Masonry
203667,CLAY COUNTY,Wood
395084,CLAY COUNTY,Wood
869242,CLAY COUNTY,Wood
704537,CLAY COUNTY,Wood
692691,CLAY COUNTY,Wood
580758,CLAY COUNTY,Wood
515486,CLAY COUNTY,Wood
884079,CLAY COUNTY,Wood
491095,CLAY COUNTY,Masonry
579764,CLAY COUNTY,Wood
263177,CLAY COUNTY,Wood
710739,CLAY COUNTY,Wood
156129,CLAY COUNTY,Wood
178800,BRADFORD COUNTY,Wood
406073,BRADFORD COUNTY,Wood
450089,BRADFORD COUNTY,Wood
894206,NASSAU COUNTY,Wood
472007,NASSAU COUNTY,Masonry
500287,NASSAU COUNTY,Masonry
365732,NASSAU COUNTY,Wood
365145,NASSAU COUNTY,Wood
237841,NASSAU COUNTY,Wood
497561,NASSAU COUNTY,Wood
245837,NASSAU COUNTY,Masonry
732075,NASSAU COUNTY,Wood
657625,NASSAU COUNTY,Reinforced Masonry
790556,NASSAU COUNTY,Wood
207626,NASSAU COUNTY,Wood
902008,NASSAU COUNTY,Masonry
135936,HAMILTON COUNTY,Wood
997759,HAMILTON COUNTY,Wood
470224,HAMILTON COUNTY,Wood
367761,HAMILTON COUNTY,Wood
285586,HAMILTON COUNTY,Wood
122164,HAMILTON COUNTY,Wood
152913,HAMILTON COUNTY,Wood
655156,HAMILTON COUNTY,Wood
989201,HAMILTON COUNTY,Wood
207985,HAMILTON COUNTY,Wood
732449,HAMILTON COUNTY,Wood
665653,HAMILTON COUNTY,Wood
939634,HAMILTON COUNTY,Masonry
981796,HAMILTON COUNTY,Wood
269573,HAMILTON COUNTY,Wood
602123,HAMILTON COUNTY,Wood
336717,HAMILTON COUNTY,Wood
238449,HAMILTON COUNTY,Wood
530357,HAMILTON COUNTY,Wood
896911,HAMILTON COUNTY,Wood
391646,HAMILTON COUNTY,Wood
710345,HAMILTON COUNTY,Wood
944525,HAMILTON COUNTY,Wood
800878,HAMILTON COUNTY,Wood
866106,HAMILTON COUNTY,Wood
204794,HAMILTON COUNTY,Wood
849458,HAMILTON COUNTY,Wood
806471,HAMILTON COUNTY,Wood
464589,HAMILTON COUNTY,Wood
591943,UNION COUNTY,Masonry
973133,UNION COUNTY,Wood
743965,UNION COUNTY,Wood
528185,UNION COUNTY,Wood
219113,UNION COUNTY,Wood
376803,UNION COUNTY,Masonry
233559,COLUMBIA COUNTY,Masonry
579117,COLUMBIA COUNTY,Wood
517674,COLUMBIA COUNTY,Wood
980808,COLUMBIA COUNTY,Wood
143584,COLUMBIA COUNTY,Masonry
489643,COLUMBIA COUNTY,Masonry
986109,COLUMBIA COUNTY,Wood
654640,COLUMBIA COUNTY,Wood
700895,COLUMBIA COUNTY,Masonry
407962,COLUMBIA COUNTY,Steel Frame
494610,COLUMBIA COUNTY,Wood
744305,COLUMBIA COUNTY,Wood
512991,COLUMBIA COUNTY,Wood
507789,COLUMBIA COUNTY,Wood
186262,COLUMBIA COUNTY,Reinforced Masonry
978388,COLUMBIA COUNTY,Wood
784347,COLUMBIA COUNTY,Masonry
679408,COLUMBIA COUNTY,Wood
306619,COLUMBIA COUNTY,Wood
457004,COLUMBIA COUNTY,Wood
329255,COLUMBIA COUNTY,Wood
900892,COLUMBIA COUNTY,Wood
633241,COLUMBIA COUNTY,Wood
502372,COLUMBIA COUNTY,Wood
719075,COLUMBIA COUNTY,Wood
920786,COLUMBIA COUNTY,Wood
232605,COLUMBIA COUNTY,Wood
601984,COLUMBIA COUNTY,Wood
459878,COLUMBIA COUNTY,Wood
565530,COLUMBIA COUNTY,Masonry
202651,COLUMBIA COUNTY,Reinforced Masonry
909104,COLUMBIA COUNTY,Wood
872719,COLUMBIA COUNTY,Wood
997611,COLUMBIA COUNTY,Wood
519606,COLUMBIA COUNTY,Wood
624248,COLUMBIA COUNTY,Masonry
783767,COLUMBIA COUNTY,Wood
285479,COLUMBIA COUNTY,Wood
424793,COLUMBIA COUNTY,Wood
256213,COLUMBIA COUNTY,Wood
155199,COLUMBIA COUNTY,Wood
830871,COLUMBIA COUNTY,Wood
757768,COLUMBIA COUNTY,Wood
176583,COLUMBIA COUNTY,Wood
678864,COLUMBIA COUNTY,Wood
854000,COLUMBIA COUNTY,Wood
631978,COLUMBIA COUNTY,Wood
967058,COLUMBIA COUNTY,Wood
878374,COLUMBIA COUNTY,Wood
113053,COLUMBIA COUNTY,Wood
288738,COLUMBIA COUNTY,Wood
594369,COLUMBIA COUNTY,Wood
706890,COLUMBIA COUNTY,Wood
536032,COLUMBIA COUNTY,Wood
747825,COLUMBIA COUNTY,Wood
608124,COLUMBIA COUNTY,Wood
934739,COLUMBIA COUNTY,Wood
757078,COLUMBIA COUNTY,Wood
956518,COLUMBIA COUNTY,Wood
548584,COLUMBIA COUNTY,Wood
132904,COLUMBIA COUNTY,Wood
111857,COLUMBIA COUNTY,Wood
388383,COLUMBIA COUNTY,Wood
276410,BRADFORD COUNTY,Wood
546756,BRADFORD COUNTY,Wood
669229,MADISON COUNTY,Wood
766573,MADISON COUNTY,Wood
765578,MADISON COUNTY,Wood
166613,MADISON COUNTY,Reinforced Masonry
883261,MADISON COUNTY,Masonry
842655,MADISON COUNTY,Masonry
248167,SUWANNEE COUNTY,Masonry
976562,SUWANNEE COUNTY,Wood
620457,SUWANNEE COUNTY,Wood
336697,SUWANNEE COUNTY,Masonry
648295,SUWANNEE COUNTY,Wood
858080,SUWANNEE COUNTY,Wood
579910,SUWANNEE COUNTY,Masonry
735184,SUWANNEE COUNTY,Wood
420445,SUWANNEE COUNTY,Wood
373504,SUWANNEE COUNTY,Wood
266080,SUWANNEE COUNTY,Wood
178535,SUWANNEE COUNTY,Masonry
574531,BAKER COUNTY,Wood
606491,BAKER COUNTY,Wood
885991,BAKER COUNTY,Masonry
908170,BAKER COUNTY,Wood
487022,BAKER COUNTY,Masonry
723719,BAKER COUNTY,Wood
628922,BAKER COUNTY,Wood
232316,BAKER COUNTY,Reinforced Masonry
151933,BAKER COUNTY,Wood
225577,BAKER COUNTY,Wood
443296,BAKER COUNTY,Wood
747464,BAKER COUNTY,Masonry
548566,BAKER COUNTY,Wood
510281,BAKER COUNTY,Wood
481334,BAKER COUNTY,Wood
621142,BAKER COUNTY,Wood
907206,BAKER COUNTY,Wood
963412,BAKER COUNTY,Wood
561805,BAKER COUNTY,Wood
177053,BAKER COUNTY,Wood
888564,BAKER COUNTY,Wood
399592,BAKER COUNTY,Wood
616030,BAKER COUNTY,Wood
671336,BAKER COUNTY,Wood
914194,BAKER COUNTY,Wood
632104,BAKER COUNTY,Wood
895447,BAKER COUNTY,Wood
969519,BAKER COUNTY,Wood
149119,BAKER COUNTY,Wood
804466,BAKER COUNTY,Wood
688199,BAKER COUNTY,Wood
977912,BAKER COUNTY,Wood
312530,BAKER COUNTY,Wood
154572,BAKER COUNTY,Wood
299157,BAKER COUNTY,Wood
358433,BAKER COUNTY,Wood
131991,BAKER COUNTY,Masonry
844614,BAKER COUNTY,Wood
735501,BAKER COUNTY,Wood
703956,BAKER COUNTY,Masonry
547680,BAKER COUNTY,Wood
562722,BAKER COUNTY,Wood
820860,BAKER COUNTY,Wood
894562,BAKER COUNTY,Wood
577091,BAKER COUNTY,Wood
755818,BAKER COUNTY,Wood
839723,BAKER COUNTY,Wood
118899,BAKER COUNTY,Wood
612231,BAKER COUNTY,Wood
163526,BAKER COUNTY,Wood
278995,BAKER COUNTY,Wood
875706,BAKER COUNTY,Wood
712263,BAKER COUNTY,Wood
241888,BAKER COUNTY,Wood
115934,BAKER COUNTY,Masonry
214979,BAKER COUNTY,Wood
601369,BAKER COUNTY,Masonry
859735,BAKER COUNTY,Wood
868972,BAKER COUNTY,Wood
369631,BAKER COUNTY,Wood
130797,SUWANNEE COUNTY,Reinforced Masonry
770857,SUWANNEE COUNTY,Wood
834275,SUWANNEE COUNTY,Wood
102432,SUWANNEE COUNTY,Wood
776440,SUWANNEE COUNTY,Wood
945568,SUWANNEE COUNTY,Wood
132404,SUWANNEE COUNTY,Wood
395018,SUWANNEE COUNTY,Masonry
248575,SUWANNEE COUNTY,Masonry
812631,SUWANNEE COUNTY,Wood
220621,SUWANNEE COUNTY,Wood
139061,SUWANNEE COUNTY,Wood
419108,SUWANNEE COUNTY,Wood
391574,SUWANNEE COUNTY,Wood
449147,SUWANNEE COUNTY,Wood
998635,SUWANNEE COUNTY,Reinforced Concrete
437290,SUWANNEE COUNTY,Reinforced Masonry
395835,SUWANNEE COUNTY,Reinforced Masonry
613321,SUWANNEE COUNTY,Wood
865150,SUWANNEE COUNTY,Wood
635664,SUWANNEE COUNTY,Wood
529300,SUWANNEE COUNTY,Wood
430318,SUWANNEE COUNTY,Wood
441395,SUWANNEE COUNTY,Wood
294015,SUWANNEE COUNTY,Wood
950097,SUWANNEE COUNTY,Reinforced Masonry
110324,SUWANNEE COUNTY,Masonry
416938,SUWANNEE COUNTY,Masonry
586755,SUWANNEE COUNTY,Reinforced Masonry
863494,SUWANNEE COUNTY,Reinforced Masonry
574538,SUWANNEE COUNTY,Reinforced Masonry
514370,SUWANNEE COUNTY,Masonry
373414,SUWANNEE COUNTY,Wood
997019,SUWANNEE COUNTY,Wood
910144,SUWANNEE COUNTY,Wood
552357,SUWANNEE COUNTY,Wood
655342,SUWANNEE COUNTY,Wood
897773,SUWANNEE COUNTY,Wood
926390,SUWANNEE COUNTY,Wood
216408,SUWANNEE COUNTY,Masonry
548404,SUWANNEE COUNTY,Wood
206428,SUWANNEE COUNTY,Wood
292458,SUWANNEE COUNTY,Wood
919465,SUWANNEE COUNTY,Wood
630483,SUWANNEE COUNTY,Wood
825224,SUWANNEE COUNTY,Masonry
404295,SUWANNEE COUNTY,Wood
150387,SUWANNEE COUNTY,Wood
946844,SUWANNEE COUNTY,Wood
751897,SUWANNEE COUNTY,Reinforced Masonry
910845,SUWANNEE COUNTY,Wood
763316,SUWANNEE COUNTY,Wood
727002,SUWANNEE COUNTY,Wood
559336,SUWANNEE COUNTY,Wood
236251,SUWANNEE COUNTY,Wood
529747,SUWANNEE COUNTY,Wood
858323,SUWANNEE COUNTY,Masonry
158617,SUWANNEE COUNTY,Wood
334713,SUWANNEE COUNTY,Wood
318842,SUWANNEE COUNTY,Wood
649501,SUWANNEE COUNTY,Wood
445540,SUWANNEE COUNTY,Wood
371999,SUWANNEE COUNTY,Wood
218472,SUWANNEE COUNTY,Wood
580250,SUWANNEE COUNTY,Masonry
907556,SUWANNEE COUNTY,Masonry
327269,SUWANNEE COUNTY,Wood
892361,SUWANNEE COUNTY,Masonry
398442,SUWANNEE COUNTY,Wood
423598,SUWANNEE COUNTY,Wood
327184,SUWANNEE COUNTY,Wood
314582,SUWANNEE COUNTY,Reinforced Masonry
975779,SUWANNEE COUNTY,Wood
337568,SUWANNEE COUNTY,Reinforced Masonry
459597,SUWANNEE COUNTY,Wood
511988,SUWANNEE COUNTY,Wood
455917,SUWANNEE COUNTY,Masonry
304879,SUWANNEE COUNTY,Wood
881425,SUWANNEE COUNTY,Wood
208817,SUWANNEE COUNTY,Wood
918862,SUWANNEE COUNTY,Wood
523984,SUWANNEE COUNTY,Wood
226520,SUWANNEE COUNTY,Wood
413066,SUWANNEE COUNTY,Masonry
177491,SUWANNEE COUNTY,Wood
906786,SUWANNEE COUNTY,Wood
252960,SUWANNEE COUNTY,Reinforced Masonry
753041,SUWANNEE COUNTY,Wood
275656,SUWANNEE COUNTY,Reinforced Concrete
366151,SUWANNEE COUNTY,Masonry
143520,SUWANNEE COUNTY,Masonry
578715,SUWANNEE COUNTY,Wood
728171,SUWANNEE COUNTY,Wood
147189,SUWANNEE COUNTY,Masonry
626834,SUWANNEE COUNTY,Wood
840720,SUWANNEE COUNTY,Wood
911131,SUWANNEE COUNTY,Wood
814705,SUWANNEE COUNTY,Wood
896748,SUWANNEE COUNTY,Wood
640263,SUWANNEE COUNTY,Wood
756661,SUWANNEE COUNTY,Wood
267816,SUWANNEE COUNTY,Wood
876992,SUWANNEE COUNTY,Wood
866801,SUWANNEE COUNTY,Wood
135106,SUWANNEE COUNTY,Wood
995558,SUWANNEE COUNTY,Wood
577604,SUWANNEE COUNTY,Wood
334208,SUWANNEE COUNTY,Wood
601206,SUWANNEE COUNTY,Wood
335613,SUWANNEE COUNTY,Wood
586214,SUWANNEE COUNTY,Wood
645424,SUWANNEE COUNTY,Wood
584595,SUWANNEE COUNTY,Wood
924430,SUWANNEE COUNTY,Wood
842675,CLAY COUNTY,Wood
379599,CLAY COUNTY,Reinforced Masonry
280286,CLAY COUNTY,Reinforced Masonry
147622,CLAY COUNTY,Reinforced Concrete
592104,CLAY COUNTY,Wood
936914,CLAY COUNTY,Wood
689421,CLAY COUNTY,Wood
162509,CLAY COUNTY,Wood
205789,CLAY COUNTY,Wood
559033,CLAY COUNTY,Wood
411708,CLAY COUNTY,Wood
945341,CLAY COUNTY,Masonry
985128,CLAY COUNTY,Wood
859902,CLAY COUNTY,Masonry
767859,CLAY COUNTY,Wood
235747,CLAY COUNTY,Wood
644183,CLAY COUNTY,Wood
956443,CLAY COUNTY,Wood
278796,CLAY COUNTY,Wood
608556,CLAY COUNTY,Wood
454763,CLAY COUNTY,Wood
908461,CLAY COUNTY,Wood
333252,CLAY COUNTY,Wood
332105,CLAY COUNTY,Wood
874411,CLAY COUNTY,Wood
700665,CLAY COUNTY,Wood
582288,CLAY COUNTY,Wood
903047,CLAY COUNTY,Wood
446936,CLAY COUNTY,Wood
758257,CLAY COUNTY,Wood
205579,CLAY COUNTY,Wood
542261,CLAY COUNTY,Wood
467776,CLAY COUNTY,Wood
547808,CLAY COUNTY,Wood
148603,CLAY COUNTY,Wood
620151,CLAY COUNTY,Wood
423148,CLAY COUNTY,Wood
285805,CLAY COUNTY,Wood
666963,CLAY COUNTY,Wood
218058,CLAY COUNTY,Reinforced Concrete
824968,CLAY COUNTY,Masonry
583791,CLAY COUNTY,Wood
288895,CLAY COUNTY,Wood
622218,CLAY COUNTY,Reinforced Masonry
471679,CLAY COUNTY,Masonry
330603,CLAY COUNTY,Wood
340377,CLAY COUNTY,Wood
325580,CLAY COUNTY,Wood
355939,CLAY COUNTY,Wood
537551,CLAY COUNTY,Wood
817217,CLAY COUNTY,Wood
307610,CLAY COUNTY,Wood
934843,CLAY COUNTY,Wood
479633,CLAY COUNTY,Wood
261810,CLAY COUNTY,Wood
251498,CLAY COUNTY,Wood
652676,CLAY COUNTY,Wood
430162,CLAY COUNTY,Wood
107565,CLAY COUNTY,Wood
137773,CLAY COUNTY,Wood
150881,CLAY COUNTY,Reinforced Masonry
818305,CLAY COUNTY,Masonry
772993,CLAY COUNTY,Wood
335686,CLAY COUNTY,Wood
354163,CLAY COUNTY,Wood
131859,CLAY COUNTY,Masonry
102237,CLAY COUNTY,Wood
496689,CLAY COUNTY,Wood
386266,CLAY COUNTY,Wood
189496,CLAY COUNTY,Masonry
448454,CLAY COUNTY,Wood
152055,CLAY COUNTY,Wood
516954,CLAY COUNTY,Masonry
346222,LAFAYETTE COUNTY,Wood
827364,LAFAYETTE COUNTY,Masonry
865575,LAFAYETTE COUNTY,Wood
666784,LAFAYETTE COUNTY,Masonry
908304,LAFAYETTE COUNTY,Wood
724035,LAFAYETTE COUNTY,Wood
616507,LAFAYETTE COUNTY,Wood
743467,LAFAYETTE COUNTY,Wood
542565,LAFAYETTE COUNTY,Wood
666420,LAFAYETTE COUNTY,Wood
716343,LAFAYETTE COUNTY,Wood
166243,LAFAYETTE COUNTY,Wood
869527,LAFAYETTE COUNTY,Wood
793316,LAFAYETTE COUNTY,Wood
525660,LAFAYETTE COUNTY,Wood
228542,LAFAYETTE COUNTY,Wood
345892,LAFAYETTE COUNTY,Wood
235832,LAFAYETTE COUNTY,Wood
710139,LAFAYETTE COUNTY,Wood
352426,LAFAYETTE COUNTY,Wood
384442,LAFAYETTE COUNTY,Masonry
286876,LAFAYETTE COUNTY,Masonry
300150,LAFAYETTE COUNTY,Masonry
604759,LAFAYETTE COUNTY,Masonry
374411,LAFAYETTE COUNTY,Wood
447691,LAFAYETTE COUNTY,Wood
735405,LAFAYETTE COUNTY,Wood
476328,LAFAYETTE COUNTY,Wood
188892,LAFAYETTE COUNTY,Wood
738918,LAFAYETTE COUNTY,Wood
320338,LAFAYETTE COUNTY,Wood
443947,LAFAYETTE COUNTY,Wood
167317,LAFAYETTE COUNTY,Wood
430437,LAFAYETTE COUNTY,Wood
873593,LAFAYETTE COUNTY,Wood
653808,LAFAYETTE COUNTY,Wood
122734,LAFAYETTE COUNTY,Wood
603486,LAFAYETTE COUNTY,Wood
855783,LAFAYETTE COUNTY,Wood
379870,LAFAYETTE COUNTY,Wood
536577,LAFAYETTE COUNTY,Wood
178873,LAFAYETTE COUNTY,Wood
300562,LAFAYETTE COUNTY,Masonry
555619,LAFAYETTE COUNTY,Masonry
758060,LAFAYETTE COUNTY,Masonry
489526,LAFAYETTE COUNTY,Masonry
861565,LAFAYETTE COUNTY,Masonry
692765,LAFAYETTE COUNTY,Masonry
428588,LAFAYETTE COUNTY,Wood
116583,LAFAYETTE COUNTY,Wood
779587,LAFAYETTE COUNTY,Wood
827888,LAFAYETTE COUNTY,Wood
983194,LAFAYETTE COUNTY,Wood
549068,LAFAYETTE COUNTY,Wood
116416,LAFAYETTE COUNTY,Wood
787983,LAFAYETTE COUNTY,Wood
473317,LAFAYETTE COUNTY,Masonry
139920,LAFAYETTE COUNTY,Wood
464379,LAFAYETTE COUNTY,Wood
110577,LAFAYETTE COUNTY,Wood
964532,LAFAYETTE COUNTY,Wood
783365,LAFAYETTE COUNTY,Wood
243580,LAFAYETTE COUNTY,Wood
936931,LAFAYETTE COUNTY,Wood
464273,LAFAYETTE COUNTY,Wood
142893,LAFAYETTE COUNTY,Wood
583948,LAFAYETTE COUNTY,Masonry
466262,LAFAYETTE COUNTY,Masonry
868179,CLAY COUNTY,Wood
368509,CLAY COUNTY,Wood
825334,CLAY COUNTY,Wood
584286,CLAY COUNTY,Wood
426369,CLAY COUNTY,Wood
621175,CLAY COUNTY,Wood
740683,CLAY COUNTY,Masonry
974438,CLAY COUNTY,Wood
443137,CLAY COUNTY,Masonry
174313,CLAY COUNTY,Wood
515429,CLAY COUNTY,Masonry
168714,CLAY COUNTY,Masonry
967565,CLAY COUNTY,Masonry
216270,CLAY COUNTY,Masonry
650875,CLAY COUNTY,Reinforced Masonry
971511,CLAY COUNTY,Wood
413953,CLAY COUNTY,Wood
450658,CLAY COUNTY,Wood
228299,CLAY COUNTY,Wood
717202,CLAY COUNTY,Wood
772804,CLAY COUNTY,Reinforced Masonry
932466,CLAY COUNTY,Reinforced Masonry
533299,CLAY COUNTY,Wood
284003,CLAY COUNTY,Wood
205704,CLAY COUNTY,Wood
346837,CLAY COUNTY,Wood
371665,CLAY COUNTY,Wood
574882,CLAY COUNTY,Masonry
110888,CLAY COUNTY,Masonry
375055,BAKER COUNTY,Masonry
482716,BAKER COUNTY,Wood
603519,BAKER COUNTY,Wood
268570,BAKER COUNTY,Wood
820558,CLAY COUNTY,Reinforced Masonry
498729,CLAY COUNTY,Wood
950716,CLAY COUNTY,Reinforced Masonry
128894,CLAY COUNTY,Masonry
881492,CLAY COUNTY,Masonry
321346,CLAY COUNTY,Masonry
581291,CLAY COUNTY,Masonry
370644,CLAY COUNTY,Masonry
545031,CLAY COUNTY,Masonry
201089,CLAY COUNTY,Masonry
790967,CLAY COUNTY,Masonry
558007,CLAY COUNTY,Masonry
125552,CLAY COUNTY,Masonry
527643,CLAY COUNTY,Masonry
110872,CLAY COUNTY,Masonry
893113,CLAY COUNTY,Masonry
575211,CLAY COUNTY,Masonry
665536,CLAY COUNTY,Wood
273487,CLAY COUNTY,Wood
280674,CLAY COUNTY,Wood
248341,CLAY COUNTY,Wood
113250,CLAY COUNTY,Wood
430658,CLAY COUNTY,Masonry
449510,CLAY COUNTY,Masonry
814098,CLAY COUNTY,Wood
491496,CLAY COUNTY,Masonry
519546,CLAY COUNTY,Reinforced Concrete
399722,CLAY COUNTY,Masonry
898714,CLAY COUNTY,Reinforced Concrete
284335,CLAY COUNTY,Masonry
328660,CLAY COUNTY,Wood
939217,CLAY COUNTY,Wood
312341,CLAY COUNTY,Wood
851500,CLAY COUNTY,Wood
206063,CLAY COUNTY,Masonry
911054,CLAY COUNTY,Wood
990316,CLAY COUNTY,Wood
998798,CLAY COUNTY,Wood
743895,CLAY COUNTY,Wood
183291,CLAY COUNTY,Wood
762494,CLAY COUNTY,Wood
614159,CLAY COUNTY,Wood
313157,CLAY COUNTY,Wood
549388,CLAY COUNTY,Wood
381206,CLAY COUNTY,Wood
903839,CLAY COUNTY,Wood
484007,CLAY COUNTY,Masonry
758694,CLAY COUNTY,Wood
718473,CLAY COUNTY,Wood
310500,CLAY COUNTY,Masonry
951965,CLAY COUNTY,Wood
686067,CLAY COUNTY,Masonry
630246,CLAY COUNTY,Masonry
960864,CLAY COUNTY,Wood
368093,CLAY COUNTY,Wood
596039,CLAY COUNTY,Wood
793688,CLAY COUNTY,Wood
655727,CLAY COUNTY,Wood
203305,CLAY COUNTY,Masonry
625673,CLAY COUNTY,Wood
484687,CLAY COUNTY,Wood
745529,CLAY COUNTY,Wood
595624,CLAY COUNTY,Wood
901277,CLAY COUNTY,Masonry
986412,CLAY COUNTY,Wood
555955,CLAY COUNTY,Wood
817829,CLAY COUNTY,Reinforced Masonry
447682,CLAY COUNTY,Wood
791246,CLAY COUNTY,Wood
828195,CLAY COUNTY,Masonry
349231,CLAY COUNTY,Masonry
327231,CLAY COUNTY,Masonry
157885,CLAY COUNTY,Wood
480677,CLAY COUNTY,Wood
469669,CLAY COUNTY,Wood
162340,CLAY COUNTY,Wood
368883,CLAY COUNTY,Wood
823110,CLAY COUNTY,Wood
805930,CLAY COUNTY,Wood
615055,CLAY COUNTY,Wood
510571,CLAY COUNTY,Masonry
599636,CLAY COUNTY,Wood
252174,CLAY COUNTY,Wood
801148,CLAY COUNTY,Wood
793447,CLAY COUNTY,Wood
787827,CLAY COUNTY,Masonry
970645,CLAY COUNTY,Masonry
829730,CLAY COUNTY,Reinforced Concrete
693967,CLAY COUNTY,Masonry
780380,CLAY COUNTY,Reinforced Masonry
816959,CLAY COUNTY,Wood
575231,CLAY COUNTY,Masonry
625865,CLAY COUNTY,Wood
132961,CLAY COUNTY,Reinforced Masonry
418645,CLAY COUNTY,Wood
451133,CLAY COUNTY,Wood
688245,CLAY COUNTY,Wood
516626,CLAY COUNTY,Wood
529970,ST  JOHNS COUNTY,Masonry
884768,ST  JOHNS COUNTY,Masonry
163481,ST  JOHNS COUNTY,Masonry
758210,ST  JOHNS COUNTY,Reinforced Masonry
249945,ST  JOHNS COUNTY,Wood
805642,ST  JOHNS COUNTY,Wood
240151,ST  JOHNS COUNTY,Wood
144321,ST  JOHNS COUNTY,Wood
872373,ST  JOHNS COUNTY,Wood
775283,ST  JOHNS COUNTY,Wood
138616,ST  JOHNS COUNTY,Wood
397202,ST  JOHNS COUNTY,Wood
758276,ST  JOHNS COUNTY,Wood
217068,ST  JOHNS COUNTY,Wood
627387,ST  JOHNS COUNTY,Wood
611518,ST  JOHNS COUNTY,Wood
474581,ST  JOHNS COUNTY,Wood
581062,ST  JOHNS COUNTY,Wood
242620,ST  JOHNS COUNTY,Masonry
599189,ST  JOHNS COUNTY,Wood
240859,ST  JOHNS COUNTY,Masonry
392938,ST  JOHNS COUNTY,Masonry
868280,ST  JOHNS COUNTY,Masonry
640979,ST  JOHNS COUNTY,Masonry
924750,ST  JOHNS COUNTY,Wood
753749,FLAGLER COUNTY,Wood
218910,ST  JOHNS COUNTY,Masonry
716300,ST  JOHNS COUNTY,Wood
592140,ST  JOHNS COUNTY,Reinforced Masonry
405514,ST  JOHNS COUNTY,Reinforced Concrete
201544,ST  JOHNS COUNTY,Masonry
952351,ST  JOHNS COUNTY,Wood
453419,ST  JOHNS COUNTY,Wood
636902,ST  JOHNS COUNTY,Wood
836032,ST  JOHNS COUNTY,Wood
587845,ST  JOHNS COUNTY,Wood
268554,ST  JOHNS COUNTY,Wood
218318,ST  JOHNS COUNTY,Wood
429098,ST  JOHNS COUNTY,Wood
904790,ST  JOHNS COUNTY,Wood
341035,ST  JOHNS COUNTY,Wood
766044,ST  JOHNS COUNTY,Wood
900080,ST  JOHNS COUNTY,Masonry
736640,ST  JOHNS COUNTY,Wood
876566,ST  JOHNS COUNTY,Wood
937515,ST  JOHNS COUNTY,Wood
123359,ST  JOHNS COUNTY,Wood
147295,ST  JOHNS COUNTY,Masonry
638119,ST  JOHNS COUNTY,Wood
686788,ST  JOHNS COUNTY,Wood
293065,ST  JOHNS COUNTY,Reinforced Masonry
180193,ST  JOHNS COUNTY,Masonry
772617,ST  JOHNS COUNTY,Wood
403715,ST  JOHNS COUNTY,Wood
361295,ST  JOHNS COUNTY,Wood
927744,ST  JOHNS COUNTY,Wood
216775,ST  JOHNS COUNTY,Wood
594385,ST  JOHNS COUNTY,Wood
197723,ST  JOHNS COUNTY,Wood
578894,ST  JOHNS COUNTY,Wood
768448,ST  JOHNS COUNTY,Wood
481388,ST  JOHNS COUNTY,Wood
313664,ST  JOHNS COUNTY,Wood
731719,ST  JOHNS COUNTY,Wood
308578,ST  JOHNS COUNTY,Wood
121709,ST  JOHNS COUNTY,Wood
716004,ST  JOHNS COUNTY,Wood
661496,ST  JOHNS COUNTY,Wood
612626,ST  JOHNS COUNTY,Wood
352290,ST  JOHNS COUNTY,Wood
400096,ST  JOHNS COUNTY,Wood
940268,ST  JOHNS COUNTY,Wood
301031,ST  JOHNS COUNTY,Wood
217378,ST  JOHNS COUNTY,Wood
455667,ST  JOHNS COUNTY,Wood
780296,ST  JOHNS COUNTY,Wood
889509,ST  JOHNS COUNTY,Wood
543467,ST  JOHNS COUNTY,Wood
898563,ST  JOHNS COUNTY,Wood
453122,ST  JOHNS COUNTY,Wood
892997,ST  JOHNS COUNTY,Wood
406909,ST  JOHNS COUNTY,Wood
597721,ST  JOHNS COUNTY,Wood
413465,ST  JOHNS COUNTY,Wood
505886,ST  JOHNS COUNTY,Wood
989269,ST  JOHNS COUNTY,Wood
724533,ST  JOHNS COUNTY,Reinforced Concrete
113070,ST  JOHNS COUNTY,Masonry
246966,ST  JOHNS COUNTY,Wood
270693,ST  JOHNS COUNTY,Masonry
171637,ST  JOHNS COUNTY,Reinforced Masonry
931285,ST  JOHNS COUNTY,Masonry
958269,ST  JOHNS COUNTY,Wood
479436,ST  JOHNS COUNTY,Wood
603012,ST  JOHNS COUNTY,Masonry
745546,ST  JOHNS COUNTY,Wood
675553,ST  JOHNS COUNTY,Wood
259171,ST  JOHNS COUNTY,Wood
225244,ST  JOHNS COUNTY,Wood
845968,ST  JOHNS COUNTY,Wood
138896,ST  JOHNS COUNTY,Wood
333908,ST  JOHNS COUNTY,Wood
691453,ST  JOHNS COUNTY,Wood
575150,ST  JOHNS COUNTY,Wood
439688,ST  JOHNS COUNTY,Wood
921842,ST  JOHNS COUNTY,Wood
435330,ST  JOHNS COUNTY,Wood
132865,ST  JOHNS COUNTY,Wood
642061,UNION COUNTY,Wood
623689,UNION COUNTY,Masonry
992919,ST  JOHNS COUNTY,Masonry
569166,ST  JOHNS COUNTY,Wood
951214,ST  JOHNS COUNTY,Wood
365016,ST  JOHNS COUNTY,Wood
992740,ST  JOHNS COUNTY,Wood
739949,ST  JOHNS COUNTY,Wood
874599,ST  JOHNS COUNTY,Masonry
860965,ST  JOHNS COUNTY,Wood
330165,ST  JOHNS COUNTY,Wood
650181,ST  JOHNS COUNTY,Wood
749222,ST  JOHNS COUNTY,Wood
178508,ST  JOHNS COUNTY,Wood
398028,ST  JOHNS COUNTY,Wood
559266,ST  JOHNS COUNTY,Wood
705300,ST  JOHNS COUNTY,Wood
536447,ST  JOHNS COUNTY,Wood
158793,ST  JOHNS COUNTY,Reinforced Concrete
831984,ST  JOHNS COUNTY,Reinforced Masonry
963320,ST  JOHNS COUNTY,Wood
107299,ST  JOHNS COUNTY,Wood
605850,ST  JOHNS COUNTY,Wood
395298,ST  JOHNS COUNTY,Wood
670035,ST  JOHNS COUNTY,Wood
625216,ST  JOHNS COUNTY,Reinforced Masonry
397233,ST  JOHNS COUNTY,Masonry
167116,ST  JOHNS COUNTY,Wood
451362,ST  JOHNS COUNTY,Masonry
136213,ST  JOHNS COUNTY,Wood
582888,ST  JOHNS COUNTY,Wood
771693,ST  JOHNS COUNTY,Wood
441366,ST  JOHNS COUNTY,Reinforced Masonry
647091,ST  JOHNS COUNTY,Wood
601572,ST  JOHNS COUNTY,Wood
698704,ST  JOHNS COUNTY,Wood
513996,ST  JOHNS COUNTY,Wood
231209,ST  JOHNS COUNTY,Wood
684474,ST  JOHNS COUNTY,Wood
862827,ST  JOHNS COUNTY,Wood
203365,ST  JOHNS COUNTY,Wood
389215,ST  JOHNS COUNTY,Wood
748106,ST  JOHNS COUNTY,Wood
998686,ST  JOHNS COUNTY,Wood
917134,ST  JOHNS COUNTY,Wood
854991,ST  JOHNS COUNTY,Wood
270478,ST  JOHNS COUNTY,Wood
791159,ST  JOHNS COUNTY,Masonry
381856,ST  JOHNS COUNTY,Wood
862845,ST  JOHNS COUNTY,Wood
650764,ST  JOHNS COUNTY,Wood
799393,ST  JOHNS COUNTY,Wood
668169,ST  JOHNS COUNTY,Wood
409123,ST  JOHNS COUNTY,Wood
437215,ST  JOHNS COUNTY,Wood
416022,ST  JOHNS COUNTY,Wood
198890,ST  JOHNS COUNTY,Wood
109952,ST  JOHNS COUNTY,Wood
706975,ST  JOHNS COUNTY,Wood
231215,ST  JOHNS COUNTY,Wood
195370,ST  JOHNS COUNTY,Wood
498459,ST  JOHNS COUNTY,Wood
437327,ST  JOHNS COUNTY,Wood
125310,ST  JOHNS COUNTY,Wood
841542,ST  JOHNS COUNTY,Wood
609192,ST  JOHNS COUNTY,Wood
436819,ST  JOHNS COUNTY,Wood
404396,ST  JOHNS COUNTY,Wood
675631,ST  JOHNS COUNTY,Wood
875517,ST  JOHNS COUNTY,Wood
122968,ST  JOHNS COUNTY,Wood
462865,ST  JOHNS COUNTY,Wood
762271,ST  JOHNS COUNTY,Reinforced Masonry
118657,ST  JOHNS COUNTY,Wood
680967,ST  JOHNS COUNTY,Wood
235283,ST  JOHNS COUNTY,Wood
978723,ST  JOHNS COUNTY,Wood
553660,ST  JOHNS COUNTY,Wood
373053,ST  JOHNS COUNTY,Wood
539364,ST  JOHNS COUNTY,Wood
803437,ST  JOHNS COUNTY,Reinforced Concrete
128242,ST  JOHNS COUNTY,Wood
946299,ST  JOHNS COUNTY,Wood
526205,ST  JOHNS COUNTY,Wood
236986,ST  JOHNS COUNTY,Wood
189489,ST  JOHNS COUNTY,Wood
707198,ST  JOHNS COUNTY,Wood
576623,ST  JOHNS COUNTY,Wood
183496,ST  JOHNS COUNTY,Wood
380278,ST  JOHNS COUNTY,Wood
973374,ST  JOHNS COUNTY,Wood
949520,ST  JOHNS COUNTY,Wood
261179,ST  JOHNS COUNTY,Wood
519120,ST  JOHNS COUNTY,Wood
878456,ST  JOHNS COUNTY,Wood
786881,ST  JOHNS COUNTY,Wood
378835,ST  JOHNS COUNTY,Wood
725244,ST  JOHNS COUNTY,Wood
130019,ST  JOHNS COUNTY,Wood
512917,ST  JOHNS COUNTY,Wood
357588,ST  JOHNS COUNTY,Wood
499308,ST  JOHNS COUNTY,Wood
980137,ST  JOHNS COUNTY,Wood
569071,ST  JOHNS COUNTY,Wood
964046,ST  JOHNS COUNTY,Wood
407793,ST  JOHNS COUNTY,Wood
122489,ST  JOHNS COUNTY,Masonry
380501,ST  JOHNS COUNTY,Wood
442434,ST  JOHNS COUNTY,Wood
296989,ST  JOHNS COUNTY,Wood
888060,ST  JOHNS COUNTY,Wood
633291,ST  JOHNS COUNTY,Wood
574669,ST  JOHNS COUNTY,Wood
406476,ST  JOHNS COUNTY,Wood
511659,ST  JOHNS COUNTY,Wood
640168,ST  JOHNS COUNTY,Wood
879768,ST  JOHNS COUNTY,Wood
930040,ST  JOHNS COUNTY,Wood
599300,ST  JOHNS COUNTY,Wood
670732,ST  JOHNS COUNTY,Reinforced Concrete
399700,ST  JOHNS COUNTY,Wood
514895,ST  JOHNS COUNTY,Wood
111328,ST  JOHNS COUNTY,Wood
835575,ST  JOHNS COUNTY,Wood
931096,ST  JOHNS COUNTY,Wood
667421,ST  JOHNS COUNTY,Wood
376640,ST  JOHNS COUNTY,Wood
298326,ST  JOHNS COUNTY,Wood
360789,ST  JOHNS COUNTY,Wood
884365,ST  JOHNS COUNTY,Wood
994959,ST  JOHNS COUNTY,Reinforced Concrete
783989,ST  JOHNS COUNTY,Wood
295393,ST  JOHNS COUNTY,Wood
863621,ST  JOHNS COUNTY,Wood
555963,ST  JOHNS COUNTY,Wood
188565,ST  JOHNS COUNTY,Wood
449286,ST  JOHNS COUNTY,Wood
435175,ST  JOHNS COUNTY,Wood
873404,ST  JOHNS COUNTY,Wood
464220,ST  JOHNS COUNTY,Wood
916914,ST  JOHNS COUNTY,Wood
291833,ST  JOHNS COUNTY,Wood
255895,ST  JOHNS COUNTY,Masonry
791510,ST  JOHNS COUNTY,Masonry
637980,ST  JOHNS COUNTY,Wood
941716,ST  JOHNS COUNTY,Wood
459212,ST  JOHNS COUNTY,Reinforced Masonry
892568,ST  JOHNS COUNTY,Reinforced Masonry
301816,ST  JOHNS COUNTY,Wood
157792,ST  JOHNS COUNTY,Wood
647230,ST  JOHNS COUNTY,Reinforced Masonry
475305,ST  JOHNS COUNTY,Wood
375580,ST  JOHNS COUNTY,Wood
979654,ST  JOHNS COUNTY,Wood
921392,ST  JOHNS COUNTY,Wood
408811,ST  JOHNS COUNTY,Wood
281805,ST  JOHNS COUNTY,Masonry
757566,ST  JOHNS COUNTY,Reinforced Concrete
117339,ST  JOHNS COUNTY,Wood
736974,ST  JOHNS COUNTY,Masonry
487567,ST  JOHNS COUNTY,Masonry
548600,ST  JOHNS COUNTY,Reinforced Masonry
144572,ST  JOHNS COUNTY,Masonry
749121,ST  JOHNS COUNTY,Wood
523825,ST  JOHNS COUNTY,Masonry
635004,ST  JOHNS COUNTY,Masonry
462386,ST  JOHNS COUNTY,Masonry
385025,ST  JOHNS COUNTY,Masonry
639695,ST  JOHNS COUNTY,Masonry
864004,ST  JOHNS COUNTY,Wood
722782,ST  JOHNS COUNTY,Wood
112287,ST  JOHNS COUNTY,Wood
106762,ST  JOHNS COUNTY,Masonry
506991,ST  JOHNS COUNTY,Masonry
762146,ST  JOHNS COUNTY,Masonry
114301,ST  JOHNS COUNTY,Wood
562126,ST  JOHNS COUNTY,Reinforced Masonry
585198,ST  JOHNS COUNTY,Wood
253679,ST  JOHNS COUNTY,Reinforced Masonry
445604,ST  JOHNS COUNTY,Reinforced Concrete
413464,ST  JOHNS COUNTY,Wood
190995,ST  JOHNS COUNTY,Wood
202119,ST  JOHNS COUNTY,Wood
649647,ST  JOHNS COUNTY,Wood
884533,ST  JOHNS COUNTY,Wood
335413,ST  JOHNS COUNTY,Wood
993817,ST  JOHNS COUNTY,Wood
870532,ST  JOHNS COUNTY,Wood
545979,ST  JOHNS COUNTY,Wood
859457,ST  JOHNS COUNTY,Wood
355302,ST  JOHNS COUNTY,Wood
483553,ST  JOHNS COUNTY,Wood
370205,ST  JOHNS COUNTY,Wood
891996,ST  JOHNS COUNTY,Wood
927742,ST  JOHNS COUNTY,Wood
168150,ST  JOHNS COUNTY,Wood
624584,ST  JOHNS COUNTY,Wood
516745,ST  JOHNS COUNTY,Wood
454696,ST  JOHNS COUNTY,Wood
740371,ST  JOHNS COUNTY,Wood
932402,ST  JOHNS COUNTY,Wood
303989,ST  JOHNS COUNTY,Wood
360717,ST  JOHNS COUNTY,Wood
778894,ST  JOHNS COUNTY,Wood
434500,ST  JOHNS COUNTY,Wood
748017,ST  JOHNS COUNTY,Wood
465519,ST  JOHNS COUNTY,Wood
163798,ST  JOHNS COUNTY,Wood
906567,ST  JOHNS COUNTY,Wood
590757,ST  JOHNS COUNTY,Wood
313089,ST  JOHNS COUNTY,Wood
983962,ST  JOHNS COUNTY,Wood
132292,ST  JOHNS COUNTY,Wood
237087,ST  JOHNS COUNTY,Wood
694928,ST  JOHNS COUNTY,Wood
223304,ST  JOHNS COUNTY,Wood
784993,ST  JOHNS COUNTY,Wood
597925,ST  JOHNS COUNTY,Wood
239592,ST  JOHNS COUNTY,Wood
543820,ST  JOHNS COUNTY,Wood
894167,ST  JOHNS COUNTY,Wood
550003,ST  JOHNS COUNTY,Masonry
483888,ST  JOHNS COUNTY,Wood
826944,ST  JOHNS COUNTY,Masonry
100929,ST  JOHNS COUNTY,Masonry
540121,ST  JOHNS COUNTY,Masonry
952268,ST  JOHNS COUNTY,Reinforced Masonry
924229,ST  JOHNS COUNTY,Reinforced Masonry
256211,ST  JOHNS COUNTY,Masonry
219411,ST  JOHNS COUNTY,Reinforced Masonry
575720,BAKER COUNTY,Wood
313165,BAKER COUNTY,Wood
711976,BAKER COUNTY,Wood
568643,BAKER COUNTY,Wood
183849,BRADFORD COUNTY,Reinforced Concrete
832860,BRADFORD COUNTY,Masonry
868988,BRADFORD COUNTY,Wood
483711,BRADFORD COUNTY,Wood
171938,BRADFORD COUNTY,Wood
603099,BRADFORD COUNTY,Wood
122151,BRADFORD COUNTY,Reinforced Masonry
492456,BRADFORD COUNTY,Wood
978224,BRADFORD COUNTY,Wood
914938,BRADFORD COUNTY,Wood
753857,BRADFORD COUNTY,Masonry
254771,BRADFORD COUNTY,Wood
175297,BRADFORD COUNTY,Wood
979257,BRADFORD COUNTY,Wood
887054,BRADFORD COUNTY,Wood
406287,BRADFORD COUNTY,Wood
538584,BRADFORD COUNTY,Wood
204117,BRADFORD COUNTY,Wood
593152,BRADFORD COUNTY,Wood
556621,BRADFORD COUNTY,Wood
678201,BRADFORD COUNTY,Wood
944295,BRADFORD COUNTY,Wood
653499,BRADFORD COUNTY,Wood
936566,CLAY COUNTY,Masonry
447164,CLAY COUNTY,Wood
634360,BRADFORD COUNTY,Masonry
145948,ST  JOHNS COUNTY,Wood
103158,ST  JOHNS COUNTY,Wood
521338,ST  JOHNS COUNTY,Wood
486769,ST  JOHNS COUNTY,Wood
169678,ST  JOHNS COUNTY,Wood
353768,ST  JOHNS COUNTY,Wood
118356,ST  JOHNS COUNTY,Wood
375387,ST  JOHNS COUNTY,Wood
884077,ST  JOHNS COUNTY,Wood
311926,ST  JOHNS COUNTY,Reinforced Masonry
945129,ST  JOHNS COUNTY,Wood
117329,ST  JOHNS COUNTY,Masonry
921952,ST  JOHNS COUNTY,Wood
150263,ST  JOHNS COUNTY,Wood
398144,ST  JOHNS COUNTY,Wood
414086,ST  JOHNS COUNTY,Wood
349098,ST  JOHNS COUNTY,Wood
255714,ST  JOHNS COUNTY,Wood
499205,ST  JOHNS COUNTY,Wood
385962,ST  JOHNS COUNTY,Wood
445381,ST  JOHNS COUNTY,Wood
453104,ST  JOHNS COUNTY,Wood
115845,ST  JOHNS COUNTY,Wood
288494,ST  JOHNS COUNTY,Wood
437659,ST  JOHNS COUNTY,Wood
721230,ST  JOHNS COUNTY,Wood
807857,ST  JOHNS COUNTY,Wood
414917,ST  JOHNS COUNTY,Wood
380114,ST  JOHNS COUNTY,Wood
501405,ST  JOHNS COUNTY,Wood
989701,ST  JOHNS COUNTY,Masonry
779882,ST  JOHNS COUNTY,Wood
891094,ST  JOHNS COUNTY,Wood
918544,ST  JOHNS COUNTY,Wood
586838,ST  JOHNS COUNTY,Wood
159854,ST  JOHNS COUNTY,Wood
658231,ST  JOHNS COUNTY,Wood
508110,ST  JOHNS COUNTY,Reinforced Concrete
403228,ST  JOHNS COUNTY,Wood
594354,ST  JOHNS COUNTY,Wood
210518,ST  JOHNS COUNTY,Wood
766511,ST  JOHNS COUNTY,Wood
890294,ST  JOHNS COUNTY,Wood
213481,ST  JOHNS COUNTY,Wood
695462,ST  JOHNS COUNTY,Reinforced Concrete
927116,ST  JOHNS COUNTY,Wood
924212,ST  JOHNS COUNTY,Wood
852064,ST  JOHNS COUNTY,Wood
664212,ST  JOHNS COUNTY,Wood
662676,ST  JOHNS COUNTY,Wood
683665,ST  JOHNS COUNTY,Wood
376560,ST  JOHNS COUNTY,Wood
427608,ST  JOHNS COUNTY,Wood
665613,ST  JOHNS COUNTY,Wood
393299,ST  JOHNS COUNTY,Masonry
770045,ST  JOHNS COUNTY,Masonry
327042,ST  JOHNS COUNTY,Wood
675862,ST  JOHNS COUNTY,Masonry
801785,ST  JOHNS COUNTY,Reinforced Masonry
609418,ST  JOHNS COUNTY,Masonry
375036,ST  JOHNS COUNTY,Masonry
596422,ST  JOHNS COUNTY,Masonry
658164,ST  JOHNS COUNTY,Masonry
986262,ST  JOHNS COUNTY,Wood
943849,ST  JOHNS COUNTY,Wood
933588,ST  JOHNS COUNTY,Wood
606258,ST  JOHNS COUNTY,Wood
589802,ST  JOHNS COUNTY,Masonry
528400,ST  JOHNS COUNTY,Wood
718093,ST  JOHNS COUNTY,Wood
727040,ST  JOHNS COUNTY,Wood
953534,ST  JOHNS COUNTY,Masonry
299937,ST  JOHNS COUNTY,Masonry
167723,ST  JOHNS COUNTY,Wood
657135,ST  JOHNS COUNTY,Wood
206044,ST  JOHNS COUNTY,Masonry
710264,ST  JOHNS COUNTY,Wood
996566,ST  JOHNS COUNTY,Masonry
669136,ST  JOHNS COUNTY,Wood
677947,SUWANNEE COUNTY,Wood
516454,SUWANNEE COUNTY,Wood
123859,ST  JOHNS COUNTY,Reinforced Masonry
248415,ST  JOHNS COUNTY,Masonry
958827,ST  JOHNS COUNTY,Reinforced Masonry
393324,ST  JOHNS COUNTY,Wood
415961,ST  JOHNS COUNTY,Wood
885257,ST  JOHNS COUNTY,Wood
793227,ST  JOHNS COUNTY,Masonry
971567,ST  JOHNS COUNTY,Wood
195562,ST  JOHNS COUNTY,Wood
220013,ST  JOHNS COUNTY,Wood
214533,ST  JOHNS COUNTY,Wood
630518,ST  JOHNS COUNTY,Reinforced Concrete
547227,ST  JOHNS COUNTY,Wood
268608,ST  JOHNS COUNTY,Wood
427338,ST  JOHNS COUNTY,Wood
810947,ST  JOHNS COUNTY,Wood
570960,ST  JOHNS COUNTY,Wood
719610,ST  JOHNS COUNTY,Wood
342194,ST  JOHNS COUNTY,Wood
894790,ST  JOHNS COUNTY,Wood
946791,ST  JOHNS COUNTY,Wood
800975,ST  JOHNS COUNTY,Wood
211065,ST  JOHNS COUNTY,Wood
349477,ST  JOHNS COUNTY,Wood
452100,ST  JOHNS COUNTY,Wood
340300,ST  JOHNS COUNTY,Wood
268376,ST  JOHNS COUNTY,Wood
958241,ST  JOHNS COUNTY,Wood
540993,ST  JOHNS COUNTY,Wood
272822,ST  JOHNS COUNTY,Masonry
404015,ST  JOHNS COUNTY,Wood
985604,ST  JOHNS COUNTY,Reinforced Masonry
781066,ST  JOHNS COUNTY,Reinforced Masonry
360718,ST  JOHNS COUNTY,Wood
999732,ST  JOHNS COUNTY,Wood
596037,ST  JOHNS COUNTY,Wood
464023,ST  JOHNS COUNTY,Wood
549331,ST  JOHNS COUNTY,Wood
798587,ST  JOHNS COUNTY,Wood
561654,ST  JOHNS COUNTY,Masonry
504198,ST  JOHNS COUNTY,Wood
942836,ST  JOHNS COUNTY,Wood
666050,ST  JOHNS COUNTY,Wood
895607,ST  JOHNS COUNTY,Wood
832689,ST  JOHNS COUNTY,Wood
278236,ST  JOHNS COUNTY,Wood
613343,ST  JOHNS COUNTY,Wood
730314,ST  JOHNS COUNTY,Wood
700074,ST  JOHNS COUNTY,Masonry
610022,ST  JOHNS COUNTY,Wood
306242,ST  JOHNS COUNTY,Masonry
982591,ST  JOHNS COUNTY,Wood
863659,ST  JOHNS COUNTY,Wood
631586,ST  JOHNS COUNTY,Masonry
839176,ST  JOHNS COUNTY,Masonry
336869,ST  JOHNS COUNTY,Masonry
785489,ST  JOHNS COUNTY,Wood
439322,ST  JOHNS COUNTY,Masonry
572604,ST  JOHNS COUNTY,Masonry
655053,ST  JOHNS COUNTY,Masonry
855888,ST  JOHNS COUNTY,Masonry
262277,ST  JOHNS COUNTY,Masonry
688520,ST  JOHNS COUNTY,Masonry
160892,ST  JOHNS COUNTY,Masonry
892209,ST  JOHNS COUNTY,Masonry
803278,ST  JOHNS COUNTY,Masonry
644349,ST  JOHNS COUNTY,Masonry
867706,ST  JOHNS COUNTY,Masonry
283980,ST  JOHNS COUNTY,Masonry
165110,HAMILTON COUNTY,Wood
487759,HAMILTON COUNTY,Wood
330577,HAMILTON COUNTY,Wood
243415,HAMILTON COUNTY,Wood
145681,HAMILTON COUNTY,Wood
552494,HAMILTON COUNTY,Wood
427835,NASSAU COUNTY,Masonry
833066,NASSAU COUNTY,Wood
513513,NASSAU COUNTY,Reinforced Concrete
653751,NASSAU COUNTY,Wood
970852,NASSAU COUNTY,Masonry
851371,NASSAU COUNTY,Masonry
371816,NASSAU COUNTY,Masonry
717931,NASSAU COUNTY,Wood
160596,NASSAU COUNTY,Reinforced Masonry
751786,NASSAU COUNTY,Wood
128061,NASSAU COUNTY,Wood
700270,NASSAU COUNTY,Wood
245124,NASSAU COUNTY,Wood
444706,NASSAU COUNTY,Masonry
443526,NASSAU COUNTY,Reinforced Masonry
998224,NASSAU COUNTY,Reinforced Concrete
960757,NASSAU COUNTY,Masonry
727389,NASSAU COUNTY,Masonry
873299,NASSAU COUNTY,Reinforced Masonry
881157,NASSAU COUNTY,Wood
453935,NASSAU COUNTY,Masonry
313002,DUVAL COUNTY,Wood
289820,DUVAL COUNTY,Wood
844263,DUVAL COUNTY,Masonry
943277,DUVAL COUNTY,Masonry
411984,DUVAL COUNTY,Reinforced Masonry
277436,DUVAL COUNTY,Masonry
461765,DUVAL COUNTY,Masonry
643484,DUVAL COUNTY,Wood
758811,DUVAL COUNTY,Masonry
805255,DUVAL COUNTY,Masonry
870206,DUVAL COUNTY,Reinforced Masonry
935677,DUVAL COUNTY,Wood
586078,DUVAL COUNTY,Wood
896829,DUVAL COUNTY,Steel Frame
982848,DUVAL COUNTY,Wood
740295,DUVAL COUNTY,Reinforced Masonry
100141,DUVAL COUNTY,Masonry
833818,DUVAL COUNTY,Wood
667865,DUVAL COUNTY,Wood
708885,DUVAL COUNTY,Wood
950607,DUVAL COUNTY,Masonry
913315,LAKE COUNTY,Wood
364546,LAKE COUNTY,Wood
283068,VOLUSIA COUNTY,Masonry
946537,VOLUSIA COUNTY,Wood
555590,FLAGLER COUNTY,Wood
698118,FLAGLER COUNTY,Reinforced Concrete
667609,FLAGLER COUNTY,Masonry
458103,FLAGLER COUNTY,Masonry
667939,FLAGLER COUNTY,Wood
952149,FLAGLER COUNTY,Wood
124100,FLAGLER COUNTY,Wood
455522,FLAGLER COUNTY,Masonry
519259,FLAGLER COUNTY,Wood
413009,FLAGLER COUNTY,Wood
507702,FLAGLER COUNTY,Wood
298283,FLAGLER COUNTY,Wood
928851,FLAGLER COUNTY,Wood
904303,FLAGLER COUNTY,Wood
840987,FLAGLER COUNTY,Masonry
822182,FLAGLER COUNTY,Wood
158494,FLAGLER COUNTY,Wood
939043,FLAGLER COUNTY,Wood
269951,FLAGLER COUNTY,Wood
271453,FLAGLER COUNTY,Masonry
267229,FLAGLER COUNTY,Masonry
233553,FLAGLER COUNTY,Wood
968849,FLAGLER COUNTY,Reinforced Masonry
791144,FLAGLER COUNTY,Wood
789006,FLAGLER COUNTY,Wood
314982,FLAGLER COUNTY,Masonry
525972,FLAGLER COUNTY,Wood
256609,FLAGLER COUNTY,Masonry
149254,FLAGLER COUNTY,Wood
588362,FLAGLER COUNTY,Wood
886323,FLAGLER COUNTY,Wood
725566,FLAGLER COUNTY,Reinforced Concrete
858672,FLAGLER COUNTY,Steel Frame
308552,FLAGLER COUNTY,Masonry
375146,FLAGLER COUNTY,Reinforced Masonry
658781,FLAGLER COUNTY,Masonry
740457,FLAGLER COUNTY,Masonry
966762,FLAGLER COUNTY,Wood
443847,FLAGLER COUNTY,Wood
262754,FLAGLER COUNTY,Wood
916252,FLAGLER COUNTY,Wood
823033,FLAGLER COUNTY,Wood
882443,FLAGLER COUNTY,Wood
524157,FLAGLER COUNTY,Wood
580392,FLAGLER COUNTY,Masonry
916069,PUTNAM COUNTY,Wood
628685,PUTNAM COUNTY,Wood
993121,PUTNAM COUNTY,Wood
783017,PUTNAM COUNTY,Wood
572675,PUTNAM COUNTY,Wood
319379,PUTNAM COUNTY,Wood
620961,PUTNAM COUNTY,Wood
621225,PUTNAM COUNTY,Reinforced Masonry
833995,PUTNAM COUNTY,Wood
406410,PUTNAM COUNTY,Wood
747212,PUTNAM COUNTY,Wood
783995,PUTNAM COUNTY,Wood
327138,PUTNAM COUNTY,Wood
595901,PUTNAM COUNTY,Wood
473550,PUTNAM COUNTY,Wood
898397,PUTNAM COUNTY,Wood
766677,PUTNAM COUNTY,Masonry
358409,PUTNAM COUNTY,Wood
393419,PUTNAM COUNTY,Masonry
744665,PUTNAM COUNTY,Masonry
649235,PUTNAM COUNTY,Wood
918219,PUTNAM COUNTY,Wood
230248,PUTNAM COUNTY,Wood
948611,MARION COUNTY,Wood
833869,MARION COUNTY,Masonry
629107,MARION COUNTY,Masonry
581607,VOLUSIA COUNTY,Reinforced Masonry
547490,VOLUSIA COUNTY,Masonry
811078,VOLUSIA COUNTY,Wood
321064,VOLUSIA COUNTY,Masonry
545899,VOLUSIA COUNTY,Wood
860210,VOLUSIA COUNTY,Wood
767305,VOLUSIA COUNTY,Wood
199042,VOLUSIA COUNTY,Masonry
622163,VOLUSIA COUNTY,Wood
148836,VOLUSIA COUNTY,Wood
322311,VOLUSIA COUNTY,Wood
951950,VOLUSIA COUNTY,Wood
997329,VOLUSIA COUNTY,Wood
896359,VOLUSIA COUNTY,Wood
702647,VOLUSIA COUNTY,Masonry
145552,VOLUSIA COUNTY,Wood
276776,VOLUSIA COUNTY,Masonry
922547,VOLUSIA COUNTY,Masonry
780681,VOLUSIA COUNTY,Wood
998261,VOLUSIA COUNTY,Wood
174867,VOLUSIA COUNTY,Reinforced Masonry
545709,VOLUSIA COUNTY,Masonry
113931,VOLUSIA COUNTY,Reinforced Masonry
363453,VOLUSIA COUNTY,Masonry
732020,VOLUSIA COUNTY,Reinforced Masonry
928457,VOLUSIA COUNTY,Reinforced Masonry
368930,VOLUSIA COUNTY,Reinforced Masonry
100732,VOLUSIA COUNTY,Reinforced Masonry
804598,VOLUSIA COUNTY,Reinforced Masonry
513795,VOLUSIA COUNTY,Masonry
814179,VOLUSIA COUNTY,Masonry
530429,VOLUSIA COUNTY,Reinforced Masonry
134126,VOLUSIA COUNTY,Masonry
709579,VOLUSIA COUNTY,Reinforced Concrete
723594,VOLUSIA COUNTY,Wood
859142,VOLUSIA COUNTY,Reinforced Concrete
181082,VOLUSIA COUNTY,Steel Frame
104778,VOLUSIA COUNTY,Masonry
606698,VOLUSIA COUNTY,Masonry
397625,VOLUSIA COUNTY,Masonry
588795,VOLUSIA COUNTY,Masonry
602516,VOLUSIA COUNTY,Wood
126192,VOLUSIA COUNTY,Wood
607246,VOLUSIA COUNTY,Masonry
830965,VOLUSIA COUNTY,Masonry
277361,VOLUSIA COUNTY,Masonry
919780,VOLUSIA COUNTY,Masonry
835975,VOLUSIA COUNTY,Masonry
975791,VOLUSIA COUNTY,Masonry
897785,VOLUSIA COUNTY,Masonry
889385,VOLUSIA COUNTY,Wood
374810,VOLUSIA COUNTY,Wood
126250,VOLUSIA COUNTY,Wood
912731,VOLUSIA COUNTY,Wood
628294,VOLUSIA COUNTY,Masonry
951715,VOLUSIA COUNTY,Reinforced Masonry
849044,VOLUSIA COUNTY,Masonry
880076,VOLUSIA COUNTY,Reinforced Masonry
657150,VOLUSIA COUNTY,Masonry
580738,VOLUSIA COUNTY,Masonry
374564,VOLUSIA COUNTY,Reinforced Concrete
136461,VOLUSIA COUNTY,Masonry
615021,VOLUSIA COUNTY,Masonry
779364,VOLUSIA COUNTY,Masonry
829371,VOLUSIA COUNTY,Masonry
937487,VOLUSIA COUNTY,Masonry
609532,VOLUSIA COUNTY,Masonry
756068,VOLUSIA COUNTY,Masonry
554209,VOLUSIA COUNTY,Masonry
120394,VOLUSIA COUNTY,Wood
330481,VOLUSIA COUNTY,Reinforced Masonry
151692,VOLUSIA COUNTY,Masonry
811045,VOLUSIA COUNTY,Masonry
248928,VOLUSIA COUNTY,Reinforced Concrete
812314,VOLUSIA COUNTY,Wood
125519,VOLUSIA COUNTY,Wood
336858,VOLUSIA COUNTY,Wood
476639,VOLUSIA COUNTY,Wood
328297,VOLUSIA COUNTY,Masonry
670846,VOLUSIA COUNTY,Masonry
151192,VOLUSIA COUNTY,Reinforced Masonry
180377,VOLUSIA COUNTY,Masonry
814312,VOLUSIA COUNTY,Reinforced Concrete
263531,VOLUSIA COUNTY,Reinforced Concrete
901192,VOLUSIA COUNTY,Wood
929849,VOLUSIA COUNTY,Wood
876074,VOLUSIA COUNTY,Wood
173599,VOLUSIA COUNTY,Wood
945231,VOLUSIA COUNTY,Wood
134292,VOLUSIA COUNTY,Wood
238719,VOLUSIA COUNTY,Masonry
907767,VOLUSIA COUNTY,Wood
965676,VOLUSIA COUNTY,Masonry
775773,VOLUSIA COUNTY,Wood
333296,VOLUSIA COUNTY,Wood
836202,VOLUSIA COUNTY,Wood
304939,VOLUSIA COUNTY,Masonry
783148,VOLUSIA COUNTY,Wood
964259,VOLUSIA COUNTY,Wood
955036,VOLUSIA COUNTY,Wood
999971,VOLUSIA COUNTY,Wood
817536,VOLUSIA COUNTY,Wood
171551,VOLUSIA COUNTY,Wood
994453,VOLUSIA COUNTY,Wood
603605,VOLUSIA COUNTY,Wood
953852,VOLUSIA COUNTY,Wood
427258,VOLUSIA COUNTY,Wood
835573,VOLUSIA COUNTY,Reinforced Concrete
674019,VOLUSIA COUNTY,Masonry
854930,VOLUSIA COUNTY,Reinforced Masonry
286687,VOLUSIA COUNTY,Reinforced Masonry
322337,VOLUSIA COUNTY,Masonry
186439,VOLUSIA COUNTY,Masonry
592394,VOLUSIA COUNTY,Masonry
207249,VOLUSIA COUNTY,Masonry
762410,VOLUSIA COUNTY,Masonry
215054,VOLUSIA COUNTY,Masonry
349914,VOLUSIA COUNTY,Masonry
138322,VOLUSIA COUNTY,Wood
542377,VOLUSIA COUNTY,Reinforced Concrete
298655,VOLUSIA COUNTY,Reinforced Masonry
592065,VOLUSIA COUNTY,Masonry
380670,VOLUSIA COUNTY,Wood
789401,VOLUSIA COUNTY,Wood
375871,VOLUSIA COUNTY,Wood
454077,VOLUSIA COUNTY,Wood
243333,VOLUSIA COUNTY,Wood
915295,VOLUSIA COUNTY,Wood
324430,VOLUSIA COUNTY,Wood
687957,VOLUSIA COUNTY,Wood
979835,VOLUSIA COUNTY,Wood
661508,VOLUSIA COUNTY,Reinforced Masonry
992466,VOLUSIA COUNTY,Wood
569250,VOLUSIA COUNTY,Wood
644551,VOLUSIA COUNTY,Reinforced Masonry
982358,VOLUSIA COUNTY,Wood
608004,VOLUSIA COUNTY,Wood
296060,VOLUSIA COUNTY,Wood
963661,VOLUSIA COUNTY,Wood
165499,VOLUSIA COUNTY,Wood
450915,VOLUSIA COUNTY,Wood
186842,VOLUSIA COUNTY,Masonry
424579,VOLUSIA COUNTY,Masonry
678928,VOLUSIA COUNTY,Wood
801019,VOLUSIA COUNTY,Wood
150073,VOLUSIA COUNTY,Wood
567840,VOLUSIA COUNTY,Wood
204141,VOLUSIA COUNTY,Wood
534558,VOLUSIA COUNTY,Wood
177769,VOLUSIA COUNTY,Wood
398850,VOLUSIA COUNTY,Wood
371371,VOLUSIA COUNTY,Wood
722892,VOLUSIA COUNTY,Wood
241078,VOLUSIA COUNTY,Wood
563837,VOLUSIA COUNTY,Reinforced Masonry
924438,VOLUSIA COUNTY,Wood
614342,VOLUSIA COUNTY,Wood
566416,VOLUSIA COUNTY,Masonry
953411,VOLUSIA COUNTY,Masonry
602785,VOLUSIA COUNTY,Masonry
554802,VOLUSIA COUNTY,Masonry
244208,VOLUSIA COUNTY,Wood
446578,VOLUSIA COUNTY,Wood
238122,VOLUSIA COUNTY,Masonry
410270,VOLUSIA COUNTY,Reinforced Concrete
949665,VOLUSIA COUNTY,Reinforced Masonry
194495,VOLUSIA COUNTY,Reinforced Masonry
723640,VOLUSIA COUNTY,Reinforced Masonry
556684,VOLUSIA COUNTY,Reinforced Concrete
877280,VOLUSIA COUNTY,Reinforced Concrete
762491,VOLUSIA COUNTY,Masonry
355625,VOLUSIA COUNTY,Masonry
300347,VOLUSIA COUNTY,Wood
341934,VOLUSIA COUNTY,Wood
401532,VOLUSIA COUNTY,Masonry
358991,VOLUSIA COUNTY,Masonry
808985,VOLUSIA COUNTY,Wood
987796,VOLUSIA COUNTY,Masonry
637200,VOLUSIA COUNTY,Wood
536035,VOLUSIA COUNTY,Steel Frame
544360,VOLUSIA COUNTY,Masonry
667400,VOLUSIA COUNTY,Masonry
145359,VOLUSIA COUNTY,Masonry
275976,VOLUSIA COUNTY,Masonry
793469,VOLUSIA COUNTY,Masonry
507945,VOLUSIA COUNTY,Masonry
836401,VOLUSIA COUNTY,Masonry
715596,VOLUSIA COUNTY,Masonry
377990,VOLUSIA COUNTY,Reinforced Masonry
103168,VOLUSIA COUNTY,Wood
951870,VOLUSIA COUNTY,Reinforced Masonry
167537,VOLUSIA COUNTY,Reinforced Masonry
587641,VOLUSIA COUNTY,Wood
610380,VOLUSIA COUNTY,Reinforced Masonry
533314,VOLUSIA COUNTY,Masonry
962846,VOLUSIA COUNTY,Reinforced Masonry
262394,VOLUSIA COUNTY,Reinforced Masonry
797490,VOLUSIA COUNTY,Masonry
701308,VOLUSIA COUNTY,Reinforced Masonry
991007,VOLUSIA COUNTY,Steel Frame
885405,VOLUSIA COUNTY,Wood
369643,VOLUSIA COUNTY,Reinforced Masonry
273137,VOLUSIA COUNTY,Reinforced Concrete
644484,VOLUSIA COUNTY,Masonry
930476,VOLUSIA COUNTY,Wood
608901,VOLUSIA COUNTY,Reinforced Concrete
212362,VOLUSIA COUNTY,Wood
500572,VOLUSIA COUNTY,Wood
765810,VOLUSIA COUNTY,Wood
388813,VOLUSIA COUNTY,Wood
208750,VOLUSIA COUNTY,Wood
942556,VOLUSIA COUNTY,Wood
539954,VOLUSIA COUNTY,Wood
287107,VOLUSIA COUNTY,Wood
106859,VOLUSIA COUNTY,Masonry
750354,VOLUSIA COUNTY,Wood
331321,VOLUSIA COUNTY,Wood
486174,VOLUSIA COUNTY,Wood
387503,VOLUSIA COUNTY,Wood
450193,VOLUSIA COUNTY,Wood
698198,VOLUSIA COUNTY,Wood
541857,VOLUSIA COUNTY,Wood
493914,VOLUSIA COUNTY,Masonry
262016,VOLUSIA COUNTY,Masonry
217685,VOLUSIA COUNTY,Masonry
939867,VOLUSIA COUNTY,Reinforced Concrete
293951,VOLUSIA COUNTY,Masonry
536383,VOLUSIA COUNTY,Wood
927490,VOLUSIA COUNTY,Wood
348405,VOLUSIA COUNTY,Masonry
727826,VOLUSIA COUNTY,Masonry
996308,VOLUSIA COUNTY,Masonry
243605,VOLUSIA COUNTY,Masonry
914026,VOLUSIA COUNTY,Reinforced Masonry
227907,VOLUSIA COUNTY,Masonry
213955,VOLUSIA COUNTY,Wood
213798,VOLUSIA COUNTY,Wood
197481,VOLUSIA COUNTY,Reinforced Masonry
722836,VOLUSIA COUNTY,Reinforced Masonry
562536,VOLUSIA COUNTY,Wood
529407,VOLUSIA COUNTY,Wood
321186,VOLUSIA COUNTY,Masonry
860131,VOLUSIA COUNTY,Masonry
854674,VOLUSIA COUNTY,Wood
103863,VOLUSIA COUNTY,Masonry
153708,VOLUSIA COUNTY,Wood
633155,VOLUSIA COUNTY,Wood
243912,VOLUSIA COUNTY,Reinforced Masonry
182502,VOLUSIA COUNTY,Masonry
689232,VOLUSIA COUNTY,Wood
467572,VOLUSIA COUNTY,Wood
652715,VOLUSIA COUNTY,Wood
948998,VOLUSIA COUNTY,Wood
104863,VOLUSIA COUNTY,Masonry
282341,VOLUSIA COUNTY,Wood
786723,VOLUSIA COUNTY,Wood
300295,VOLUSIA COUNTY,Wood
513859,VOLUSIA COUNTY,Wood
376747,VOLUSIA COUNTY,Wood
102102,VOLUSIA COUNTY,Wood
722449,VOLUSIA COUNTY,Wood
995285,VOLUSIA COUNTY,Wood
553576,VOLUSIA COUNTY,Wood
452851,VOLUSIA COUNTY,Wood
245283,VOLUSIA COUNTY,Wood
772020,VOLUSIA COUNTY,Wood
358218,VOLUSIA COUNTY,Wood
817913,VOLUSIA COUNTY,Wood
454061,VOLUSIA COUNTY,Wood
709428,VOLUSIA COUNTY,Wood
926620,VOLUSIA COUNTY,Wood
234463,VOLUSIA COUNTY,Wood
417445,VOLUSIA COUNTY,Reinforced Masonry
725951,VOLUSIA COUNTY,Wood
650605,VOLUSIA COUNTY,Wood
548825,VOLUSIA COUNTY,Wood
934493,VOLUSIA COUNTY,Masonry
198380,VOLUSIA COUNTY,Masonry
285662,VOLUSIA COUNTY,Wood
861564,VOLUSIA COUNTY,Masonry
587849,VOLUSIA COUNTY,Wood
626470,VOLUSIA COUNTY,Masonry
481481,VOLUSIA COUNTY,Wood
362063,VOLUSIA COUNTY,Wood
379162,VOLUSIA COUNTY,Masonry
527689,VOLUSIA COUNTY,Masonry
682338,VOLUSIA COUNTY,Masonry
873609,VOLUSIA COUNTY,Masonry
993348,VOLUSIA COUNTY,Wood
416108,VOLUSIA COUNTY,Wood
830263,VOLUSIA COUNTY,Reinforced Masonry
722233,VOLUSIA COUNTY,Wood
743860,VOLUSIA COUNTY,Wood
422349,VOLUSIA COUNTY,Wood
938072,VOLUSIA COUNTY,Wood
983288,VOLUSIA COUNTY,Wood
853113,VOLUSIA COUNTY,Wood
146385,VOLUSIA COUNTY,Wood
828861,VOLUSIA COUNTY,Wood
452534,VOLUSIA COUNTY,Wood
550347,VOLUSIA COUNTY,Masonry
887230,VOLUSIA COUNTY,Wood
900664,VOLUSIA COUNTY,Wood
960671,VOLUSIA COUNTY,Masonry
854865,VOLUSIA COUNTY,Wood
286926,VOLUSIA COUNTY,Wood
663508,VOLUSIA COUNTY,Wood
385721,VOLUSIA COUNTY,Wood
651631,VOLUSIA COUNTY,Reinforced Masonry
263801,VOLUSIA COUNTY,Masonry
833210,VOLUSIA COUNTY,Wood
792522,VOLUSIA COUNTY,Wood
862629,VOLUSIA COUNTY,Wood
490576,VOLUSIA COUNTY,Wood
974369,VOLUSIA COUNTY,Reinforced Concrete
264271,VOLUSIA COUNTY,Masonry
176621,VOLUSIA COUNTY,Masonry
608232,VOLUSIA COUNTY,Masonry
958991,VOLUSIA COUNTY,Masonry
104000,VOLUSIA COUNTY,Wood
286262,VOLUSIA COUNTY,Wood
427471,VOLUSIA COUNTY,Masonry
805669,VOLUSIA COUNTY,Wood
336754,VOLUSIA COUNTY,Wood
294775,VOLUSIA COUNTY,Wood
147577,VOLUSIA COUNTY,Wood
634635,VOLUSIA COUNTY,Wood
102309,VOLUSIA COUNTY,Wood
497178,VOLUSIA COUNTY,Wood
668990,VOLUSIA COUNTY,Masonry
405721,VOLUSIA COUNTY,Wood
703941,VOLUSIA COUNTY,Masonry
363432,VOLUSIA COUNTY,Reinforced Masonry
648084,VOLUSIA COUNTY,Wood
129193,VOLUSIA COUNTY,Wood
295424,VOLUSIA COUNTY,Masonry
981050,VOLUSIA COUNTY,Masonry
438080,VOLUSIA COUNTY,Masonry
753289,VOLUSIA COUNTY,Masonry
985232,VOLUSIA COUNTY,Masonry
477875,VOLUSIA COUNTY,Masonry
743546,VOLUSIA COUNTY,Masonry
977031,VOLUSIA COUNTY,Reinforced Masonry
813266,VOLUSIA COUNTY,Masonry
973836,VOLUSIA COUNTY,Masonry
481626,VOLUSIA COUNTY,Masonry
726330,VOLUSIA COUNTY,Wood
727142,VOLUSIA COUNTY,Reinforced Masonry
941902,VOLUSIA COUNTY,Reinforced Masonry
446324,VOLUSIA COUNTY,Masonry
267389,VOLUSIA COUNTY,Wood
192371,VOLUSIA COUNTY,Reinforced Masonry
237725,VOLUSIA COUNTY,Masonry
631659,VOLUSIA COUNTY,Masonry
174025,VOLUSIA COUNTY,Masonry
236305,VOLUSIA COUNTY,Wood
262115,VOLUSIA COUNTY,Wood
659430,VOLUSIA COUNTY,Wood
401543,VOLUSIA COUNTY,Wood
524030,VOLUSIA COUNTY,Wood
847943,VOLUSIA COUNTY,Wood
529482,VOLUSIA COUNTY,Wood
244678,VOLUSIA COUNTY,Wood
218459,VOLUSIA COUNTY,Reinforced Masonry
718950,VOLUSIA COUNTY,Wood
226106,VOLUSIA COUNTY,Wood
472550,VOLUSIA COUNTY,Wood
964092,VOLUSIA COUNTY,Wood
801111,VOLUSIA COUNTY,Wood
229493,VOLUSIA COUNTY,Wood
180769,VOLUSIA COUNTY,Wood
987899,VOLUSIA COUNTY,Wood
482040,VOLUSIA COUNTY,Reinforced Masonry
428124,VOLUSIA COUNTY,Reinforced Masonry
431367,VOLUSIA COUNTY,Wood
894930,VOLUSIA COUNTY,Reinforced Masonry
355198,VOLUSIA COUNTY,Masonry
840466,VOLUSIA COUNTY,Wood
330891,VOLUSIA COUNTY,Wood
723299,VOLUSIA COUNTY,Masonry
835927,VOLUSIA COUNTY,Wood
321261,VOLUSIA COUNTY,Wood
381393,VOLUSIA COUNTY,Reinforced Masonry
757608,VOLUSIA COUNTY,Masonry
717132,VOLUSIA COUNTY,Reinforced Masonry
253783,VOLUSIA COUNTY,Masonry
401871,VOLUSIA COUNTY,Reinforced Masonry
677358,VOLUSIA COUNTY,Wood
280225,VOLUSIA COUNTY,Wood
486101,VOLUSIA COUNTY,Wood
562345,VOLUSIA COUNTY,Masonry
758963,VOLUSIA COUNTY,Wood
765772,VOLUSIA COUNTY,Wood
843269,VOLUSIA COUNTY,Wood
801750,VOLUSIA COUNTY,Wood
355055,VOLUSIA COUNTY,Masonry
502723,VOLUSIA COUNTY,Wood
612809,VOLUSIA COUNTY,Wood
665201,VOLUSIA COUNTY,Wood
270701,VOLUSIA COUNTY,Wood
348236,VOLUSIA COUNTY,Wood
271325,VOLUSIA COUNTY,Wood
547416,VOLUSIA COUNTY,Reinforced Masonry
449499,VOLUSIA COUNTY,Wood
671590,VOLUSIA COUNTY,Wood
809095,VOLUSIA COUNTY,Wood
235193,VOLUSIA COUNTY,Wood
551388,VOLUSIA COUNTY,Wood
625939,VOLUSIA COUNTY,Wood
262696,VOLUSIA COUNTY,Masonry
913263,VOLUSIA COUNTY,Reinforced Masonry
744845,VOLUSIA COUNTY,Reinforced Masonry
870758,VOLUSIA COUNTY,Reinforced Masonry
917183,VOLUSIA COUNTY,Reinforced Masonry
997495,VOLUSIA COUNTY,Masonry
818025,VOLUSIA COUNTY,Masonry
294879,VOLUSIA COUNTY,Masonry
362081,VOLUSIA COUNTY,Masonry
792782,VOLUSIA COUNTY,Wood
526576,VOLUSIA COUNTY,Reinforced Masonry
344855,VOLUSIA COUNTY,Masonry
682006,VOLUSIA COUNTY,Masonry
962496,VOLUSIA COUNTY,Masonry
808666,VOLUSIA COUNTY,Masonry
838500,VOLUSIA COUNTY,Reinforced Masonry
842070,VOLUSIA COUNTY,Masonry
919711,VOLUSIA COUNTY,Masonry
752903,VOLUSIA COUNTY,Masonry
363096,VOLUSIA COUNTY,Masonry
873560,VOLUSIA COUNTY,Masonry
191104,VOLUSIA COUNTY,Masonry
573603,VOLUSIA COUNTY,Masonry
919030,VOLUSIA COUNTY,Wood
707649,VOLUSIA COUNTY,Wood
754244,VOLUSIA COUNTY,Wood
933008,VOLUSIA COUNTY,Wood
599502,VOLUSIA COUNTY,Masonry
108651,VOLUSIA COUNTY,Reinforced Masonry
233752,VOLUSIA COUNTY,Wood
294196,VOLUSIA COUNTY,Wood
564920,VOLUSIA COUNTY,Wood
188179,PUTNAM COUNTY,Wood
230674,PUTNAM COUNTY,Wood
639609,PUTNAM COUNTY,Reinforced Masonry
874532,PUTNAM COUNTY,Reinforced Masonry
959871,PUTNAM COUNTY,Wood
236326,PUTNAM COUNTY,Masonry
857262,PUTNAM COUNTY,Reinforced Masonry
827666,PUTNAM COUNTY,Reinforced Masonry
166276,PUTNAM COUNTY,Masonry
413493,PUTNAM COUNTY,Wood
122394,VOLUSIA COUNTY,Wood
810700,VOLUSIA COUNTY,Wood
785576,VOLUSIA COUNTY,Wood
708894,VOLUSIA COUNTY,Wood
128182,VOLUSIA COUNTY,Masonry
881097,VOLUSIA COUNTY,Masonry
917198,VOLUSIA COUNTY,Masonry
106683,VOLUSIA COUNTY,Masonry
770894,VOLUSIA COUNTY,Masonry
999359,VOLUSIA COUNTY,Wood
198181,VOLUSIA COUNTY,Wood
631473,VOLUSIA COUNTY,Masonry
889016,VOLUSIA COUNTY,Wood
303031,VOLUSIA COUNTY,Masonry
377542,VOLUSIA COUNTY,Masonry
951489,VOLUSIA COUNTY,Wood
686879,VOLUSIA COUNTY,Wood
801049,VOLUSIA COUNTY,Wood
173960,VOLUSIA COUNTY,Wood
488330,VOLUSIA COUNTY,Wood
237875,VOLUSIA COUNTY,Masonry
593377,VOLUSIA COUNTY,Wood
130913,VOLUSIA COUNTY,Wood
125769,VOLUSIA COUNTY,Wood
947936,VOLUSIA COUNTY,Masonry
877888,VOLUSIA COUNTY,Wood
163808,VOLUSIA COUNTY,Masonry
631628,VOLUSIA COUNTY,Wood
175071,VOLUSIA COUNTY,Wood
836122,VOLUSIA COUNTY,Wood
118326,VOLUSIA COUNTY,Wood
394507,VOLUSIA COUNTY,Wood
386841,VOLUSIA COUNTY,Wood
923423,VOLUSIA COUNTY,Wood
987709,VOLUSIA COUNTY,Wood
830445,VOLUSIA COUNTY,Wood
346459,VOLUSIA COUNTY,Wood
974850,VOLUSIA COUNTY,Wood
766613,VOLUSIA COUNTY,Wood
852166,VOLUSIA COUNTY,Wood
299070,VOLUSIA COUNTY,Wood
538968,VOLUSIA COUNTY,Wood
906899,VOLUSIA COUNTY,Masonry
142191,VOLUSIA COUNTY,Masonry
115095,VOLUSIA COUNTY,Wood
285481,VOLUSIA COUNTY,Reinforced Masonry
521069,VOLUSIA COUNTY,Masonry
302050,VOLUSIA COUNTY,Wood
418004,VOLUSIA COUNTY,Masonry
652006,VOLUSIA COUNTY,Wood
711676,VOLUSIA COUNTY,Masonry
674505,VOLUSIA COUNTY,Wood
397466,VOLUSIA COUNTY,Wood
390534,VOLUSIA COUNTY,Wood
537005,VOLUSIA COUNTY,Wood
386449,VOLUSIA COUNTY,Masonry
498793,MARION COUNTY,Wood
469770,MARION COUNTY,Wood
516858,MARION COUNTY,Wood
442421,MARION COUNTY,Wood
957688,MARION COUNTY,Wood
848578,MARION COUNTY,Wood
860584,MARION COUNTY,Wood
510384,MARION COUNTY,Wood
869562,MARION COUNTY,Wood
495308,MARION COUNTY,Wood
835948,FLAGLER COUNTY,Masonry
670807,FLAGLER COUNTY,Wood
794160,FLAGLER COUNTY,Masonry
172922,FLAGLER COUNTY,Wood
569262,FLAGLER COUNTY,Reinforced Masonry
104983,FLAGLER COUNTY,Reinforced Masonry
116673,FLAGLER COUNTY,Wood
112835,FLAGLER COUNTY,Wood
536086,FLAGLER COUNTY,Wood
953231,FLAGLER COUNTY,Wood
935824,FLAGLER COUNTY,Wood
502653,FLAGLER COUNTY,Masonry
974946,FLAGLER COUNTY,Wood
845407,FLAGLER COUNTY,Wood
486688,FLAGLER COUNTY,Wood
799469,FLAGLER COUNTY,Wood
600792,FLAGLER COUNTY,Wood
300917,FLAGLER COUNTY,Wood
543291,FLAGLER COUNTY,Wood
222035,FLAGLER COUNTY,Wood
689698,FLAGLER COUNTY,Wood
180650,FLAGLER COUNTY,Wood
750695,FLAGLER COUNTY,Masonry
180069,FLAGLER COUNTY,Wood
986288,FLAGLER COUNTY,Wood
679539,FLAGLER COUNTY,Wood
748468,FLAGLER COUNTY,Wood
915280,FLAGLER COUNTY,Wood
746315,FLAGLER COUNTY,Wood
212369,FLAGLER COUNTY,Masonry
635254,FLAGLER COUNTY,Masonry
578379,FLAGLER COUNTY,Reinforced Masonry
252882,FLAGLER COUNTY,Masonry
246875,FLAGLER COUNTY,Reinforced Masonry
594033,FLAGLER COUNTY,Wood
857324,FLAGLER COUNTY,Wood
857308,FLAGLER COUNTY,Wood
736544,FLAGLER COUNTY,Wood
766827,FLAGLER COUNTY,Wood
772766,FLAGLER COUNTY,Reinforced Masonry
282250,FLAGLER COUNTY,Masonry
139690,FLAGLER COUNTY,Masonry
762840,FLAGLER COUNTY,Masonry
125666,FLAGLER COUNTY,Wood
195452,FLAGLER COUNTY,Wood
967007,FLAGLER COUNTY,Wood
138260,FLAGLER COUNTY,Wood
416035,FLAGLER COUNTY,Wood
539203,FLAGLER COUNTY,Wood
776628,FLAGLER COUNTY,Wood
231043,FLAGLER COUNTY,Wood
230729,FLAGLER COUNTY,Wood
618948,FLAGLER COUNTY,Wood
854516,FLAGLER COUNTY,Wood
230332,FLAGLER COUNTY,Wood
727895,FLAGLER COUNTY,Wood
935630,FLAGLER COUNTY,Wood
808827,FLAGLER COUNTY,Wood
815710,FLAGLER COUNTY,Wood
794978,FLAGLER COUNTY,Wood
550131,FLAGLER COUNTY,Wood
708613,FLAGLER COUNTY,Reinforced Masonry
267843,FLAGLER COUNTY,Wood
393750,FLAGLER COUNTY,Wood
606000,FLAGLER COUNTY,Wood
341300,FLAGLER COUNTY,Wood
506916,FLAGLER COUNTY,Wood
906392,FLAGLER COUNTY,Wood
361708,FLAGLER COUNTY,Wood
438297,FLAGLER COUNTY,Wood
678066,FLAGLER COUNTY,Masonry
812937,FLAGLER COUNTY,Masonry
263067,FLAGLER COUNTY,Wood
586609,FLAGLER COUNTY,Reinforced Masonry
951929,FLAGLER COUNTY,Masonry
105345,FLAGLER COUNTY,Wood
794905,FLAGLER COUNTY,Masonry
684769,FLAGLER COUNTY,Wood
409704,FLAGLER COUNTY,Masonry
387460,FLAGLER COUNTY,Masonry
342173,FLAGLER COUNTY,Masonry
821943,FLAGLER COUNTY,Reinforced Masonry
531691,FLAGLER COUNTY,Reinforced Masonry
428852,FLAGLER COUNTY,Masonry
158476,FLAGLER COUNTY,Masonry
951520,FLAGLER COUNTY,Reinforced Masonry
831677,FLAGLER COUNTY,Wood
248485,FLAGLER COUNTY,Wood
845512,FLAGLER COUNTY,Wood
812319,FLAGLER COUNTY,Wood
171734,FLAGLER COUNTY,Wood
348008,FLAGLER COUNTY,Wood
104881,FLAGLER COUNTY,Wood
699662,FLAGLER COUNTY,Wood
918865,FLAGLER COUNTY,Wood
104844,FLAGLER COUNTY,Wood
927632,FLAGLER COUNTY,Wood
742874,FLAGLER COUNTY,Wood
232622,FLAGLER COUNTY,Wood
832054,FLAGLER COUNTY,Wood
861218,FLAGLER COUNTY,Wood
937125,FLAGLER COUNTY,Wood
548763,FLAGLER COUNTY,Wood
791156,FLAGLER COUNTY,Wood
587168,FLAGLER COUNTY,Wood
446535,FLAGLER COUNTY,Wood
351074,FLAGLER COUNTY,Wood
275660,FLAGLER COUNTY,Wood
553661,FLAGLER COUNTY,Wood
617930,FLAGLER COUNTY,Masonry
841171,FLAGLER COUNTY,Wood
253394,FLAGLER COUNTY,Wood
479910,FLAGLER COUNTY,Wood
661611,FLAGLER COUNTY,Wood
583600,FLAGLER COUNTY,Wood
703167,FLAGLER COUNTY,Wood
512645,FLAGLER COUNTY,Wood
182524,FLAGLER COUNTY,Masonry
808971,FLAGLER COUNTY,Masonry
463365,FLAGLER COUNTY,Wood
707080,FLAGLER COUNTY,Wood
381976,FLAGLER COUNTY,Wood
357730,FLAGLER COUNTY,Wood
716209,FLAGLER COUNTY,Wood
239346,FLAGLER COUNTY,Wood
781343,FLAGLER COUNTY,Wood
879903,PUTNAM COUNTY,Wood
519214,PUTNAM COUNTY,Wood
456437,PUTNAM COUNTY,Masonry
494458,VOLUSIA COUNTY,Reinforced Masonry
898210,VOLUSIA COUNTY,Masonry
641058,VOLUSIA COUNTY,Wood
405267,VOLUSIA COUNTY,Wood
189601,VOLUSIA COUNTY,Wood
646400,VOLUSIA COUNTY,Wood
729115,VOLUSIA COUNTY,Wood
369648,VOLUSIA COUNTY,Wood
526520,VOLUSIA COUNTY,Wood
503334,VOLUSIA COUNTY,Wood
649305,VOLUSIA COUNTY,Wood
357293,VOLUSIA COUNTY,Wood
999514,VOLUSIA COUNTY,Wood
307029,VOLUSIA COUNTY,Wood
228627,ST  JOHNS COUNTY,Masonry
946882,ST  JOHNS COUNTY,Wood
437675,ST  JOHNS COUNTY,Wood
814839,ST  JOHNS COUNTY,Wood
856705,ST  JOHNS COUNTY,Wood
747727,ST  JOHNS COUNTY,Masonry
424702,ST  JOHNS COUNTY,Wood
451044,PUTNAM COUNTY,Masonry
218600,PUTNAM COUNTY,Wood
602799,PUTNAM COUNTY,Wood
250654,PUTNAM COUNTY,Wood
967564,PUTNAM COUNTY,Wood
896886,PUTNAM COUNTY,Wood
986862,PUTNAM COUNTY,Wood
436351,PUTNAM COUNTY,Wood
620879,PUTNAM COUNTY,Wood
682078,PUTNAM COUNTY,Wood
191464,PUTNAM COUNTY,Wood
381120,PUTNAM COUNTY,Wood
410476,PUTNAM COUNTY,Wood
546273,PUTNAM COUNTY,Wood
594827,PUTNAM COUNTY,Masonry
573912,PUTNAM COUNTY,Wood
139956,PUTNAM COUNTY,Wood
200310,PUTNAM COUNTY,Wood
695311,PUTNAM COUNTY,Wood
359767,PUTNAM COUNTY,Wood
346275,PUTNAM COUNTY,Wood
175548,PUTNAM COUNTY,Wood
745147,PUTNAM COUNTY,Wood
495066,PUTNAM COUNTY,Wood
831660,PUTNAM COUNTY,Wood
511964,PUTNAM COUNTY,Wood
217516,PUTNAM COUNTY,Wood
707736,PUTNAM COUNTY,Wood
159409,PUTNAM COUNTY,Wood
871958,PUTNAM COUNTY,Wood
430534,PUTNAM COUNTY,Wood
720776,PUTNAM COUNTY,Masonry
245039,PUTNAM COUNTY,Masonry
954156,PUTNAM COUNTY,Masonry
677449,PUTNAM COUNTY,Wood
899667,PUTNAM COUNTY,Wood
295062,PUTNAM COUNTY,Wood
645395,LAKE COUNTY,Reinforced Concrete
506305,LAKE COUNTY,Wood
163248,LAKE COUNTY,Masonry
176510,LAKE COUNTY,Wood
288959,LAKE COUNTY,Masonry
338393,LAKE COUNTY,Masonry
549679,LAKE COUNTY,Reinforced Concrete
503061,LAKE COUNTY,Wood
293704,LAKE COUNTY,Masonry
471409,LAKE COUNTY,Masonry
423872,SUMTER COUNTY,Masonry
689854,LAKE COUNTY,Wood
574505,LAKE COUNTY,Masonry
216610,SUMTER COUNTY,Wood
602920,MARION COUNTY,Masonry
558984,SUMTER COUNTY,Masonry
316493,SUMTER COUNTY,Masonry
109589,SUMTER COUNTY,Masonry
124621,SUMTER COUNTY,Masonry
871731,SUMTER COUNTY,Masonry
746595,SUMTER COUNTY,Masonry
634347,SUMTER COUNTY,Reinforced Masonry
125334,FLAGLER COUNTY,Masonry
341729,FLAGLER COUNTY,Masonry
721106,FLAGLER COUNTY,Reinforced Masonry
846516,FLAGLER COUNTY,Wood
750042,FLAGLER COUNTY,Reinforced Masonry
780731,FLAGLER COUNTY,Wood
169754,FLAGLER COUNTY,Wood
400752,FLAGLER COUNTY,Wood
331884,FLAGLER COUNTY,Wood
144867,FLAGLER COUNTY,Wood
815954,FLAGLER COUNTY,Wood
851350,FLAGLER COUNTY,Wood
398738,FLAGLER COUNTY,Wood
437663,FLAGLER COUNTY,Wood
601645,FLAGLER COUNTY,Wood
192394,FLAGLER COUNTY,Wood
223731,FLAGLER COUNTY,Wood
950204,FLAGLER COUNTY,Masonry
321084,FLAGLER COUNTY,Reinforced Masonry
110240,FLAGLER COUNTY,Reinforced Masonry
646844,FLAGLER COUNTY,Reinforced Masonry
246286,FLAGLER COUNTY,Masonry
219477,FLAGLER COUNTY,Wood
997455,FLAGLER COUNTY,Masonry
385492,FLAGLER COUNTY,Wood
661842,FLAGLER COUNTY,Wood
782685,FLAGLER COUNTY,Wood
396794,FLAGLER COUNTY,Wood
458717,FLAGLER COUNTY,Wood
719166,FLAGLER COUNTY,Reinforced Masonry
650380,FLAGLER COUNTY,Wood
950888,FLAGLER COUNTY,Wood
520987,VOLUSIA COUNTY,Wood
550708,VOLUSIA COUNTY,Reinforced Masonry
275481,VOLUSIA COUNTY,Reinforced Masonry
226681,VOLUSIA COUNTY,Wood
189174,VOLUSIA COUNTY,Reinforced Masonry
388959,VOLUSIA COUNTY,Reinforced Masonry
340020,VOLUSIA COUNTY,Wood
789448,VOLUSIA COUNTY,Wood
678216,VOLUSIA COUNTY,Wood
109920,VOLUSIA COUNTY,Wood
722873,VOLUSIA COUNTY,Wood
617670,VOLUSIA COUNTY,Wood
131874,VOLUSIA COUNTY,Wood
241370,VOLUSIA COUNTY,Wood
449602,VOLUSIA COUNTY,Wood
478999,VOLUSIA COUNTY,Reinforced Concrete
150409,VOLUSIA COUNTY,Masonry
915255,VOLUSIA COUNTY,Wood
510693,VOLUSIA COUNTY,Masonry
143818,VOLUSIA COUNTY,Wood
779686,VOLUSIA COUNTY,Wood
722997,VOLUSIA COUNTY,Wood
705313,VOLUSIA COUNTY,Wood
482645,VOLUSIA COUNTY,Wood
120229,VOLUSIA COUNTY,Wood
811095,VOLUSIA COUNTY,Wood
438018,VOLUSIA COUNTY,Masonry
768822,VOLUSIA COUNTY,Wood
772362,VOLUSIA COUNTY,Wood
314865,VOLUSIA COUNTY,Masonry
934948,VOLUSIA COUNTY,Wood
610740,VOLUSIA COUNTY,Wood
344770,VOLUSIA COUNTY,Masonry
931502,VOLUSIA COUNTY,Wood
872744,VOLUSIA COUNTY,Wood
214586,VOLUSIA COUNTY,Masonry
337127,VOLUSIA COUNTY,Masonry
337204,VOLUSIA COUNTY,Wood
253060,VOLUSIA COUNTY,Wood
610375,VOLUSIA COUNTY,Wood
787788,VOLUSIA COUNTY,Wood
455863,VOLUSIA COUNTY,Masonry
247631,VOLUSIA COUNTY,Wood
593301,VOLUSIA COUNTY,Wood
488886,VOLUSIA COUNTY,Wood
295000,VOLUSIA COUNTY,Wood
908937,VOLUSIA COUNTY,Wood
468187,VOLUSIA COUNTY,Wood
379881,VOLUSIA COUNTY,Wood
788402,VOLUSIA COUNTY,Wood
118596,VOLUSIA COUNTY,Wood
517493,VOLUSIA COUNTY,Masonry
186420,VOLUSIA COUNTY,Wood
908267,VOLUSIA COUNTY,Masonry
963871,VOLUSIA COUNTY,Wood
718252,VOLUSIA COUNTY,Wood
658095,VOLUSIA COUNTY,Wood
966848,VOLUSIA COUNTY,Wood
711857,VOLUSIA COUNTY,Wood
669609,VOLUSIA COUNTY,Wood
863245,VOLUSIA COUNTY,Wood
146468,VOLUSIA COUNTY,Wood
567227,VOLUSIA COUNTY,Wood
795810,VOLUSIA COUNTY,Wood
838576,VOLUSIA COUNTY,Wood
388986,VOLUSIA COUNTY,Wood
544168,VOLUSIA COUNTY,Wood
802530,VOLUSIA COUNTY,Wood
165046,VOLUSIA COUNTY,Wood
104976,VOLUSIA COUNTY,Wood
417171,VOLUSIA COUNTY,Wood
975058,VOLUSIA COUNTY,Wood
807765,VOLUSIA COUNTY,Wood
251583,VOLUSIA COUNTY,Wood
210615,VOLUSIA COUNTY,Wood
651325,VOLUSIA COUNTY,Wood
319741,VOLUSIA COUNTY,Wood
722377,VOLUSIA COUNTY,Wood
248441,VOLUSIA COUNTY,Wood
248570,VOLUSIA COUNTY,Masonry
272118,VOLUSIA COUNTY,Wood
145345,VOLUSIA COUNTY,Masonry
352149,VOLUSIA COUNTY,Wood
217396,VOLUSIA COUNTY,Masonry
429113,VOLUSIA COUNTY,Masonry
763815,VOLUSIA COUNTY,Wood
257132,VOLUSIA COUNTY,Reinforced Masonry
191982,VOLUSIA COUNTY,Reinforced Masonry
302095,VOLUSIA COUNTY,Reinforced Concrete
355164,VOLUSIA COUNTY,Reinforced Concrete
175085,VOLUSIA COUNTY,Masonry
161872,VOLUSIA COUNTY,Masonry
533629,VOLUSIA COUNTY,Masonry
858406,VOLUSIA COUNTY,Reinforced Masonry
285025,VOLUSIA COUNTY,Reinforced Masonry
895592,VOLUSIA COUNTY,Masonry
206619,VOLUSIA COUNTY,Masonry
435949,VOLUSIA COUNTY,Masonry
461449,VOLUSIA COUNTY,Masonry
905662,VOLUSIA COUNTY,Masonry
635039,VOLUSIA COUNTY,Reinforced Masonry
820600,VOLUSIA COUNTY,Masonry
104283,VOLUSIA COUNTY,Masonry
344567,VOLUSIA COUNTY,Reinforced Concrete
390647,VOLUSIA COUNTY,Masonry
687412,VOLUSIA COUNTY,Wood
702179,VOLUSIA COUNTY,Masonry
267362,VOLUSIA COUNTY,Masonry
993587,VOLUSIA COUNTY,Masonry
964628,VOLUSIA COUNTY,Wood
490241,VOLUSIA COUNTY,Wood
851104,VOLUSIA COUNTY,Wood
750803,VOLUSIA COUNTY,Wood
325394,VOLUSIA COUNTY,Masonry
380184,VOLUSIA COUNTY,Masonry
427478,VOLUSIA COUNTY,Masonry
652871,VOLUSIA COUNTY,Masonry
363169,VOLUSIA COUNTY,Wood
510053,VOLUSIA COUNTY,Wood
597401,VOLUSIA COUNTY,Wood
446085,VOLUSIA COUNTY,Wood
833892,VOLUSIA COUNTY,Wood
411540,VOLUSIA COUNTY,Wood
518607,VOLUSIA COUNTY,Wood
936683,VOLUSIA COUNTY,Wood
922803,VOLUSIA COUNTY,Wood
739051,VOLUSIA COUNTY,Wood
593852,VOLUSIA COUNTY,Wood
342807,VOLUSIA COUNTY,Wood
231517,VOLUSIA COUNTY,Wood
288380,VOLUSIA COUNTY,Wood
743172,VOLUSIA COUNTY,Wood
689102,VOLUSIA COUNTY,Wood
934296,VOLUSIA COUNTY,Wood
712242,VOLUSIA COUNTY,Wood
835068,VOLUSIA COUNTY,Wood
502795,VOLUSIA COUNTY,Wood
823681,VOLUSIA COUNTY,Wood
931855,VOLUSIA COUNTY,Wood
288831,VOLUSIA COUNTY,Wood
367379,VOLUSIA COUNTY,Wood
248688,VOLUSIA COUNTY,Wood
412421,VOLUSIA COUNTY,Wood
397884,VOLUSIA COUNTY,Wood
958340,VOLUSIA COUNTY,Wood
230201,VOLUSIA COUNTY,Wood
948395,VOLUSIA COUNTY,Wood
622812,VOLUSIA COUNTY,Reinforced Masonry
671040,VOLUSIA COUNTY,Masonry
769552,VOLUSIA COUNTY,Reinforced Masonry
480253,VOLUSIA COUNTY,Masonry
584882,VOLUSIA COUNTY,Masonry
665143,VOLUSIA COUNTY,Masonry
544248,VOLUSIA COUNTY,Wood
390443,VOLUSIA COUNTY,Wood
190066,VOLUSIA COUNTY,Wood
712059,VOLUSIA COUNTY,Masonry
208346,VOLUSIA COUNTY,Wood
900310,VOLUSIA COUNTY,Wood
346225,VOLUSIA COUNTY,Wood
883331,VOLUSIA COUNTY,Masonry
939552,VOLUSIA COUNTY,Wood
877896,VOLUSIA COUNTY,Wood
546349,VOLUSIA COUNTY,Wood
494431,VOLUSIA COUNTY,Wood
805034,VOLUSIA COUNTY,Wood
236937,VOLUSIA COUNTY,Wood
536401,VOLUSIA COUNTY,Wood
436103,VOLUSIA COUNTY,Wood
955859,VOLUSIA COUNTY,Wood
924137,VOLUSIA COUNTY,Wood
314403,VOLUSIA COUNTY,Reinforced Concrete
460074,VOLUSIA COUNTY,Wood
821418,VOLUSIA COUNTY,Wood
641045,VOLUSIA COUNTY,Wood
938089,VOLUSIA COUNTY,Wood
668100,VOLUSIA COUNTY,Wood
917824,VOLUSIA COUNTY,Masonry
822268,VOLUSIA COUNTY,Masonry
375813,VOLUSIA COUNTY,Masonry
101966,VOLUSIA COUNTY,Wood
348639,VOLUSIA COUNTY,Wood
322306,VOLUSIA COUNTY,Reinforced Masonry
257502,VOLUSIA COUNTY,Reinforced Masonry
852679,VOLUSIA COUNTY,Masonry
124120,VOLUSIA COUNTY,Masonry
804951,VOLUSIA COUNTY,Masonry
817095,VOLUSIA COUNTY,Reinforced Masonry
494140,VOLUSIA COUNTY,Reinforced Masonry
140314,VOLUSIA COUNTY,Wood
121536,VOLUSIA COUNTY,Reinforced Masonry
372877,VOLUSIA COUNTY,Masonry
616022,VOLUSIA COUNTY,Wood
534013,VOLUSIA COUNTY,Steel Frame
875969,VOLUSIA COUNTY,Masonry
711199,VOLUSIA COUNTY,Reinforced Masonry
911047,VOLUSIA COUNTY,Masonry
368958,VOLUSIA COUNTY,Reinforced Masonry
350268,VOLUSIA COUNTY,Wood
214997,VOLUSIA COUNTY,Masonry
473386,VOLUSIA COUNTY,Masonry
580467,VOLUSIA COUNTY,Masonry
768274,VOLUSIA COUNTY,Masonry
274203,VOLUSIA COUNTY,Masonry
651151,VOLUSIA COUNTY,Wood
303374,VOLUSIA COUNTY,Wood
216526,VOLUSIA COUNTY,Wood
209743,VOLUSIA COUNTY,Masonry
915117,VOLUSIA COUNTY,Wood
810727,VOLUSIA COUNTY,Reinforced Masonry
104202,VOLUSIA COUNTY,Masonry
698667,VOLUSIA COUNTY,Reinforced Masonry
689858,VOLUSIA COUNTY,Masonry
572239,VOLUSIA COUNTY,Reinforced Masonry
400544,VOLUSIA COUNTY,Masonry
180895,VOLUSIA COUNTY,Masonry
671103,VOLUSIA COUNTY,Masonry
912232,VOLUSIA COUNTY,Masonry
250554,VOLUSIA COUNTY,Masonry
640656,VOLUSIA COUNTY,Reinforced Masonry
294238,VOLUSIA COUNTY,Reinforced Masonry
111823,VOLUSIA COUNTY,Reinforced Concrete
393393,VOLUSIA COUNTY,Wood
595690,VOLUSIA COUNTY,Wood
204057,VOLUSIA COUNTY,Wood
636827,VOLUSIA COUNTY,Reinforced Masonry
454627,VOLUSIA COUNTY,Wood
475102,VOLUSIA COUNTY,Wood
990153,VOLUSIA COUNTY,Wood
838361,VOLUSIA COUNTY,Masonry
462967,VOLUSIA COUNTY,Masonry
246062,VOLUSIA COUNTY,Wood
471298,VOLUSIA COUNTY,Reinforced Masonry
760318,VOLUSIA COUNTY,Masonry
919553,VOLUSIA COUNTY,Wood
629086,VOLUSIA COUNTY,Wood
760194,VOLUSIA COUNTY,Masonry
931590,VOLUSIA COUNTY,Reinforced Masonry
637745,VOLUSIA COUNTY,Wood
104800,VOLUSIA COUNTY,Wood
992441,VOLUSIA COUNTY,Wood
385409,VOLUSIA COUNTY,Reinforced Masonry
258475,VOLUSIA COUNTY,Masonry
206916,VOLUSIA COUNTY,Wood
200383,VOLUSIA COUNTY,Wood
627890,VOLUSIA COUNTY,Wood
375314,VOLUSIA COUNTY,Wood
669789,VOLUSIA COUNTY,Masonry
988857,VOLUSIA COUNTY,Masonry
988994,VOLUSIA COUNTY,Wood
402907,VOLUSIA COUNTY,Masonry
513308,VOLUSIA COUNTY,Wood
567159,VOLUSIA COUNTY,Wood
502873,VOLUSIA COUNTY,Wood
511801,VOLUSIA COUNTY,Wood
484824,VOLUSIA COUNTY,Wood
723662,VOLUSIA COUNTY,Wood
685884,VOLUSIA COUNTY,Wood
188855,VOLUSIA COUNTY,Masonry
505620,VOLUSIA COUNTY,Masonry
800689,VOLUSIA COUNTY,Wood
175975,VOLUSIA COUNTY,Wood
245166,VOLUSIA COUNTY,Masonry
560945,VOLUSIA COUNTY,Masonry
755635,VOLUSIA COUNTY,Masonry
741913,VOLUSIA COUNTY,Masonry
406737,VOLUSIA COUNTY,Wood
190905,VOLUSIA COUNTY,Reinforced Masonry
334833,VOLUSIA COUNTY,Wood
373838,VOLUSIA COUNTY,Masonry
484447,VOLUSIA COUNTY,Wood
806973,VOLUSIA COUNTY,Wood
951753,VOLUSIA COUNTY,Wood
113173,VOLUSIA COUNTY,Masonry
258432,VOLUSIA COUNTY,Reinforced Masonry
783886,VOLUSIA COUNTY,Reinforced Masonry
348235,VOLUSIA COUNTY,Masonry
498962,VOLUSIA COUNTY,Masonry
929712,VOLUSIA COUNTY,Wood
805002,VOLUSIA COUNTY,Wood
580506,VOLUSIA COUNTY,Wood
548244,VOLUSIA COUNTY,Masonry
144354,VOLUSIA COUNTY,Masonry
111513,VOLUSIA COUNTY,Masonry
106797,VOLUSIA COUNTY,Masonry
380644,VOLUSIA COUNTY,Wood
522142,VOLUSIA COUNTY,Masonry
679150,VOLUSIA COUNTY,Masonry
674448,VOLUSIA COUNTY,Masonry
624913,VOLUSIA COUNTY,Wood
111097,VOLUSIA COUNTY,Masonry
568902,VOLUSIA COUNTY,Masonry
204861,VOLUSIA COUNTY,Reinforced Masonry
625408,VOLUSIA COUNTY,Masonry
781405,VOLUSIA COUNTY,Masonry
431180,VOLUSIA COUNTY,Masonry
698485,VOLUSIA COUNTY,Masonry
605133,VOLUSIA COUNTY,Wood
725775,VOLUSIA COUNTY,Wood
738050,VOLUSIA COUNTY,Wood
623147,VOLUSIA COUNTY,Wood
584199,VOLUSIA COUNTY,Wood
477552,VOLUSIA COUNTY,Wood
205174,VOLUSIA COUNTY,Wood
920994,VOLUSIA COUNTY,Masonry
414411,PUTNAM COUNTY,Masonry
127443,PUTNAM COUNTY,Masonry
646252,PUTNAM COUNTY,Masonry
149370,PUTNAM COUNTY,Masonry
813832,PUTNAM COUNTY,Wood
757437,PUTNAM COUNTY,Wood
663669,PUTNAM COUNTY,Wood
747742,PUTNAM COUNTY,Masonry
167170,PUTNAM COUNTY,Masonry
755668,PUTNAM COUNTY,Masonry
220765,PUTNAM COUNTY,Masonry
340423,PUTNAM COUNTY,Wood
296409,PUTNAM COUNTY,Wood
622541,PUTNAM COUNTY,Wood
433965,PUTNAM COUNTY,Wood
602037,PUTNAM COUNTY,Wood
112675,PUTNAM COUNTY,Wood
734077,PUTNAM COUNTY,Wood
175026,PUTNAM COUNTY,Wood
726776,PUTNAM COUNTY,Wood
421862,PUTNAM COUNTY,Wood
461685,PUTNAM COUNTY,Wood
398142,PUTNAM COUNTY,Wood
567345,PUTNAM COUNTY,Wood
104520,PUTNAM COUNTY,Wood
918562,PUTNAM COUNTY,Masonry
772923,PUTNAM COUNTY,Wood
213524,PUTNAM COUNTY,Wood
808555,PUTNAM COUNTY,Wood
790581,PUTNAM COUNTY,Masonry
433048,PUTNAM COUNTY,Masonry
286938,PUTNAM COUNTY,Wood
951072,PUTNAM COUNTY,Wood
840638,PUTNAM COUNTY,Wood
164554,PUTNAM COUNTY,Wood
761176,PUTNAM COUNTY,Wood
342057,PUTNAM COUNTY,Wood
500699,PUTNAM COUNTY,Wood
144162,PUTNAM COUNTY,Wood
838308,PUTNAM COUNTY,Wood
152466,PUTNAM COUNTY,Wood
718667,PUTNAM COUNTY,Masonry
843462,PUTNAM COUNTY,Wood
694205,PUTNAM COUNTY,Wood
586966,PUTNAM COUNTY,Wood
407937,PUTNAM COUNTY,Wood
135483,PUTNAM COUNTY,Wood
953453,PUTNAM COUNTY,Wood
968046,PUTNAM COUNTY,Masonry
327942,PUTNAM COUNTY,Masonry
316579,PUTNAM COUNTY,Masonry
120138,PUTNAM COUNTY,Masonry
602660,PUTNAM COUNTY,Wood
320882,PUTNAM COUNTY,Masonry
897337,PUTNAM COUNTY,Masonry
256496,PUTNAM COUNTY,Reinforced Masonry
212427,PUTNAM COUNTY,Reinforced Masonry
452606,PUTNAM COUNTY,Wood
778202,PUTNAM COUNTY,Masonry
824106,PUTNAM COUNTY,Masonry
466187,PUTNAM COUNTY,Wood
722185,PUTNAM COUNTY,Wood
366703,PUTNAM COUNTY,Wood
165387,PUTNAM COUNTY,Wood
186827,PUTNAM COUNTY,Wood
195618,PUTNAM COUNTY,Wood
254168,PUTNAM COUNTY,Wood
366391,PUTNAM COUNTY,Wood
958924,PUTNAM COUNTY,Wood
149130,PUTNAM COUNTY,Wood
419661,PUTNAM COUNTY,Wood
580558,PUTNAM COUNTY,Wood
725030,PUTNAM COUNTY,Wood
510264,PUTNAM COUNTY,Wood
690281,PUTNAM COUNTY,Wood
153307,PUTNAM COUNTY,Wood
139404,PUTNAM COUNTY,Wood
369596,PUTNAM COUNTY,Wood
457400,PUTNAM COUNTY,Wood
948366,PUTNAM COUNTY,Wood
789551,PUTNAM COUNTY,Wood
686031,PUTNAM COUNTY,Wood
387678,PUTNAM COUNTY,Wood
802100,PUTNAM COUNTY,Wood
711864,PUTNAM COUNTY,Wood
600326,PUTNAM COUNTY,Wood
558889,PUTNAM COUNTY,Wood
845140,PUTNAM COUNTY,Wood
920836,PUTNAM COUNTY,Wood
719430,PUTNAM COUNTY,Wood
934454,PUTNAM COUNTY,Wood
868012,PUTNAM COUNTY,Wood
246333,PUTNAM COUNTY,Wood
731771,PUTNAM COUNTY,Wood
253166,PUTNAM COUNTY,Wood
667946,PUTNAM COUNTY,Wood
793474,PUTNAM COUNTY,Wood
633596,PUTNAM COUNTY,Wood
717023,PUTNAM COUNTY,Wood
983699,PUTNAM COUNTY,Wood
114645,PUTNAM COUNTY,Wood
556597,PUTNAM COUNTY,Wood
893888,PUTNAM COUNTY,Wood
700728,PUTNAM COUNTY,Wood
699131,PUTNAM COUNTY,Wood
753170,PUTNAM COUNTY,Wood
425028,PUTNAM COUNTY,Wood
790428,PUTNAM COUNTY,Wood
811636,PUTNAM COUNTY,Wood
611934,PUTNAM COUNTY,Wood
637270,PUTNAM COUNTY,Wood
651817,PUTNAM COUNTY,Wood
422181,PUTNAM COUNTY,Wood
665319,PUTNAM COUNTY,Wood
639782,PUTNAM COUNTY,Wood
746587,PUTNAM COUNTY,Wood
776621,PUTNAM COUNTY,Wood
896823,PUTNAM COUNTY,Wood
413367,PUTNAM COUNTY,Wood
528932,PUTNAM COUNTY,Wood
116190,PUTNAM COUNTY,Wood
269195,PUTNAM COUNTY,Wood
518592,PUTNAM COUNTY,Wood
731173,PUTNAM COUNTY,Wood
986389,PUTNAM COUNTY,Wood
969190,PUTNAM COUNTY,Wood
337731,PUTNAM COUNTY,Wood
883874,PUTNAM COUNTY,Wood
486803,PUTNAM COUNTY,Wood
606038,PUTNAM COUNTY,Wood
861030,PUTNAM COUNTY,Wood
728023,PUTNAM COUNTY,Wood
897882,MARION COUNTY,Masonry
335532,MARION COUNTY,Wood
560335,MARION COUNTY,Wood
973846,MARION COUNTY,Wood
987432,MARION COUNTY,Masonry
404334,MARION COUNTY,Masonry
887112,MARION COUNTY,Wood
424987,MARION COUNTY,Wood
282987,MARION COUNTY,Wood
500286,MARION COUNTY,Wood
968794,MARION COUNTY,Wood
287417,MARION COUNTY,Wood
960682,MARION COUNTY,Wood
847731,MARION COUNTY,Wood
532586,MARION COUNTY,Wood
292311,MARION COUNTY,Wood
235460,MARION COUNTY,Wood
349312,MARION COUNTY,Wood
262622,MARION COUNTY,Wood
755177,MARION COUNTY,Wood
532414,MARION COUNTY,Wood
210726,MARION COUNTY,Wood
633881,MARION COUNTY,Wood
963319,MARION COUNTY,Wood
452489,MARION COUNTY,Wood
744343,MARION COUNTY,Wood
278402,MARION COUNTY,Wood
942613,MARION COUNTY,Wood
453278,MARION COUNTY,Wood
526027,VOLUSIA COUNTY,Masonry
142888,VOLUSIA COUNTY,Masonry
408741,VOLUSIA COUNTY,Masonry
530623,VOLUSIA COUNTY,Masonry
596770,VOLUSIA COUNTY,Masonry
501751,VOLUSIA COUNTY,Wood
859098,VOLUSIA COUNTY,Reinforced Masonry
385711,VOLUSIA COUNTY,Reinforced Masonry
835721,VOLUSIA COUNTY,Wood
819511,VOLUSIA COUNTY,Masonry
448836,VOLUSIA COUNTY,Wood
519469,PUTNAM COUNTY,Wood
641453,PUTNAM COUNTY,Wood
146663,PUTNAM COUNTY,Wood
141174,PUTNAM COUNTY,Wood
652748,PUTNAM COUNTY,Wood
126465,PUTNAM COUNTY,Wood
685449,PUTNAM COUNTY,Wood
243614,PUTNAM COUNTY,Wood
343488,PUTNAM COUNTY,Masonry
514958,PUTNAM COUNTY,Masonry
469516,VOLUSIA COUNTY,Wood
619865,VOLUSIA COUNTY,Masonry
673130,VOLUSIA COUNTY,Masonry
663647,VOLUSIA COUNTY,Wood
417480,MARION COUNTY,Wood
647418,MARION COUNTY,Masonry
929776,PUTNAM COUNTY,Wood
249458,PUTNAM COUNTY,Wood
769761,PUTNAM COUNTY,Wood
289204,PUTNAM COUNTY,Wood
243627,PUTNAM COUNTY,Wood
911789,PUTNAM COUNTY,Wood
418888,PUTNAM COUNTY,Wood
919862,PUTNAM COUNTY,Wood
547295,PUTNAM COUNTY,Wood
180891,PUTNAM COUNTY,Wood
219673,PUTNAM COUNTY,Wood
218022,PUTNAM COUNTY,Wood
906315,PUTNAM COUNTY,Wood
473173,PUTNAM COUNTY,Wood
418513,PUTNAM COUNTY,Wood
719197,PUTNAM COUNTY,Wood
544405,PUTNAM COUNTY,Wood
954587,PUTNAM COUNTY,Wood
906409,PUTNAM COUNTY,Wood
688845,PUTNAM COUNTY,Wood
533415,PUTNAM COUNTY,Wood
890244,PUTNAM COUNTY,Wood
261967,PUTNAM COUNTY,Wood
229301,PUTNAM COUNTY,Wood
788877,PUTNAM COUNTY,Wood
192040,PUTNAM COUNTY,Wood
196882,PUTNAM COUNTY,Wood
842062,PUTNAM COUNTY,Wood
983477,PUTNAM COUNTY,Wood
287991,PUTNAM COUNTY,Masonry
144550,MARION COUNTY,Masonry
841067,MARION COUNTY,Wood
397301,DUVAL COUNTY,Masonry
517039,DUVAL COUNTY,Wood
392922,DUVAL COUNTY,Reinforced Concrete
195994,DUVAL COUNTY,Masonry
482151,DUVAL COUNTY,Steel Frame
937306,DUVAL COUNTY,Steel Frame
723566,DUVAL COUNTY,Steel Frame
661386,DUVAL COUNTY,Steel Frame
166730,DUVAL COUNTY,Reinforced Concrete
480066,DUVAL COUNTY,Reinforced Concrete
912287,DUVAL COUNTY,Reinforced Concrete
153986,DUVAL COUNTY,Reinforced Masonry
843389,DUVAL COUNTY,Reinforced Masonry
494849,DUVAL COUNTY,Masonry
880406,DUVAL COUNTY,Masonry
448696,DUVAL COUNTY,Masonry
817925,DUVAL COUNTY,Masonry
441078,DUVAL COUNTY,Wood
385673,DUVAL COUNTY,Wood
711393,DUVAL COUNTY,Wood
915094,DUVAL COUNTY,Wood
698195,DUVAL COUNTY,Wood
221882,DUVAL COUNTY,Wood
235147,DUVAL COUNTY,Wood
260700,DUVAL COUNTY,Wood
554632,DUVAL COUNTY,Wood
102724,DUVAL COUNTY,Wood
391617,DUVAL COUNTY,Wood
802172,DUVAL COUNTY,Wood
928816,DUVAL COUNTY,Reinforced Masonry
139833,DUVAL COUNTY,Masonry
827415,DUVAL COUNTY,Wood
127986,DUVAL COUNTY,Wood
389677,DUVAL COUNTY,Steel Frame
167756,DUVAL COUNTY,Masonry
943230,DUVAL COUNTY,Wood
447656,DUVAL COUNTY,Wood
988900,DUVAL COUNTY,Wood
854635,DUVAL COUNTY,Steel Frame
469253,DUVAL COUNTY,Reinforced Masonry
463504,DUVAL COUNTY,Masonry
320105,DUVAL COUNTY,Masonry
366822,DUVAL COUNTY,Masonry
448661,DUVAL COUNTY,Wood
120733,DUVAL COUNTY,Wood
517542,DUVAL COUNTY,Masonry
906582,DUVAL COUNTY,Masonry
181664,DUVAL COUNTY,Reinforced Masonry
911013,DUVAL COUNTY,Masonry
850475,DUVAL COUNTY,Reinforced Masonry
296014,DUVAL COUNTY,Masonry
378986,DUVAL COUNTY,Reinforced Concrete
124034,DUVAL COUNTY,Masonry
774316,DUVAL COUNTY,Masonry
338819,DUVAL COUNTY,Masonry
858354,DUVAL COUNTY,Masonry
910482,DUVAL COUNTY,Masonry
188826,DUVAL COUNTY,Masonry
380502,DUVAL COUNTY,Wood
548302,DUVAL COUNTY,Wood
748193,DUVAL COUNTY,Wood
480533,DUVAL COUNTY,Wood
902221,DUVAL COUNTY,Masonry
311623,DUVAL COUNTY,Masonry
636620,DUVAL COUNTY,Masonry
475334,DUVAL COUNTY,Reinforced Masonry
777845,DUVAL COUNTY,Reinforced Masonry
172295,DUVAL COUNTY,Wood
841655,DUVAL COUNTY,Wood
874415,DUVAL COUNTY,Wood
387733,DUVAL COUNTY,Wood
406043,DUVAL COUNTY,Masonry
614784,DUVAL COUNTY,Wood
998442,DUVAL COUNTY,Masonry
883422,DUVAL COUNTY,Masonry
550451,DUVAL COUNTY,Wood
424701,DUVAL COUNTY,Masonry
743660,DUVAL COUNTY,Wood
544953,DUVAL COUNTY,Wood
443071,DUVAL COUNTY,Wood
763918,DUVAL COUNTY,Wood
909106,DUVAL COUNTY,Wood
696350,DUVAL COUNTY,Wood
614721,DUVAL COUNTY,Masonry
825480,DUVAL COUNTY,Reinforced Masonry
893370,DUVAL COUNTY,Masonry
265093,DUVAL COUNTY,Masonry
338380,DUVAL COUNTY,Masonry
808209,DUVAL COUNTY,Masonry
918251,DUVAL COUNTY,Masonry
688233,DUVAL COUNTY,Wood
933157,DUVAL COUNTY,Wood
841101,DUVAL COUNTY,Masonry
296240,DUVAL COUNTY,Wood
325203,DUVAL COUNTY,Wood
551803,DUVAL COUNTY,Wood
964837,DUVAL COUNTY,Wood
342084,DUVAL COUNTY,Reinforced Masonry
448818,DUVAL COUNTY,Masonry
420069,DUVAL COUNTY,Masonry
468565,DUVAL COUNTY,Masonry
392191,DUVAL COUNTY,Masonry
427015,DUVAL COUNTY,Masonry
645974,DUVAL COUNTY,Masonry
879633,DUVAL COUNTY,Masonry
119923,DUVAL COUNTY,Masonry
153856,DUVAL COUNTY,Masonry
641236,DUVAL COUNTY,Masonry
302939,DUVAL COUNTY,Wood
209859,DUVAL COUNTY,Wood
453301,DUVAL COUNTY,Reinforced Concrete
819507,DUVAL COUNTY,Reinforced Concrete
190938,DUVAL COUNTY,Reinforced Masonry
751740,DUVAL COUNTY,Reinforced Masonry
762833,DUVAL COUNTY,Reinforced Masonry
269651,DUVAL COUNTY,Reinforced Masonry
412870,DUVAL COUNTY,Reinforced Masonry
870808,DUVAL COUNTY,Reinforced Masonry
701807,DUVAL COUNTY,Reinforced Masonry
205168,DUVAL COUNTY,Reinforced Masonry
696966,DUVAL COUNTY,Reinforced Masonry
322600,DUVAL COUNTY,Masonry
742855,DUVAL COUNTY,Masonry
835987,DUVAL COUNTY,Masonry
485295,DUVAL COUNTY,Masonry
657011,DUVAL COUNTY,Wood
779930,DUVAL COUNTY,Wood
919303,DUVAL COUNTY,Wood
152122,DUVAL COUNTY,Wood
335771,DUVAL COUNTY,Wood
723515,DUVAL COUNTY,Wood
717067,DUVAL COUNTY,Wood
463688,DUVAL COUNTY,Wood
763804,DUVAL COUNTY,Wood
327093,DUVAL COUNTY,Wood
520008,DUVAL COUNTY,Wood
759343,DUVAL COUNTY,Wood
737417,DUVAL COUNTY,Wood
309800,DUVAL COUNTY,Wood
315773,DUVAL COUNTY,Wood
878728,DUVAL COUNTY,Wood
352127,DUVAL COUNTY,Wood
284961,DUVAL COUNTY,Wood
831475,DUVAL COUNTY,Masonry
201804,DUVAL COUNTY,Masonry
582791,DUVAL COUNTY,Reinforced Concrete
972041,DUVAL COUNTY,Wood
198560,DUVAL COUNTY,Wood
586732,DUVAL COUNTY,Masonry
794464,DUVAL COUNTY,Reinforced Masonry
122727,DUVAL COUNTY,Masonry
311988,DUVAL COUNTY,Reinforced Concrete
487833,DUVAL COUNTY,Reinforced Masonry
149890,DUVAL COUNTY,Reinforced Concrete
273093,DUVAL COUNTY,Wood
921109,DUVAL COUNTY,Wood
622617,DUVAL COUNTY,Wood
664690,DUVAL COUNTY,Masonry
486659,DUVAL COUNTY,Reinforced Masonry
701732,DUVAL COUNTY,Wood
564674,DUVAL COUNTY,Reinforced Concrete
988483,DUVAL COUNTY,Reinforced Concrete
140391,DUVAL COUNTY,Wood
373814,DUVAL COUNTY,Reinforced Masonry
402034,DUVAL COUNTY,Wood
447138,DUVAL COUNTY,Reinforced Concrete
392338,DUVAL COUNTY,Masonry
650279,DUVAL COUNTY,Reinforced Masonry
453084,DUVAL COUNTY,Reinforced Masonry
717217,DUVAL COUNTY,Reinforced Concrete
552374,DUVAL COUNTY,Reinforced Masonry
368027,DUVAL COUNTY,Reinforced Masonry
829499,DUVAL COUNTY,Masonry
107044,DUVAL COUNTY,Wood
339840,DUVAL COUNTY,Wood
711874,DUVAL COUNTY,Wood
248936,DUVAL COUNTY,Reinforced Masonry
640202,DUVAL COUNTY,Masonry
447614,DUVAL COUNTY,Masonry
867079,DUVAL COUNTY,Wood
601400,DUVAL COUNTY,Wood
903322,DUVAL COUNTY,Wood
622622,DUVAL COUNTY,Wood
966737,DUVAL COUNTY,Wood
797037,DUVAL COUNTY,Wood
902485,DUVAL COUNTY,Wood
505556,DUVAL COUNTY,Reinforced Concrete
790298,DUVAL COUNTY,Reinforced Masonry
859156,DUVAL COUNTY,Masonry
832369,DUVAL COUNTY,Reinforced Masonry
713455,DUVAL COUNTY,Masonry
461214,DUVAL COUNTY,Masonry
985958,DUVAL COUNTY,Wood
269939,DUVAL COUNTY,Wood
175266,DUVAL COUNTY,Wood
899012,DUVAL COUNTY,Wood
164985,DUVAL COUNTY,Masonry
489850,DUVAL COUNTY,Reinforced Masonry
182882,DUVAL COUNTY,Reinforced Masonry
232388,DUVAL COUNTY,Wood
607584,DUVAL COUNTY,Reinforced Masonry
277897,DUVAL COUNTY,Reinforced Masonry
215824,DUVAL COUNTY,Reinforced Masonry
196522,DUVAL COUNTY,Wood
231710,DUVAL COUNTY,Reinforced Masonry
336199,DUVAL COUNTY,Wood
701244,DUVAL COUNTY,Wood
390182,DUVAL COUNTY,Wood
513638,DUVAL COUNTY,Wood
974117,DUVAL COUNTY,Wood
926689,DUVAL COUNTY,Masonry
157336,DUVAL COUNTY,Masonry
297181,DUVAL COUNTY,Masonry
219299,DUVAL COUNTY,Wood
957192,DUVAL COUNTY,Masonry
813767,DUVAL COUNTY,Masonry
870537,DUVAL COUNTY,Masonry
968239,DUVAL COUNTY,Reinforced Masonry
490999,DUVAL COUNTY,Reinforced Masonry
163090,DUVAL COUNTY,Masonry
930584,DUVAL COUNTY,Masonry
668919,DUVAL COUNTY,Wood
786175,DUVAL COUNTY,Wood
895219,DUVAL COUNTY,Wood
238464,DUVAL COUNTY,Wood
849793,DUVAL COUNTY,Wood
724239,DUVAL COUNTY,Wood
544987,DUVAL COUNTY,Masonry
743034,DUVAL COUNTY,Wood
977940,DUVAL COUNTY,Wood
667105,DUVAL COUNTY,Masonry
573248,DUVAL COUNTY,Reinforced Concrete
880620,DUVAL COUNTY,Reinforced Concrete
600006,DUVAL COUNTY,Reinforced Masonry
793776,DUVAL COUNTY,Steel Frame
219141,DUVAL COUNTY,Steel Frame
370785,DUVAL COUNTY,Reinforced Masonry
826626,DUVAL COUNTY,Reinforced Masonry
234824,DUVAL COUNTY,Reinforced Concrete
158816,DUVAL COUNTY,Masonry
298168,DUVAL COUNTY,Reinforced Concrete
952386,DUVAL COUNTY,Wood
863080,DUVAL COUNTY,Masonry
953891,DUVAL COUNTY,Wood
228058,DUVAL COUNTY,Wood
844767,DUVAL COUNTY,Masonry
780551,DUVAL COUNTY,Wood
955322,DUVAL COUNTY,Wood
997100,DUVAL COUNTY,Masonry
470240,DUVAL COUNTY,Wood
168633,DUVAL COUNTY,Reinforced Masonry
128843,DUVAL COUNTY,Masonry
799935,DUVAL COUNTY,Wood
893423,DUVAL COUNTY,Masonry
746121,DUVAL COUNTY,Wood
631288,DUVAL COUNTY,Wood
237339,DUVAL COUNTY,Wood
793626,DUVAL COUNTY,Wood
856137,DUVAL COUNTY,Wood
170184,DUVAL COUNTY,Wood
444567,DUVAL COUNTY,Wood
194738,DUVAL COUNTY,Masonry
454808,DUVAL COUNTY,Masonry
402620,DUVAL COUNTY,Reinforced Masonry
756212,DUVAL COUNTY,Masonry
596649,DUVAL COUNTY,Masonry
487247,DUVAL COUNTY,Masonry
839614,DUVAL COUNTY,Masonry
981981,DUVAL COUNTY,Wood
612511,DUVAL COUNTY,Reinforced Masonry
530844,DUVAL COUNTY,Reinforced Masonry
446962,DUVAL COUNTY,Masonry
718729,DUVAL COUNTY,Masonry
123257,DUVAL COUNTY,Masonry
613286,DUVAL COUNTY,Wood
460660,DUVAL COUNTY,Wood
992831,DUVAL COUNTY,Masonry
206230,DUVAL COUNTY,Masonry
608663,DUVAL COUNTY,Reinforced Masonry
191487,DUVAL COUNTY,Masonry
936510,DUVAL COUNTY,Masonry
204720,DUVAL COUNTY,Reinforced Masonry
382220,DUVAL COUNTY,Masonry
386611,DUVAL COUNTY,Reinforced Concrete
958773,DUVAL COUNTY,Wood
290187,DUVAL COUNTY,Masonry
857732,DUVAL COUNTY,Masonry
532080,DUVAL COUNTY,Wood
461571,DUVAL COUNTY,Masonry
668577,DUVAL COUNTY,Wood
429604,DUVAL COUNTY,Wood
301370,DUVAL COUNTY,Reinforced Concrete
551967,DUVAL COUNTY,Reinforced Masonry
959582,DUVAL COUNTY,Reinforced Masonry
338419,DUVAL COUNTY,Masonry
828514,DUVAL COUNTY,Masonry
457542,DUVAL COUNTY,Masonry
512049,DUVAL COUNTY,Masonry
670276,DUVAL COUNTY,Wood
251589,DUVAL COUNTY,Wood
738467,DUVAL COUNTY,Wood
504179,DUVAL COUNTY,Wood
403201,DUVAL COUNTY,Wood
483095,DUVAL COUNTY,Wood
107759,DUVAL COUNTY,Wood
333922,DUVAL COUNTY,Wood
926608,DUVAL COUNTY,Wood
217658,DUVAL COUNTY,Wood
460638,DUVAL COUNTY,Masonry
902338,DUVAL COUNTY,Wood
997849,DUVAL COUNTY,Wood
500130,DUVAL COUNTY,Reinforced Masonry
258898,DUVAL COUNTY,Wood
216096,DUVAL COUNTY,Masonry
635216,DUVAL COUNTY,Masonry
254779,DUVAL COUNTY,Masonry
772924,DUVAL COUNTY,Masonry
211880,DUVAL COUNTY,Masonry
302142,DUVAL COUNTY,Masonry
874717,DUVAL COUNTY,Masonry
912868,DUVAL COUNTY,Masonry
839201,DUVAL COUNTY,Masonry
284427,DUVAL COUNTY,Reinforced Masonry
966438,DUVAL COUNTY,Masonry
192988,DUVAL COUNTY,Wood
882327,DUVAL COUNTY,Wood
677747,DUVAL COUNTY,Masonry
429510,DUVAL COUNTY,Reinforced Masonry
849612,DUVAL COUNTY,Masonry
198696,DUVAL COUNTY,Masonry
704517,DUVAL COUNTY,Masonry
538419,DUVAL COUNTY,Masonry
914146,DUVAL COUNTY,Wood
642764,DUVAL COUNTY,Wood
170616,DUVAL COUNTY,Wood
786753,DUVAL COUNTY,Reinforced Masonry
165874,DUVAL COUNTY,Reinforced Masonry
890223,DUVAL COUNTY,Masonry
146045,DUVAL COUNTY,Reinforced Masonry
968169,DUVAL COUNTY,Masonry
225884,DUVAL COUNTY,Reinforced Masonry
486786,DUVAL COUNTY,Wood
364567,DUVAL COUNTY,Wood
193636,DUVAL COUNTY,Reinforced Concrete
798507,DUVAL COUNTY,Masonry
912021,DUVAL COUNTY,Masonry
235211,DUVAL COUNTY,Masonry
449935,DUVAL COUNTY,Masonry
482709,DUVAL COUNTY,Masonry
719335,DUVAL COUNTY,Masonry
787410,DUVAL COUNTY,Wood
229169,DUVAL COUNTY,Wood
101803,DUVAL COUNTY,Wood
881092,DUVAL COUNTY,Masonry
335163,DUVAL COUNTY,Wood
207361,DUVAL COUNTY,Wood
206465,DUVAL COUNTY,Wood
666849,DUVAL COUNTY,Wood
251808,DUVAL COUNTY,Wood
339792,DUVAL COUNTY,Wood
625677,DUVAL COUNTY,Wood
243688,DUVAL COUNTY,Wood
609587,DUVAL COUNTY,Wood
761534,DUVAL COUNTY,Masonry
545820,DUVAL COUNTY,Masonry
301577,DUVAL COUNTY,Wood
365067,DUVAL COUNTY,Reinforced Masonry
730249,DUVAL COUNTY,Masonry
656860,DUVAL COUNTY,Wood
745150,DUVAL COUNTY,Wood
855576,DUVAL COUNTY,Wood
824071,DUVAL COUNTY,Wood
101435,DUVAL COUNTY,Wood
672037,DUVAL COUNTY,Masonry
893950,DUVAL COUNTY,Masonry
174113,DUVAL COUNTY,Masonry
507602,DUVAL COUNTY,Masonry
384205,DUVAL COUNTY,Masonry
110442,DUVAL COUNTY,Reinforced Masonry
455063,DUVAL COUNTY,Wood
543616,DUVAL COUNTY,Wood
568452,DUVAL COUNTY,Reinforced Masonry
284613,DUVAL COUNTY,Reinforced Masonry
534443,DUVAL COUNTY,Reinforced Masonry
573663,DUVAL COUNTY,Masonry
259340,DUVAL COUNTY,Reinforced Masonry
782907,DUVAL COUNTY,Reinforced Masonry
176541,DUVAL COUNTY,Wood
896086,DUVAL COUNTY,Masonry
967630,DUVAL COUNTY,Reinforced Masonry
173405,DUVAL COUNTY,Masonry
315682,DUVAL COUNTY,Wood
821081,DUVAL COUNTY,Wood
538895,DUVAL COUNTY,Wood
280239,DUVAL COUNTY,Wood
429358,DUVAL COUNTY,Reinforced Masonry
132788,DUVAL COUNTY,Masonry
916148,DUVAL COUNTY,Wood
249043,DUVAL COUNTY,Masonry
876989,DUVAL COUNTY,Wood
284830,DUVAL COUNTY,Reinforced Masonry
412724,DUVAL COUNTY,Wood
759074,DUVAL COUNTY,Reinforced Concrete
207362,DUVAL COUNTY,Reinforced Masonry
999216,DUVAL COUNTY,Masonry
512085,DUVAL COUNTY,Wood
173324,DUVAL COUNTY,Masonry
377010,DUVAL COUNTY,Wood
582596,DUVAL COUNTY,Wood
861370,DUVAL COUNTY,Masonry
999091,DUVAL COUNTY,Wood
628778,DUVAL COUNTY,Wood
365492,DUVAL COUNTY,Masonry
687502,DUVAL COUNTY,Reinforced Masonry
500980,DUVAL COUNTY,Wood
853505,DUVAL COUNTY,Wood
890983,DUVAL COUNTY,Reinforced Concrete
856135,DUVAL COUNTY,Reinforced Masonry
188214,DUVAL COUNTY,Reinforced Masonry
936547,DUVAL COUNTY,Masonry
696904,DUVAL COUNTY,Masonry
436225,DUVAL COUNTY,Masonry
199533,DUVAL COUNTY,Masonry
242434,DUVAL COUNTY,Wood
252035,DUVAL COUNTY,Wood
321400,DUVAL COUNTY,Wood
919929,DUVAL COUNTY,Wood
585185,DUVAL COUNTY,Wood
478446,DUVAL COUNTY,Wood
708815,DUVAL COUNTY,Wood
345490,DUVAL COUNTY,Masonry
419414,DUVAL COUNTY,Masonry
127076,DUVAL COUNTY,Reinforced Masonry
166342,DUVAL COUNTY,Wood
836614,DUVAL COUNTY,Wood
484522,DUVAL COUNTY,Wood
621324,DUVAL COUNTY,Reinforced Masonry
154445,DUVAL COUNTY,Masonry
718596,DUVAL COUNTY,Masonry
773384,DUVAL COUNTY,Reinforced Masonry
357710,DUVAL COUNTY,Wood
526088,DUVAL COUNTY,Wood
745477,DUVAL COUNTY,Masonry
171647,DUVAL COUNTY,Masonry
810829,DUVAL COUNTY,Wood
684944,DUVAL COUNTY,Reinforced Concrete
619262,DUVAL COUNTY,Wood
312635,DUVAL COUNTY,Masonry
727722,DUVAL COUNTY,Masonry
399238,DUVAL COUNTY,Masonry
663096,DUVAL COUNTY,Masonry
318597,DUVAL COUNTY,Wood
346705,DUVAL COUNTY,Wood
506822,DUVAL COUNTY,Wood
913753,DUVAL COUNTY,Reinforced Concrete
926726,DUVAL COUNTY,Masonry
536182,DUVAL COUNTY,Masonry
340126,DUVAL COUNTY,Masonry
750560,DUVAL COUNTY,Masonry
644559,DUVAL COUNTY,Masonry
496964,DUVAL COUNTY,Wood
553602,DUVAL COUNTY,Wood
939079,DUVAL COUNTY,Reinforced Masonry
827672,DUVAL COUNTY,Masonry
206006,DUVAL COUNTY,Reinforced Masonry
230656,DUVAL COUNTY,Masonry
280510,DUVAL COUNTY,Reinforced Concrete
524196,DUVAL COUNTY,Masonry
927241,DUVAL COUNTY,Wood
991142,DUVAL COUNTY,Wood
834720,DUVAL COUNTY,Wood
800649,DUVAL COUNTY,Wood
932040,DUVAL COUNTY,Wood
384396,DUVAL COUNTY,Masonry
582723,DUVAL COUNTY,Wood
770816,DUVAL COUNTY,Wood
732462,DUVAL COUNTY,Wood
450936,DUVAL COUNTY,Masonry
541953,DUVAL COUNTY,Reinforced Masonry
743033,DUVAL COUNTY,Reinforced Masonry
754529,DUVAL COUNTY,Wood
161907,DUVAL COUNTY,Wood
829142,DUVAL COUNTY,Wood
931851,DUVAL COUNTY,Masonry
582859,DUVAL COUNTY,Reinforced Masonry
770002,DUVAL COUNTY,Masonry
163630,DUVAL COUNTY,Masonry
537904,DUVAL COUNTY,Masonry
727550,DUVAL COUNTY,Reinforced Masonry
841337,DUVAL COUNTY,Masonry
133071,DUVAL COUNTY,Wood
504717,DUVAL COUNTY,Masonry
845471,DUVAL COUNTY,Masonry
333777,DUVAL COUNTY,Wood
207292,DUVAL COUNTY,Masonry
838765,DUVAL COUNTY,Masonry
894705,DUVAL COUNTY,Reinforced Masonry
867861,DUVAL COUNTY,Wood
128204,DUVAL COUNTY,Reinforced Masonry
552958,DUVAL COUNTY,Reinforced Masonry
239613,DUVAL COUNTY,Wood
106639,DUVAL COUNTY,Masonry
812087,DUVAL COUNTY,Wood
411523,DUVAL COUNTY,Wood
509413,DUVAL COUNTY,Wood
237155,DUVAL COUNTY,Masonry
375058,DUVAL COUNTY,Reinforced Masonry
734155,DUVAL COUNTY,Reinforced Masonry
806074,DUVAL COUNTY,Reinforced Masonry
108291,DUVAL COUNTY,Reinforced Concrete
922427,DUVAL COUNTY,Reinforced Concrete
255713,DUVAL COUNTY,Reinforced Concrete
233094,DUVAL COUNTY,Reinforced Masonry
751459,DUVAL COUNTY,Masonry
637795,DUVAL COUNTY,Masonry
556581,DUVAL COUNTY,Masonry
938159,DUVAL COUNTY,Masonry
295440,DUVAL COUNTY,Masonry
709919,DUVAL COUNTY,Masonry
517676,DUVAL COUNTY,Masonry
246217,DUVAL COUNTY,Wood
415232,DUVAL COUNTY,Wood
763029,DUVAL COUNTY,Wood
270169,DUVAL COUNTY,Wood
936285,DUVAL COUNTY,Wood
187543,DUVAL COUNTY,Wood
542204,DUVAL COUNTY,Wood
712934,DUVAL COUNTY,Wood
178087,DUVAL COUNTY,Masonry
726547,DUVAL COUNTY,Masonry
707185,DUVAL COUNTY,Wood
713563,DUVAL COUNTY,Wood
974564,DUVAL COUNTY,Wood
411177,DUVAL COUNTY,Wood
218570,DUVAL COUNTY,Wood
450928,DUVAL COUNTY,Wood
697234,DUVAL COUNTY,Masonry
474243,DUVAL COUNTY,Wood
540104,DUVAL COUNTY,Wood
176651,DUVAL COUNTY,Wood
701538,DUVAL COUNTY,Wood
617622,DUVAL COUNTY,Wood
851420,DUVAL COUNTY,Reinforced Masonry
418427,DUVAL COUNTY,Masonry
941834,DUVAL COUNTY,Masonry
571392,DUVAL COUNTY,Masonry
774866,DUVAL COUNTY,Wood
370192,DUVAL COUNTY,Masonry
487153,DUVAL COUNTY,Wood
982085,DUVAL COUNTY,Masonry
549792,DUVAL COUNTY,Wood
483567,DUVAL COUNTY,Wood
586514,DUVAL COUNTY,Wood
235441,DUVAL COUNTY,Wood
443370,DUVAL COUNTY,Wood
920996,DUVAL COUNTY,Wood
915081,DUVAL COUNTY,Wood
969495,DUVAL COUNTY,Wood
545040,DUVAL COUNTY,Wood
928384,DUVAL COUNTY,Wood
481363,DUVAL COUNTY,Wood
324352,DUVAL COUNTY,Wood
914237,DUVAL COUNTY,Wood
353552,DUVAL COUNTY,Wood
486576,DUVAL COUNTY,Wood
933585,DUVAL COUNTY,Wood
342063,DUVAL COUNTY,Wood
401013,DUVAL COUNTY,Wood
808535,DUVAL COUNTY,Wood
545038,DUVAL COUNTY,Wood
785972,DUVAL COUNTY,Wood
510173,DUVAL COUNTY,Wood
853216,DUVAL COUNTY,Wood
495035,DUVAL COUNTY,Wood
217355,DUVAL COUNTY,Wood
672610,DUVAL COUNTY,Wood
281231,DUVAL COUNTY,Wood
364437,DUVAL COUNTY,Wood
711740,DUVAL COUNTY,Wood
815634,DUVAL COUNTY,Wood
706146,DUVAL COUNTY,Wood
422556,DUVAL COUNTY,Wood
786106,DUVAL COUNTY,Wood
718518,DUVAL COUNTY,Wood
288192,DUVAL COUNTY,Wood
340355,DUVAL COUNTY,Wood
860868,DUVAL COUNTY,Wood
230754,DUVAL COUNTY,Wood
230159,DUVAL COUNTY,Wood
957652,DUVAL COUNTY,Wood
973610,DUVAL COUNTY,Wood
478749,DUVAL COUNTY,Wood
904934,DUVAL COUNTY,Wood
782326,DUVAL COUNTY,Wood
577375,DUVAL COUNTY,Wood
868013,DUVAL COUNTY,Wood
688940,DUVAL COUNTY,Wood
137828,DUVAL COUNTY,Wood
775415,DUVAL COUNTY,Wood
667856,DUVAL COUNTY,Wood
532175,DUVAL COUNTY,Wood
243790,DUVAL COUNTY,Wood
357518,DUVAL COUNTY,Wood
814817,DUVAL COUNTY,Wood
952618,DUVAL COUNTY,Wood
214492,DUVAL COUNTY,Wood
345348,DUVAL COUNTY,Wood
908821,DUVAL COUNTY,Wood
348975,DUVAL COUNTY,Wood
156178,DUVAL COUNTY,Wood
274358,DUVAL COUNTY,Wood
781421,DUVAL COUNTY,Wood
286390,DUVAL COUNTY,Wood
248051,DUVAL COUNTY,Wood
720081,DUVAL COUNTY,Wood
762222,DUVAL COUNTY,Wood
282336,DUVAL COUNTY,Wood
164535,DUVAL COUNTY,Wood
145837,DUVAL COUNTY,Wood
480654,DUVAL COUNTY,Wood
972646,DUVAL COUNTY,Wood
990168,DUVAL COUNTY,Wood
558499,DUVAL COUNTY,Wood
493218,DUVAL COUNTY,Wood
120729,DUVAL COUNTY,Wood
384210,DUVAL COUNTY,Wood
803204,DUVAL COUNTY,Wood
639710,DUVAL COUNTY,Wood
869975,DUVAL COUNTY,Wood
246939,DUVAL COUNTY,Masonry
585895,DUVAL COUNTY,Wood
100958,DUVAL COUNTY,Wood
582610,DUVAL COUNTY,Wood
346628,DUVAL COUNTY,Wood
387611,DUVAL COUNTY,Wood
289968,DUVAL COUNTY,Wood
940108,DUVAL COUNTY,Wood
621457,DUVAL COUNTY,Wood
456295,DUVAL COUNTY,Wood
911398,DUVAL COUNTY,Wood
730900,DUVAL COUNTY,Wood
480618,DUVAL COUNTY,Wood
445793,DUVAL COUNTY,Wood
337519,DUVAL COUNTY,Wood
109836,DUVAL COUNTY,Reinforced Masonry
645592,DUVAL COUNTY,Reinforced Masonry
479355,DUVAL COUNTY,Reinforced Masonry
139324,DUVAL COUNTY,Wood
376425,DUVAL COUNTY,Wood
318078,DUVAL COUNTY,Wood
164472,DUVAL COUNTY,Reinforced Concrete
192618,DUVAL COUNTY,Wood
564766,DUVAL COUNTY,Reinforced Masonry
405806,DUVAL COUNTY,Masonry
562814,DUVAL COUNTY,Wood
782849,DUVAL COUNTY,Masonry
341345,DUVAL COUNTY,Masonry
623931,DUVAL COUNTY,Wood
969793,DUVAL COUNTY,Wood
208365,DUVAL COUNTY,Wood
420037,DUVAL COUNTY,Wood
397663,DUVAL COUNTY,Wood
895362,DUVAL COUNTY,Wood
324149,DUVAL COUNTY,Wood
587133,DUVAL COUNTY,Wood
963719,DUVAL COUNTY,Wood
178523,DUVAL COUNTY,Wood
729670,DUVAL COUNTY,Wood
568470,DUVAL COUNTY,Wood
174733,DUVAL COUNTY,Wood
412946,DUVAL COUNTY,Wood
483716,DUVAL COUNTY,Wood
295759,DUVAL COUNTY,Wood
946869,DUVAL COUNTY,Wood
409180,DUVAL COUNTY,Wood
667670,DUVAL COUNTY,Wood
916933,DUVAL COUNTY,Wood
853616,DUVAL COUNTY,Wood
925630,DUVAL COUNTY,Wood
723876,DUVAL COUNTY,Masonry
735617,DUVAL COUNTY,Wood
856749,DUVAL COUNTY,Reinforced Masonry
102437,DUVAL COUNTY,Wood
114994,DUVAL COUNTY,Wood
383160,DUVAL COUNTY,Masonry
797429,DUVAL COUNTY,Wood
672755,DUVAL COUNTY,Reinforced Masonry
431116,DUVAL COUNTY,Reinforced Masonry
422031,DUVAL COUNTY,Masonry
459768,DUVAL COUNTY,Wood
559563,DUVAL COUNTY,Wood
928718,DUVAL COUNTY,Wood
773847,DUVAL COUNTY,Wood
383345,DUVAL COUNTY,Wood
724935,DUVAL COUNTY,Masonry
107311,DUVAL COUNTY,Masonry
690183,DUVAL COUNTY,Reinforced Masonry
308802,DUVAL COUNTY,Wood
104318,DUVAL COUNTY,Masonry
729918,DUVAL COUNTY,Wood
871118,DUVAL COUNTY,Wood
941750,DUVAL COUNTY,Wood
193814,DUVAL COUNTY,Reinforced Concrete
665105,DUVAL COUNTY,Wood
423821,DUVAL COUNTY,Reinforced Masonry
450754,DUVAL COUNTY,Reinforced Masonry
759085,DUVAL COUNTY,Reinforced Masonry
384023,DUVAL COUNTY,Reinforced Masonry
587906,DUVAL COUNTY,Masonry
726892,DUVAL COUNTY,Masonry
646948,DUVAL COUNTY,Masonry
604994,DUVAL COUNTY,Wood
800258,DUVAL COUNTY,Wood
827229,DUVAL COUNTY,Wood
854632,DUVAL COUNTY,Wood
830494,DUVAL COUNTY,Wood
527932,DUVAL COUNTY,Wood
902255,DUVAL COUNTY,Wood
759002,DUVAL COUNTY,Masonry
180762,DUVAL COUNTY,Masonry
901112,DUVAL COUNTY,Masonry
211305,DUVAL COUNTY,Masonry
353567,DUVAL COUNTY,Wood
915554,DUVAL COUNTY,Masonry
873056,DUVAL COUNTY,Reinforced Masonry
333441,DUVAL COUNTY,Steel Frame
833677,DUVAL COUNTY,Masonry
406375,DUVAL COUNTY,Masonry
965496,DUVAL COUNTY,Wood
901919,DUVAL COUNTY,Masonry
300785,DUVAL COUNTY,Masonry
771266,DUVAL COUNTY,Masonry
105129,DUVAL COUNTY,Wood
730776,DUVAL COUNTY,Masonry
198647,DUVAL COUNTY,Masonry
242044,DUVAL COUNTY,Masonry
359929,DUVAL COUNTY,Masonry
402454,DUVAL COUNTY,Wood
895879,DUVAL COUNTY,Masonry
281895,DUVAL COUNTY,Reinforced Masonry
851956,DUVAL COUNTY,Masonry
219718,DUVAL COUNTY,Reinforced Masonry
585451,DUVAL COUNTY,Reinforced Concrete
154554,DUVAL COUNTY,Reinforced Concrete
594209,DUVAL COUNTY,Reinforced Masonry
838270,DUVAL COUNTY,Reinforced Masonry
711868,DUVAL COUNTY,Reinforced Masonry
554346,DUVAL COUNTY,Reinforced Masonry
246723,DUVAL COUNTY,Wood
569476,DUVAL COUNTY,Masonry
261491,DUVAL COUNTY,Reinforced Masonry
574328,DUVAL COUNTY,Wood
796619,DUVAL COUNTY,Wood
557976,DUVAL COUNTY,Masonry
710908,DUVAL COUNTY,Wood
464618,DUVAL COUNTY,Masonry
761767,DUVAL COUNTY,Reinforced Masonry
801118,DUVAL COUNTY,Masonry
928970,DUVAL COUNTY,Masonry
322737,DUVAL COUNTY,Reinforced Masonry
523421,DUVAL COUNTY,Wood
310772,DUVAL COUNTY,Wood
869548,DUVAL COUNTY,Wood
471477,DUVAL COUNTY,Wood
188299,DUVAL COUNTY,Wood
667967,DUVAL COUNTY,Wood
739537,DUVAL COUNTY,Reinforced Masonry
535324,DUVAL COUNTY,Wood
529779,DUVAL COUNTY,Reinforced Concrete
913205,DUVAL COUNTY,Reinforced Masonry
991263,DUVAL COUNTY,Reinforced Masonry
315310,DUVAL COUNTY,Reinforced Masonry
200402,DUVAL COUNTY,Masonry
819001,DUVAL COUNTY,Masonry
171818,DUVAL COUNTY,Masonry
176491,DUVAL COUNTY,Wood
717794,DUVAL COUNTY,Wood
497818,DUVAL COUNTY,Wood
157889,DUVAL COUNTY,Wood
536081,DUVAL COUNTY,Wood
409738,DUVAL COUNTY,Masonry
968630,DUVAL COUNTY,Masonry
107124,DUVAL COUNTY,Wood
284779,DUVAL COUNTY,Wood
422053,DUVAL COUNTY,Wood
111101,DUVAL COUNTY,Reinforced Masonry
579613,DUVAL COUNTY,Masonry
511385,DUVAL COUNTY,Wood
139280,DUVAL COUNTY,Masonry
389456,DUVAL COUNTY,Reinforced Masonry
220865,DUVAL COUNTY,Wood
856986,DUVAL COUNTY,Reinforced Masonry
232360,DUVAL COUNTY,Wood
405057,DUVAL COUNTY,Wood
617694,DUVAL COUNTY,Wood
244330,DUVAL COUNTY,Masonry
264377,DUVAL COUNTY,Reinforced Masonry
207380,DUVAL COUNTY,Masonry
842935,DUVAL COUNTY,Masonry
646134,DUVAL COUNTY,Wood
213283,DUVAL COUNTY,Masonry
721764,DUVAL COUNTY,Reinforced Concrete
743953,DUVAL COUNTY,Wood
841558,DUVAL COUNTY,Wood
796114,DUVAL COUNTY,Wood
380285,DUVAL COUNTY,Wood
626109,DUVAL COUNTY,Wood
360427,DUVAL COUNTY,Masonry
179184,DUVAL COUNTY,Wood
791075,DUVAL COUNTY,Wood
210957,DUVAL COUNTY,Wood
588496,DUVAL COUNTY,Masonry
635259,DUVAL COUNTY,Reinforced Concrete
740700,DUVAL COUNTY,Wood
428807,DUVAL COUNTY,Wood
669495,DUVAL COUNTY,Masonry
541636,DUVAL COUNTY,Masonry
174537,DUVAL COUNTY,Masonry
378504,DUVAL COUNTY,Masonry
577853,DUVAL COUNTY,Masonry
628707,DUVAL COUNTY,Masonry
438740,DUVAL COUNTY,Masonry
278931,DUVAL COUNTY,Wood
975429,DUVAL COUNTY,Wood
594639,DUVAL COUNTY,Wood
496930,DUVAL COUNTY,Wood
118064,DUVAL COUNTY,Wood
932134,DUVAL COUNTY,Reinforced Masonry
379408,DUVAL COUNTY,Reinforced Masonry
315145,DUVAL COUNTY,Masonry
580740,DUVAL COUNTY,Masonry
628066,DUVAL COUNTY,Reinforced Masonry
547288,DUVAL COUNTY,Wood
539737,DUVAL COUNTY,Wood
974180,DUVAL COUNTY,Wood
546022,DUVAL COUNTY,Masonry
723361,DUVAL COUNTY,Masonry
909171,DUVAL COUNTY,Masonry
487212,DUVAL COUNTY,Wood
897775,DUVAL COUNTY,Masonry
214761,DUVAL COUNTY,Reinforced Concrete
221437,DUVAL COUNTY,Reinforced Concrete
965140,DUVAL COUNTY,Masonry
662004,DUVAL COUNTY,Reinforced Concrete
591553,DUVAL COUNTY,Reinforced Masonry
160616,DUVAL COUNTY,Reinforced Masonry
645658,DUVAL COUNTY,Reinforced Masonry
168521,DUVAL COUNTY,Reinforced Masonry
351414,DUVAL COUNTY,Masonry
787236,DUVAL COUNTY,Reinforced Masonry
846357,DUVAL COUNTY,Reinforced Masonry
198887,DUVAL COUNTY,Reinforced Masonry
884480,DUVAL COUNTY,Reinforced Masonry
268813,DUVAL COUNTY,Masonry
105198,DUVAL COUNTY,Masonry
102191,DUVAL COUNTY,Masonry
790098,DUVAL COUNTY,Wood
150290,DUVAL COUNTY,Wood
102866,DUVAL COUNTY,Wood
183279,DUVAL COUNTY,Wood
757083,DUVAL COUNTY,Wood
603241,DUVAL COUNTY,Wood
892889,DUVAL COUNTY,Wood
117037,DUVAL COUNTY,Wood
264682,DUVAL COUNTY,Wood
338489,DUVAL COUNTY,Wood
648665,DUVAL COUNTY,Wood
150695,DUVAL COUNTY,Wood
136639,DUVAL COUNTY,Wood
409110,DUVAL COUNTY,Wood
192734,DUVAL COUNTY,Wood
213965,DUVAL COUNTY,Wood
175712,DUVAL COUNTY,Wood
792352,DUVAL COUNTY,Wood
508383,DUVAL COUNTY,Wood
384541,DUVAL COUNTY,Wood
429765,DUVAL COUNTY,Wood
927093,DUVAL COUNTY,Wood
568351,DUVAL COUNTY,Wood
933877,DUVAL COUNTY,Wood
496063,DUVAL COUNTY,Wood
655348,DUVAL COUNTY,Wood
348597,DUVAL COUNTY,Wood
495893,DUVAL COUNTY,Wood
847597,DUVAL COUNTY,Wood
864557,DUVAL COUNTY,Wood
845076,DUVAL COUNTY,Wood
980284,DUVAL COUNTY,Wood
324184,DUVAL COUNTY,Wood
476767,DUVAL COUNTY,Masonry
143683,DUVAL COUNTY,Masonry
485593,DUVAL COUNTY,Masonry
843782,DUVAL COUNTY,Wood
170059,DUVAL COUNTY,Wood
949433,DUVAL COUNTY,Masonry
189445,DUVAL COUNTY,Masonry
333257,DUVAL COUNTY,Masonry
131897,DUVAL COUNTY,Wood
425036,DUVAL COUNTY,Reinforced Masonry
935528,DUVAL COUNTY,Masonry
139043,DUVAL COUNTY,Reinforced Masonry
379733,DUVAL COUNTY,Reinforced Masonry
849713,DUVAL COUNTY,Wood
585502,DUVAL COUNTY,Reinforced Masonry
313666,DUVAL COUNTY,Reinforced Masonry
911305,DUVAL COUNTY,Masonry
874250,DUVAL COUNTY,Reinforced Concrete
198729,DUVAL COUNTY,Reinforced Concrete
847197,DUVAL COUNTY,Masonry
909904,DUVAL COUNTY,Masonry
282398,DUVAL COUNTY,Wood
927909,DUVAL COUNTY,Reinforced Masonry
297758,DUVAL COUNTY,Reinforced Masonry
945725,DUVAL COUNTY,Masonry
536578,DUVAL COUNTY,Wood
621542,DUVAL COUNTY,Reinforced Masonry
864793,DUVAL COUNTY,Reinforced Masonry
327703,DUVAL COUNTY,Wood
738926,DUVAL COUNTY,Masonry
404619,DUVAL COUNTY,Masonry
599474,DUVAL COUNTY,Masonry
725129,DUVAL COUNTY,Wood
407406,DUVAL COUNTY,Masonry
396460,DUVAL COUNTY,Reinforced Masonry
519215,DUVAL COUNTY,Wood
287969,DUVAL COUNTY,Reinforced Masonry
880576,DUVAL COUNTY,Masonry
133645,DUVAL COUNTY,Reinforced Masonry
131923,DUVAL COUNTY,Reinforced Masonry
970783,DUVAL COUNTY,Masonry
555598,DUVAL COUNTY,Wood
709029,DUVAL COUNTY,Masonry
114660,DUVAL COUNTY,Masonry
337714,DUVAL COUNTY,Reinforced Masonry
591770,DUVAL COUNTY,Steel Frame
669487,DUVAL COUNTY,Reinforced Concrete
128750,DUVAL COUNTY,Masonry
984571,DUVAL COUNTY,Wood
280520,DUVAL COUNTY,Wood
909440,DUVAL COUNTY,Wood
445172,DUVAL COUNTY,Wood
704196,DUVAL COUNTY,Wood
491976,DUVAL COUNTY,Wood
223478,DUVAL COUNTY,Wood
731592,DUVAL COUNTY,Wood
422969,DUVAL COUNTY,Masonry
574892,DUVAL COUNTY,Masonry
304932,DUVAL COUNTY,Reinforced Concrete
394786,DUVAL COUNTY,Steel Frame
710436,DUVAL COUNTY,Masonry
892367,DUVAL COUNTY,Masonry
467880,DUVAL COUNTY,Wood
686786,DUVAL COUNTY,Wood
550835,DUVAL COUNTY,Wood
773685,DUVAL COUNTY,Wood
140492,DUVAL COUNTY,Wood
495750,DUVAL COUNTY,Reinforced Masonry
895914,DUVAL COUNTY,Reinforced Masonry
235605,DUVAL COUNTY,Masonry
840808,DUVAL COUNTY,Wood
339551,DUVAL COUNTY,Wood
584756,DUVAL COUNTY,Wood
863470,DUVAL COUNTY,Masonry
228753,DUVAL COUNTY,Reinforced Masonry
174369,DUVAL COUNTY,Reinforced Masonry
986160,DUVAL COUNTY,Wood
551119,DUVAL COUNTY,Masonry
842253,DUVAL COUNTY,Masonry
831288,DUVAL COUNTY,Wood
125296,DUVAL COUNTY,Wood
795767,DUVAL COUNTY,Masonry
664185,DUVAL COUNTY,Masonry
348389,DUVAL COUNTY,Wood
170182,DUVAL COUNTY,Masonry
402715,DUVAL COUNTY,Wood
837488,DUVAL COUNTY,Wood
906219,DUVAL COUNTY,Masonry
180083,DUVAL COUNTY,Reinforced Masonry
367923,DUVAL COUNTY,Wood
442762,DUVAL COUNTY,Wood
342554,DUVAL COUNTY,Masonry
428376,DUVAL COUNTY,Wood
170684,DUVAL COUNTY,Wood
480189,DUVAL COUNTY,Wood
806689,DUVAL COUNTY,Wood
195895,DUVAL COUNTY,Wood
425241,DUVAL COUNTY,Wood
186799,DUVAL COUNTY,Wood
221684,DUVAL COUNTY,Wood
878539,DUVAL COUNTY,Wood
182419,DUVAL COUNTY,Reinforced Masonry
524440,DUVAL COUNTY,Wood
389363,DUVAL COUNTY,Reinforced Masonry
569999,DUVAL COUNTY,Masonry
723100,DUVAL COUNTY,Wood
199152,DUVAL COUNTY,Masonry
709898,DUVAL COUNTY,Masonry
206584,DUVAL COUNTY,Wood
675132,DUVAL COUNTY,Wood
554752,DUVAL COUNTY,Reinforced Masonry
814357,DUVAL COUNTY,Wood
404882,DUVAL COUNTY,Reinforced Concrete
155828,DUVAL COUNTY,Reinforced Masonry
166214,DUVAL COUNTY,Reinforced Concrete
160019,DUVAL COUNTY,Masonry
415652,DUVAL COUNTY,Masonry
653325,DUVAL COUNTY,Wood
551113,DUVAL COUNTY,Masonry
766852,DUVAL COUNTY,Wood
738095,DUVAL COUNTY,Masonry
609341,DUVAL COUNTY,Wood
825490,DUVAL COUNTY,Reinforced Masonry
174260,DUVAL COUNTY,Reinforced Masonry
212889,DUVAL COUNTY,Reinforced Masonry
411014,DUVAL COUNTY,Masonry
977868,DUVAL COUNTY,Masonry
267942,DUVAL COUNTY,Masonry
857378,DUVAL COUNTY,Masonry
138900,DUVAL COUNTY,Masonry
235001,DUVAL COUNTY,Wood
308764,DUVAL COUNTY,Wood
208202,DUVAL COUNTY,Wood
891700,DUVAL COUNTY,Wood
113792,DUVAL COUNTY,Wood
291449,DUVAL COUNTY,Wood
952152,DUVAL COUNTY,Wood
370705,DUVAL COUNTY,Wood
613949,DUVAL COUNTY,Wood
884211,DUVAL COUNTY,Wood
788131,DUVAL COUNTY,Wood
104813,DUVAL COUNTY,Wood
112716,DUVAL COUNTY,Wood
847068,DUVAL COUNTY,Wood
881849,DUVAL COUNTY,Wood
735386,DUVAL COUNTY,Wood
806882,DUVAL COUNTY,Wood
869739,DUVAL COUNTY,Wood
886380,DUVAL COUNTY,Wood
394919,DUVAL COUNTY,Wood
149299,DUVAL COUNTY,Wood
480716,DUVAL COUNTY,Wood
867516,DUVAL COUNTY,Masonry
744539,DUVAL COUNTY,Masonry
527704,DUVAL COUNTY,Reinforced Concrete
368692,DUVAL COUNTY,Reinforced Concrete
381790,DUVAL COUNTY,Reinforced Masonry
629046,DUVAL COUNTY,Wood
843475,DUVAL COUNTY,Wood
131298,DUVAL COUNTY,Masonry
128834,DUVAL COUNTY,Wood
174059,DUVAL COUNTY,Reinforced Concrete
730335,DUVAL COUNTY,Wood
915935,DUVAL COUNTY,Wood
699160,DUVAL COUNTY,Reinforced Masonry
115782,DUVAL COUNTY,Reinforced Masonry
616761,DUVAL COUNTY,Masonry
316449,DUVAL COUNTY,Reinforced Masonry
993490,DUVAL COUNTY,Reinforced Concrete
319016,DUVAL COUNTY,Reinforced Masonry
918796,DUVAL COUNTY,Masonry
588805,DUVAL COUNTY,Wood
581736,DUVAL COUNTY,Wood
623179,DUVAL COUNTY,Wood
579807,DUVAL COUNTY,Wood
448150,DUVAL COUNTY,Wood
783929,DUVAL COUNTY,Reinforced Masonry
259754,DUVAL COUNTY,Wood
728681,DUVAL COUNTY,Wood
562614,DUVAL COUNTY,Masonry
421728,DUVAL COUNTY,Reinforced Masonry
660605,DUVAL COUNTY,Reinforced Masonry
548786,DUVAL COUNTY,Reinforced Masonry
313415,DUVAL COUNTY,Reinforced Masonry
881619,DUVAL COUNTY,Reinforced Concrete
633231,DUVAL COUNTY,Masonry
315729,DUVAL COUNTY,Reinforced Masonry
880715,DUVAL COUNTY,Wood
388469,DUVAL COUNTY,Masonry
894265,DUVAL COUNTY,Masonry
228124,DUVAL COUNTY,Masonry
261556,DUVAL COUNTY,Masonry
333265,DUVAL COUNTY,Masonry
304229,DUVAL COUNTY,Masonry
436435,DUVAL COUNTY,Masonry
137691,DUVAL COUNTY,Masonry
304532,DUVAL COUNTY,Masonry
302588,DUVAL COUNTY,Masonry
198435,DUVAL COUNTY,Masonry
663256,DUVAL COUNTY,Masonry
240634,DUVAL COUNTY,Masonry
155676,DUVAL COUNTY,Masonry
165718,DUVAL COUNTY,Masonry
222480,DUVAL COUNTY,Masonry
953713,DUVAL COUNTY,Masonry
404065,DUVAL COUNTY,Masonry
926832,DUVAL COUNTY,Masonry
872951,DUVAL COUNTY,Masonry
264272,DUVAL COUNTY,Masonry
203631,DUVAL COUNTY,Masonry
373543,DUVAL COUNTY,Masonry
299748,DUVAL COUNTY,Masonry
859127,DUVAL COUNTY,Masonry
478681,DUVAL COUNTY,Masonry
184040,DUVAL COUNTY,Masonry
336646,DUVAL COUNTY,Masonry
755884,DUVAL COUNTY,Masonry
882652,DUVAL COUNTY,Masonry
309143,DUVAL COUNTY,Masonry
463522,DUVAL COUNTY,Reinforced Masonry
275930,DUVAL COUNTY,Reinforced Masonry
534958,DUVAL COUNTY,Reinforced Masonry
167439,DUVAL COUNTY,Reinforced Masonry
227490,DUVAL COUNTY,Reinforced Masonry
385333,DUVAL COUNTY,Reinforced Masonry
911303,DUVAL COUNTY,Reinforced Masonry
830731,DUVAL COUNTY,Masonry
674792,DUVAL COUNTY,Masonry
499740,DUVAL COUNTY,Masonry
200064,DUVAL COUNTY,Wood
820514,DUVAL COUNTY,Wood
278950,DUVAL COUNTY,Wood
627059,DUVAL COUNTY,Reinforced Concrete
617408,DUVAL COUNTY,Masonry
988276,DUVAL COUNTY,Masonry
116833,DUVAL COUNTY,Wood
725634,DUVAL COUNTY,Masonry
742648,DUVAL COUNTY,Reinforced Masonry
240515,DUVAL COUNTY,Masonry
116259,DUVAL COUNTY,Masonry
843330,DUVAL COUNTY,Masonry
123273,DUVAL COUNTY,Reinforced Masonry
831264,DUVAL COUNTY,Reinforced Concrete
868605,DUVAL COUNTY,Wood
268906,DUVAL COUNTY,Masonry
380334,DUVAL COUNTY,Reinforced Concrete
934958,DUVAL COUNTY,Masonry
992407,DUVAL COUNTY,Wood
486587,DUVAL COUNTY,Reinforced Masonry
142263,DUVAL COUNTY,Wood
217681,DUVAL COUNTY,Reinforced Masonry
644981,DUVAL COUNTY,Wood
780382,DUVAL COUNTY,Masonry
473524,DUVAL COUNTY,Reinforced Concrete
689199,DUVAL COUNTY,Reinforced Masonry
220958,DUVAL COUNTY,Masonry
433139,DUVAL COUNTY,Wood
941788,DUVAL COUNTY,Wood
416707,DUVAL COUNTY,Reinforced Masonry
320233,DUVAL COUNTY,Reinforced Masonry
466224,DUVAL COUNTY,Masonry
305378,DUVAL COUNTY,Masonry
539084,DUVAL COUNTY,Masonry
335467,DUVAL COUNTY,Wood
181083,DUVAL COUNTY,Masonry
698079,DUVAL COUNTY,Masonry
180614,DUVAL COUNTY,Masonry
204556,DUVAL COUNTY,Masonry
973884,DUVAL COUNTY,Masonry
895772,DUVAL COUNTY,Steel Frame
717679,DUVAL COUNTY,Masonry
540677,DUVAL COUNTY,Reinforced Concrete
363763,DUVAL COUNTY,Masonry
350498,DUVAL COUNTY,Masonry
262713,DUVAL COUNTY,Masonry
159870,DUVAL COUNTY,Reinforced Masonry
445055,DUVAL COUNTY,Reinforced Masonry
723024,DUVAL COUNTY,Masonry
797748,DUVAL COUNTY,Reinforced Masonry
630207,DUVAL COUNTY,Masonry
266144,DUVAL COUNTY,Masonry
272441,DUVAL COUNTY,Wood
957719,DUVAL COUNTY,Reinforced Concrete
569268,DUVAL COUNTY,Reinforced Concrete
251913,DUVAL COUNTY,Reinforced Masonry
700988,DUVAL COUNTY,Masonry
795157,DUVAL COUNTY,Masonry
759460,DUVAL COUNTY,Steel Frame
723499,DUVAL COUNTY,Wood
714849,DUVAL COUNTY,Masonry
613160,DUVAL COUNTY,Wood
808910,DUVAL COUNTY,Wood
815129,DUVAL COUNTY,Masonry
183147,DUVAL COUNTY,Wood
739321,DUVAL COUNTY,Reinforced Masonry
845871,DUVAL COUNTY,Wood
550038,DUVAL COUNTY,Reinforced Masonry
664867,DUVAL COUNTY,Wood
950814,DUVAL COUNTY,Wood
194694,DUVAL COUNTY,Wood
486273,DUVAL COUNTY,Wood
505684,DUVAL COUNTY,Reinforced Masonry
414788,DUVAL COUNTY,Reinforced Masonry
672944,DUVAL COUNTY,Reinforced Masonry
830207,DUVAL COUNTY,Wood
366572,DUVAL COUNTY,Wood
691641,DUVAL COUNTY,Reinforced Masonry
970488,DUVAL COUNTY,Masonry
620775,DUVAL COUNTY,Reinforced Masonry
980091,DUVAL COUNTY,Reinforced Masonry
187130,DUVAL COUNTY,Reinforced Concrete
839651,DUVAL COUNTY,Reinforced Concrete
157302,DUVAL COUNTY,Reinforced Concrete
163304,DUVAL COUNTY,Reinforced Masonry
956306,DUVAL COUNTY,Reinforced Masonry
510351,DUVAL COUNTY,Reinforced Masonry
537990,DUVAL COUNTY,Reinforced Masonry
946223,DUVAL COUNTY,Reinforced Masonry
822573,DUVAL COUNTY,Masonry
639060,DUVAL COUNTY,Masonry
901388,DUVAL COUNTY,Masonry
987499,DUVAL COUNTY,Masonry
361448,DUVAL COUNTY,Masonry
114034,DUVAL COUNTY,Masonry
562725,DUVAL COUNTY,Masonry
711155,DUVAL COUNTY,Wood
764360,DUVAL COUNTY,Wood
406477,DUVAL COUNTY,Wood
876774,DUVAL COUNTY,Wood
513160,DUVAL COUNTY,Wood
522283,DUVAL COUNTY,Wood
683932,DUVAL COUNTY,Wood
789840,DUVAL COUNTY,Wood
705817,DUVAL COUNTY,Wood
153838,DUVAL COUNTY,Wood
898902,DUVAL COUNTY,Wood
803957,DUVAL COUNTY,Wood
206326,DUVAL COUNTY,Wood
832174,DUVAL COUNTY,Wood
468380,DUVAL COUNTY,Masonry
349069,DUVAL COUNTY,Wood
999013,DUVAL COUNTY,Wood
127121,DUVAL COUNTY,Masonry
193256,DUVAL COUNTY,Wood
651006,DUVAL COUNTY,Reinforced Concrete
109643,DUVAL COUNTY,Masonry
192624,DUVAL COUNTY,Reinforced Masonry
726810,DUVAL COUNTY,Masonry
979128,DUVAL COUNTY,Masonry
152877,DUVAL COUNTY,Reinforced Masonry
291684,DUVAL COUNTY,Masonry
483607,DUVAL COUNTY,Wood
759545,DUVAL COUNTY,Wood
815157,DUVAL COUNTY,Reinforced Masonry
695521,DUVAL COUNTY,Wood
797336,DUVAL COUNTY,Wood
567322,DUVAL COUNTY,Wood
615735,DUVAL COUNTY,Wood
632376,DUVAL COUNTY,Masonry
324054,DUVAL COUNTY,Masonry
677169,DUVAL COUNTY,Reinforced Masonry
833956,DUVAL COUNTY,Wood
672714,DUVAL COUNTY,Reinforced Masonry
370563,DUVAL COUNTY,Masonry
144030,DUVAL COUNTY,Masonry
585009,DUVAL COUNTY,Masonry
578264,DUVAL COUNTY,Reinforced Masonry
663405,DUVAL COUNTY,Reinforced Masonry
861696,DUVAL COUNTY,Masonry
375165,DUVAL COUNTY,Masonry
346781,DUVAL COUNTY,Reinforced Masonry
461409,DUVAL COUNTY,Wood
410277,DUVAL COUNTY,Wood
203126,DUVAL COUNTY,Masonry
233160,DUVAL COUNTY,Wood
490555,DUVAL COUNTY,Wood
736261,DUVAL COUNTY,Wood
250202,DUVAL COUNTY,Masonry
731093,DUVAL COUNTY,Wood
765364,DUVAL COUNTY,Wood
852113,DUVAL COUNTY,Masonry
286104,DUVAL COUNTY,Wood
298563,DUVAL COUNTY,Masonry
260752,DUVAL COUNTY,Wood
183298,DUVAL COUNTY,Masonry
943570,DUVAL COUNTY,Wood
358776,DUVAL COUNTY,Wood
679069,DUVAL COUNTY,Wood
109707,DUVAL COUNTY,Wood
441091,DUVAL COUNTY,Wood
412973,DUVAL COUNTY,Wood
615654,DUVAL COUNTY,Wood
453688,DUVAL COUNTY,Wood
349770,DUVAL COUNTY,Wood
377756,DUVAL COUNTY,Wood
417525,DUVAL COUNTY,Wood
772202,DUVAL COUNTY,Wood
465667,DUVAL COUNTY,Wood
661043,DUVAL COUNTY,Wood
920045,DUVAL COUNTY,Wood
477675,DUVAL COUNTY,Wood
601213,DUVAL COUNTY,Wood
547436,DUVAL COUNTY,Wood
897493,DUVAL COUNTY,Wood
882370,DUVAL COUNTY,Wood
434296,DUVAL COUNTY,Wood
883174,DUVAL COUNTY,Wood
329928,DUVAL COUNTY,Wood
136230,DUVAL COUNTY,Masonry
664275,DUVAL COUNTY,Wood
685451,DUVAL COUNTY,Masonry
428317,DUVAL COUNTY,Wood
879452,DUVAL COUNTY,Wood
843590,DUVAL COUNTY,Wood
960403,DUVAL COUNTY,Wood
783331,DUVAL COUNTY,Wood
390128,DUVAL COUNTY,Reinforced Masonry
326597,DUVAL COUNTY,Masonry
188436,DUVAL COUNTY,Masonry
638406,DUVAL COUNTY,Masonry
944151,DUVAL COUNTY,Wood
683199,DUVAL COUNTY,Wood
341581,DUVAL COUNTY,Steel Frame
787309,DUVAL COUNTY,Wood
214455,DUVAL COUNTY,Wood
464070,DUVAL COUNTY,Masonry
855730,DUVAL COUNTY,Wood
759731,DUVAL COUNTY,Wood
589870,DUVAL COUNTY,Wood
432375,DUVAL COUNTY,Reinforced Masonry
578973,DUVAL COUNTY,Reinforced Masonry
391029,DUVAL COUNTY,Reinforced Masonry
907351,DUVAL COUNTY,Masonry
105458,DUVAL COUNTY,Wood
211451,DUVAL COUNTY,Masonry
676919,DUVAL COUNTY,Wood
347245,DUVAL COUNTY,Reinforced Masonry
812648,DUVAL COUNTY,Wood
476147,DUVAL COUNTY,Reinforced Masonry
438149,DUVAL COUNTY,Wood
542924,DUVAL COUNTY,Masonry
195831,DUVAL COUNTY,Masonry
580920,DUVAL COUNTY,Wood
723477,DUVAL COUNTY,Wood
887972,DUVAL COUNTY,Wood
474175,DUVAL COUNTY,Wood
984784,DUVAL COUNTY,Wood
566817,DUVAL COUNTY,Wood
359328,DUVAL COUNTY,Wood
426751,DUVAL COUNTY,Wood
270239,DUVAL COUNTY,Wood
450743,DUVAL COUNTY,Wood
999632,DUVAL COUNTY,Masonry
350388,DUVAL COUNTY,Wood
693037,DUVAL COUNTY,Wood
736290,DUVAL COUNTY,Wood
794128,DUVAL COUNTY,Masonry
111872,DUVAL COUNTY,Masonry
423738,DUVAL COUNTY,Wood
877648,DUVAL COUNTY,Reinforced Concrete
345252,DUVAL COUNTY,Masonry
642732,DUVAL COUNTY,Masonry
943574,DUVAL COUNTY,Wood
406247,DUVAL COUNTY,Masonry
951711,DUVAL COUNTY,Masonry
445869,DUVAL COUNTY,Masonry
486064,DUVAL COUNTY,Reinforced Masonry
644345,DUVAL COUNTY,Reinforced Concrete
502937,DUVAL COUNTY,Reinforced Masonry
832302,DUVAL COUNTY,Reinforced Masonry
622536,DUVAL COUNTY,Reinforced Masonry
502695,DUVAL COUNTY,Masonry
312241,DUVAL COUNTY,Masonry
810868,DUVAL COUNTY,Masonry
234425,DUVAL COUNTY,Wood
158604,DUVAL COUNTY,Wood
877366,DUVAL COUNTY,Masonry
331156,DUVAL COUNTY,Reinforced Masonry
876930,DUVAL COUNTY,Masonry
644610,DUVAL COUNTY,Wood
438553,DUVAL COUNTY,Masonry
918032,DUVAL COUNTY,Masonry
231140,DUVAL COUNTY,Masonry
782881,DUVAL COUNTY,Masonry
351475,DUVAL COUNTY,Wood
138777,DUVAL COUNTY,Wood
698487,DUVAL COUNTY,Wood
113468,DUVAL COUNTY,Wood
313308,DUVAL COUNTY,Wood
702406,DUVAL COUNTY,Reinforced Concrete
355722,DUVAL COUNTY,Reinforced Masonry
479223,DUVAL COUNTY,Masonry
972733,DUVAL COUNTY,Masonry
917349,DUVAL COUNTY,Masonry
969618,DUVAL COUNTY,Masonry
613229,DUVAL COUNTY,Reinforced Masonry
143012,DUVAL COUNTY,Reinforced Concrete
958482,DUVAL COUNTY,Wood
868447,DUVAL COUNTY,Masonry
643165,DUVAL COUNTY,Reinforced Masonry
853539,DUVAL COUNTY,Wood
346970,DUVAL COUNTY,Masonry
575060,DUVAL COUNTY,Masonry
716249,DUVAL COUNTY,Masonry
875356,DUVAL COUNTY,Reinforced Masonry
227315,DUVAL COUNTY,Masonry
526994,DUVAL COUNTY,Masonry
104020,DUVAL COUNTY,Wood
944627,DUVAL COUNTY,Masonry
140313,DUVAL COUNTY,Wood
825027,DUVAL COUNTY,Masonry
881035,DUVAL COUNTY,Wood
146667,DUVAL COUNTY,Masonry
484077,DUVAL COUNTY,Wood
806729,DUVAL COUNTY,Wood
679130,DUVAL COUNTY,Wood
124498,DUVAL COUNTY,Wood
353260,DUVAL COUNTY,Wood
295727,DUVAL COUNTY,Reinforced Concrete
935739,DUVAL COUNTY,Reinforced Masonry
141411,DUVAL COUNTY,Wood
714565,DUVAL COUNTY,Wood
226217,DUVAL COUNTY,Reinforced Masonry
289192,DUVAL COUNTY,Wood
868952,DUVAL COUNTY,Reinforced Masonry
736360,DUVAL COUNTY,Wood
298047,DUVAL COUNTY,Wood
394353,DUVAL COUNTY,Wood
459263,DUVAL COUNTY,Wood
848273,DUVAL COUNTY,Reinforced Masonry
172518,DUVAL COUNTY,Reinforced Masonry
651235,DUVAL COUNTY,Reinforced Masonry
533310,DUVAL COUNTY,Wood
743164,DUVAL COUNTY,Masonry
650324,DUVAL COUNTY,Reinforced Masonry
258813,DUVAL COUNTY,Reinforced Concrete
245373,DUVAL COUNTY,Masonry
408523,DUVAL COUNTY,Masonry
705100,DUVAL COUNTY,Masonry
826657,DUVAL COUNTY,Masonry
714243,DUVAL COUNTY,Reinforced Masonry
570538,DUVAL COUNTY,Masonry
541092,DUVAL COUNTY,Masonry
177124,DUVAL COUNTY,Wood
878737,DUVAL COUNTY,Wood
996578,DUVAL COUNTY,Reinforced Masonry
352325,DUVAL COUNTY,Masonry
740265,DUVAL COUNTY,Reinforced Masonry
116489,DUVAL COUNTY,Masonry
561995,DUVAL COUNTY,Wood
883007,DUVAL COUNTY,Wood
311356,DUVAL COUNTY,Wood
979963,DUVAL COUNTY,Wood
660172,DUVAL COUNTY,Masonry
916239,DUVAL COUNTY,Masonry
122198,DUVAL COUNTY,Wood
429542,DUVAL COUNTY,Wood
802577,DUVAL COUNTY,Wood
229846,DUVAL COUNTY,Wood
188388,DUVAL COUNTY,Reinforced Masonry
448897,DUVAL COUNTY,Wood
936035,DUVAL COUNTY,Wood
651786,DUVAL COUNTY,Masonry
203663,DUVAL COUNTY,Masonry
966508,DUVAL COUNTY,Wood
162022,DUVAL COUNTY,Wood
521610,DUVAL COUNTY,Wood
408036,DUVAL COUNTY,Wood
877870,DUVAL COUNTY,Wood
490040,DUVAL COUNTY,Wood
412228,DUVAL COUNTY,Wood
883565,DUVAL COUNTY,Wood
327786,DUVAL COUNTY,Wood
292491,DUVAL COUNTY,Wood
248762,DUVAL COUNTY,Wood
660128,DUVAL COUNTY,Masonry
405176,DUVAL COUNTY,Masonry
349794,DUVAL COUNTY,Wood
874577,DUVAL COUNTY,Reinforced Masonry
207390,DUVAL COUNTY,Wood
948982,DUVAL COUNTY,Wood
113716,DUVAL COUNTY,Masonry
432759,DUVAL COUNTY,Wood
907539,DUVAL COUNTY,Wood
323619,DUVAL COUNTY,Wood
980073,DUVAL COUNTY,Wood
116742,DUVAL COUNTY,Wood
319111,DUVAL COUNTY,Wood
516563,DUVAL COUNTY,Wood
704912,DUVAL COUNTY,Wood
454283,DUVAL COUNTY,Masonry
500509,DUVAL COUNTY,Reinforced Masonry
905455,DUVAL COUNTY,Wood
590174,DUVAL COUNTY,Wood
318475,DUVAL COUNTY,Wood
850891,DUVAL COUNTY,Wood
663418,DUVAL COUNTY,Wood
446801,DUVAL COUNTY,Wood
466917,DUVAL COUNTY,Wood
121539,DUVAL COUNTY,Wood
883726,DUVAL COUNTY,Wood
290003,DUVAL COUNTY,Wood
547736,DUVAL COUNTY,Wood
893057,DUVAL COUNTY,Wood
550664,DUVAL COUNTY,Masonry
714922,DUVAL COUNTY,Masonry
876452,DUVAL COUNTY,Wood
221125,DUVAL COUNTY,Wood
111887,DUVAL COUNTY,Wood
161952,DUVAL COUNTY,Wood
824545,DUVAL COUNTY,Wood
585834,DUVAL COUNTY,Masonry
598171,DUVAL COUNTY,Masonry
539630,DUVAL COUNTY,Wood
777870,DUVAL COUNTY,Reinforced Masonry
610302,DUVAL COUNTY,Reinforced Concrete
756174,DUVAL COUNTY,Masonry
417098,DUVAL COUNTY,Masonry
607605,DUVAL COUNTY,Masonry
284458,DUVAL COUNTY,Masonry
590531,DUVAL COUNTY,Wood
668701,DUVAL COUNTY,Masonry
230665,DUVAL COUNTY,Masonry
173785,DUVAL COUNTY,Masonry
571655,DUVAL COUNTY,Masonry
497785,DUVAL COUNTY,Reinforced Masonry
642263,DUVAL COUNTY,Masonry
738701,DUVAL COUNTY,Masonry
944687,DUVAL COUNTY,Masonry
443573,DUVAL COUNTY,Masonry
128317,DUVAL COUNTY,Masonry
312304,DUVAL COUNTY,Wood
291829,DUVAL COUNTY,Wood
772515,DUVAL COUNTY,Wood
259909,DUVAL COUNTY,Wood
549496,DUVAL COUNTY,Wood
831391,DUVAL COUNTY,Wood
869653,DUVAL COUNTY,Wood
894582,DUVAL COUNTY,Wood
258825,DUVAL COUNTY,Wood
806102,DUVAL COUNTY,Wood
487762,DUVAL COUNTY,Wood
790960,DUVAL COUNTY,Wood
161239,DUVAL COUNTY,Wood
716478,DUVAL COUNTY,Wood
200216,DUVAL COUNTY,Wood
783004,DUVAL COUNTY,Wood
110372,DUVAL COUNTY,Wood
526075,DUVAL COUNTY,Masonry
686388,DUVAL COUNTY,Reinforced Masonry
101908,DUVAL COUNTY,Masonry
611064,DUVAL COUNTY,Wood
846194,DUVAL COUNTY,Reinforced Masonry
155343,DUVAL COUNTY,Masonry
717219,DUVAL COUNTY,Wood
206586,DUVAL COUNTY,Wood
214954,DUVAL COUNTY,Masonry
722469,DUVAL COUNTY,Masonry
266906,DUVAL COUNTY,Masonry
457476,DUVAL COUNTY,Reinforced Masonry
261774,DUVAL COUNTY,Masonry
153043,DUVAL COUNTY,Wood
795468,DUVAL COUNTY,Wood
372334,DUVAL COUNTY,Wood
176121,DUVAL COUNTY,Masonry
272293,DUVAL COUNTY,Wood
775400,DUVAL COUNTY,Wood
754497,DUVAL COUNTY,Reinforced Masonry
213607,DUVAL COUNTY,Reinforced Masonry
623727,DUVAL COUNTY,Reinforced Masonry
709120,DUVAL COUNTY,Masonry
133602,DUVAL COUNTY,Masonry
531330,DUVAL COUNTY,Masonry
740999,DUVAL COUNTY,Wood
852070,DUVAL COUNTY,Masonry
407965,DUVAL COUNTY,Masonry
657869,DUVAL COUNTY,Masonry
388445,DUVAL COUNTY,Wood
111008,DUVAL COUNTY,Reinforced Masonry
487575,DUVAL COUNTY,Wood
906206,DUVAL COUNTY,Reinforced Concrete
120496,DUVAL COUNTY,Reinforced Concrete
720724,DUVAL COUNTY,Wood
583115,DUVAL COUNTY,Wood
121447,DUVAL COUNTY,Masonry
907333,DUVAL COUNTY,Masonry
676845,DUVAL COUNTY,Masonry
583587,DUVAL COUNTY,Masonry
803432,DUVAL COUNTY,Masonry
705506,DUVAL COUNTY,Masonry
127212,DUVAL COUNTY,Masonry
286815,DUVAL COUNTY,Masonry
377949,DUVAL COUNTY,Masonry
308007,DUVAL COUNTY,Masonry
695070,DUVAL COUNTY,Masonry
235285,DUVAL COUNTY,Masonry
320627,DUVAL COUNTY,Masonry
437361,DUVAL COUNTY,Masonry
510407,DUVAL COUNTY,Masonry
996866,DUVAL COUNTY,Masonry
999728,DUVAL COUNTY,Masonry
198381,DUVAL COUNTY,Reinforced Concrete
746777,DUVAL COUNTY,Reinforced Concrete
144396,DUVAL COUNTY,Reinforced Masonry
263732,DUVAL COUNTY,Reinforced Masonry
696203,DUVAL COUNTY,Reinforced Concrete
200041,DUVAL COUNTY,Reinforced Concrete
127791,DUVAL COUNTY,Wood
945454,DUVAL COUNTY,Masonry
918783,DUVAL COUNTY,Reinforced Masonry
515966,DUVAL COUNTY,Wood
430825,DUVAL COUNTY,Reinforced Concrete
190906,DUVAL COUNTY,Reinforced Concrete
166568,DUVAL COUNTY,Masonry
353031,DUVAL COUNTY,Reinforced Masonry
551567,DUVAL COUNTY,Masonry
133628,DUVAL COUNTY,Masonry
441954,DUVAL COUNTY,Masonry
747072,DUVAL COUNTY,Wood
701430,DUVAL COUNTY,Wood
420763,DUVAL COUNTY,Wood
618391,DUVAL COUNTY,Wood
214094,DUVAL COUNTY,Wood
253272,DUVAL COUNTY,Reinforced Concrete
836769,DUVAL COUNTY,Reinforced Concrete
396418,DUVAL COUNTY,Masonry
212363,DUVAL COUNTY,Wood
246838,DUVAL COUNTY,Masonry
758281,DUVAL COUNTY,Masonry
551473,DUVAL COUNTY,Masonry
999148,DUVAL COUNTY,Reinforced Masonry
983276,DUVAL COUNTY,Masonry
751862,DUVAL COUNTY,Wood
347062,DUVAL COUNTY,Steel Frame
894809,DUVAL COUNTY,Reinforced Masonry
762476,DUVAL COUNTY,Reinforced Masonry
747976,DUVAL COUNTY,Reinforced Masonry
685314,DUVAL COUNTY,Masonry
387815,DUVAL COUNTY,Masonry
991621,DUVAL COUNTY,Masonry
998347,DUVAL COUNTY,Masonry
996182,DUVAL COUNTY,Wood
840804,DUVAL COUNTY,Masonry
783604,DUVAL COUNTY,Reinforced Masonry
253701,DUVAL COUNTY,Masonry
840979,DUVAL COUNTY,Masonry
861594,DUVAL COUNTY,Masonry
779435,DUVAL COUNTY,Masonry
900859,DUVAL COUNTY,Wood
186330,DUVAL COUNTY,Masonry
512609,DUVAL COUNTY,Masonry
432937,DUVAL COUNTY,Wood
412242,DUVAL COUNTY,Wood
597608,DUVAL COUNTY,Masonry
213466,DUVAL COUNTY,Masonry
517820,DUVAL COUNTY,Wood
980965,DUVAL COUNTY,Wood
191055,DUVAL COUNTY,Wood
510055,DUVAL COUNTY,Wood
843311,DUVAL COUNTY,Wood
816735,DUVAL COUNTY,Wood
337433,DUVAL COUNTY,Wood
623083,DUVAL COUNTY,Wood
528326,DUVAL COUNTY,Wood
334012,DUVAL COUNTY,Wood
531464,DUVAL COUNTY,Wood
128205,DUVAL COUNTY,Wood
982934,DUVAL COUNTY,Wood
366858,DUVAL COUNTY,Wood
917861,DUVAL COUNTY,Wood
210083,DUVAL COUNTY,Wood
586410,DUVAL COUNTY,Wood
237321,DUVAL COUNTY,Wood
910610,DUVAL COUNTY,Wood
617475,DUVAL COUNTY,Wood
902121,DUVAL COUNTY,Wood
182262,DUVAL COUNTY,Wood
945617,DUVAL COUNTY,Wood
156266,DUVAL COUNTY,Wood
588078,DUVAL COUNTY,Wood
688316,DUVAL COUNTY,Reinforced Masonry
382076,DUVAL COUNTY,Masonry
121582,DUVAL COUNTY,Reinforced Masonry
563196,DUVAL COUNTY,Masonry
643286,DUVAL COUNTY,Reinforced Masonry
142017,DUVAL COUNTY,Reinforced Masonry
879091,DUVAL COUNTY,Masonry
337675,DUVAL COUNTY,Masonry
379732,DUVAL COUNTY,Reinforced Masonry
932035,DUVAL COUNTY,Reinforced Concrete
312404,DUVAL COUNTY,Reinforced Masonry
747081,DUVAL COUNTY,Masonry
901144,DUVAL COUNTY,Masonry
196907,DUVAL COUNTY,Masonry
388423,DUVAL COUNTY,Reinforced Masonry
856044,DUVAL COUNTY,Reinforced Masonry
539127,DUVAL COUNTY,Reinforced Masonry
700397,DUVAL COUNTY,Masonry
661275,DUVAL COUNTY,Masonry
139221,DUVAL COUNTY,Masonry
937181,DUVAL COUNTY,Masonry
543206,DUVAL COUNTY,Reinforced Masonry
341736,DUVAL COUNTY,Masonry
754850,DUVAL COUNTY,Reinforced Masonry
866762,DUVAL COUNTY,Masonry
356525,DUVAL COUNTY,Masonry
871304,DUVAL COUNTY,Wood
758309,DUVAL COUNTY,Wood
803289,DUVAL COUNTY,Wood
922786,DUVAL COUNTY,Wood
549990,DUVAL COUNTY,Wood
168802,DUVAL COUNTY,Wood
546453,DUVAL COUNTY,Wood
813885,DUVAL COUNTY,Wood
353826,DUVAL COUNTY,Wood
938192,DUVAL COUNTY,Wood
302211,DUVAL COUNTY,Wood
331518,DUVAL COUNTY,Wood
631541,DUVAL COUNTY,Wood
373350,DUVAL COUNTY,Wood
840399,DUVAL COUNTY,Wood
107484,DUVAL COUNTY,Wood
134321,DUVAL COUNTY,Wood
245082,DUVAL COUNTY,Wood
895779,DUVAL COUNTY,Wood
614634,DUVAL COUNTY,Wood
731255,DUVAL COUNTY,Wood
870031,DUVAL COUNTY,Wood
240901,DUVAL COUNTY,Wood
663297,DUVAL COUNTY,Wood
191014,DUVAL COUNTY,Wood
325852,DUVAL COUNTY,Wood
121870,DUVAL COUNTY,Wood
751791,DUVAL COUNTY,Wood
273278,DUVAL COUNTY,Wood
381736,DUVAL COUNTY,Wood
625288,DUVAL COUNTY,Wood
315535,DUVAL COUNTY,Wood
774751,DUVAL COUNTY,Wood
328683,DUVAL COUNTY,Wood
423065,DUVAL COUNTY,Wood
213789,DUVAL COUNTY,Wood
844864,DUVAL COUNTY,Wood
662432,DUVAL COUNTY,Wood
776510,DUVAL COUNTY,Wood
375098,DUVAL COUNTY,Wood
161060,DUVAL COUNTY,Wood
465293,DUVAL COUNTY,Wood
704983,DUVAL COUNTY,Wood
378969,DUVAL COUNTY,Wood
983689,DUVAL COUNTY,Wood
541087,DUVAL COUNTY,Wood
525184,DUVAL COUNTY,Wood
864811,DUVAL COUNTY,Wood
312073,DUVAL COUNTY,Wood
830827,DUVAL COUNTY,Wood
603600,DUVAL COUNTY,Wood
830638,DUVAL COUNTY,Wood
755799,DUVAL COUNTY,Wood
414134,DUVAL COUNTY,Wood
733306,DUVAL COUNTY,Masonry
483113,DUVAL COUNTY,Masonry
201599,DUVAL COUNTY,Reinforced Masonry
115553,DUVAL COUNTY,Reinforced Masonry
188952,DUVAL COUNTY,Reinforced Masonry
923142,DUVAL COUNTY,Reinforced Masonry
394238,DUVAL COUNTY,Reinforced Masonry
884711,DUVAL COUNTY,Reinforced Masonry
463999,DUVAL COUNTY,Reinforced Masonry
575587,DUVAL COUNTY,Reinforced Masonry
971233,DUVAL COUNTY,Reinforced Concrete
735553,DUVAL COUNTY,Reinforced Concrete
827885,DUVAL COUNTY,Masonry
842735,DUVAL COUNTY,Wood
542544,DUVAL COUNTY,Masonry
489799,DUVAL COUNTY,Reinforced Masonry
179917,DUVAL COUNTY,Reinforced Masonry
743678,DUVAL COUNTY,Masonry
598714,DUVAL COUNTY,Reinforced Concrete
895885,DUVAL COUNTY,Wood
313786,DUVAL COUNTY,Reinforced Masonry
535248,DUVAL COUNTY,Reinforced Masonry
706708,DUVAL COUNTY,Masonry
771872,DUVAL COUNTY,Masonry
413294,DUVAL COUNTY,Wood
408522,DUVAL COUNTY,Reinforced Masonry
971371,DUVAL COUNTY,Wood
340752,DUVAL COUNTY,Wood
348885,DUVAL COUNTY,Reinforced Concrete
889842,DUVAL COUNTY,Wood
606357,DUVAL COUNTY,Wood
738016,DUVAL COUNTY,Wood
231530,DUVAL COUNTY,Wood
223769,DUVAL COUNTY,Reinforced Concrete
242550,DUVAL COUNTY,Reinforced Concrete
649523,DUVAL COUNTY,Reinforced Masonry
732806,DUVAL COUNTY,Reinforced Concrete
506127,DUVAL COUNTY,Reinforced Masonry
682614,DUVAL COUNTY,Reinforced Masonry
383061,DUVAL COUNTY,Wood
394483,DUVAL COUNTY,Masonry
100734,DUVAL COUNTY,Masonry
233198,DUVAL COUNTY,Masonry
407586,DUVAL COUNTY,Reinforced Masonry
777849,DUVAL COUNTY,Reinforced Masonry
368612,DUVAL COUNTY,Wood
127678,DUVAL COUNTY,Masonry
120313,DUVAL COUNTY,Masonry
381935,DUVAL COUNTY,Reinforced Masonry
143107,DUVAL COUNTY,Masonry
805832,DUVAL COUNTY,Reinforced Masonry
687756,DUVAL COUNTY,Masonry
349748,DUVAL COUNTY,Masonry
169703,DUVAL COUNTY,Reinforced Masonry
160845,DUVAL COUNTY,Masonry
114716,DUVAL COUNTY,Reinforced Masonry
639372,DUVAL COUNTY,Masonry
962341,DUVAL COUNTY,Masonry
300088,DUVAL COUNTY,Wood
447463,DUVAL COUNTY,Masonry
837999,DUVAL COUNTY,Wood
296462,DUVAL COUNTY,Wood
921167,DUVAL COUNTY,Wood
609153,DUVAL COUNTY,Wood
375107,DUVAL COUNTY,Wood
566456,DUVAL COUNTY,Wood
910667,DUVAL COUNTY,Masonry
822256,DUVAL COUNTY,Wood
306936,ST  JOHNS COUNTY,Wood
176160,ST  JOHNS COUNTY,Masonry
409658,ST  JOHNS COUNTY,Wood
413864,ST  JOHNS COUNTY,Wood
445152,ST  JOHNS COUNTY,Wood
168986,ST  JOHNS COUNTY,Reinforced Masonry
288291,ST  JOHNS COUNTY,Wood
180190,ST  JOHNS COUNTY,Wood
668451,ST  JOHNS COUNTY,Wood
614810,ST  JOHNS COUNTY,Wood
502082,ST  JOHNS COUNTY,Wood
706039,ST  JOHNS COUNTY,Wood
306321,ST  JOHNS COUNTY,Masonry
373798,ST  JOHNS COUNTY,Masonry
469052,ST  JOHNS COUNTY,Masonry
481459,ST  JOHNS COUNTY,Wood
390921,ST  JOHNS COUNTY,Wood
196529,ST  JOHNS COUNTY,Wood
740303,ST  JOHNS COUNTY,Wood
538916,ST  JOHNS COUNTY,Masonry
994961,ST  JOHNS COUNTY,Wood
409875,ST  JOHNS COUNTY,Wood
312502,ST  JOHNS COUNTY,Wood
972492,ST  JOHNS COUNTY,Wood
973803,ST  JOHNS COUNTY,Wood
392941,ST  JOHNS COUNTY,Wood
483132,ST  JOHNS COUNTY,Wood
941267,ST  JOHNS COUNTY,Wood
979434,ST  JOHNS COUNTY,Wood
395199,ST  JOHNS COUNTY,Wood
935112,ST  JOHNS COUNTY,Wood
328328,ST  JOHNS COUNTY,Wood
988479,ST  JOHNS COUNTY,Wood
938390,ST  JOHNS COUNTY,Wood
531723,ST  JOHNS COUNTY,Wood
390295,ST  JOHNS COUNTY,Wood
800333,ST  JOHNS COUNTY,Wood
896027,ST  JOHNS COUNTY,Wood
159053,ST  JOHNS COUNTY,Wood
850624,ST  JOHNS COUNTY,Wood
501210,ST  JOHNS COUNTY,Wood
206613,ST  JOHNS COUNTY,Wood
215176,ST  JOHNS COUNTY,Wood
348557,ST  JOHNS COUNTY,Wood
449758,ST  JOHNS COUNTY,Wood
149149,ST  JOHNS COUNTY,Wood
630004,ST  JOHNS COUNTY,Wood
400230,ST  JOHNS COUNTY,Wood
820739,ST  JOHNS COUNTY,Wood
392800,ST  JOHNS COUNTY,Wood
331634,ST  JOHNS COUNTY,Wood
289487,ST  JOHNS COUNTY,Wood
944227,ST  JOHNS COUNTY,Wood
309870,ST  JOHNS COUNTY,Wood
781075,ST  JOHNS COUNTY,Wood
138800,ST  JOHNS COUNTY,Reinforced Concrete
238602,ST  JOHNS COUNTY,Wood
766085,ST  JOHNS COUNTY,Wood
742674,ST  JOHNS COUNTY,Wood
539986,ST  JOHNS COUNTY,Wood
970167,ST  JOHNS COUNTY,Wood
790549,ST  JOHNS COUNTY,Wood
726087,ST  JOHNS COUNTY,Wood
466491,ST  JOHNS COUNTY,Wood
137084,ST  JOHNS COUNTY,Wood
770955,ST  JOHNS COUNTY,Wood
296576,ST  JOHNS COUNTY,Wood
375634,ST  JOHNS COUNTY,Wood
666525,ST  JOHNS COUNTY,Wood
885400,ST  JOHNS COUNTY,Wood
294715,ST  JOHNS COUNTY,Wood
121406,ST  JOHNS COUNTY,Wood
667352,ST  JOHNS COUNTY,Wood
221935,ST  JOHNS COUNTY,Wood
420569,ST  JOHNS COUNTY,Wood
121608,ST  JOHNS COUNTY,Wood
219338,ST  JOHNS COUNTY,Wood
656313,ST  JOHNS COUNTY,Wood
719612,ST  JOHNS COUNTY,Reinforced Concrete
622576,ST  JOHNS COUNTY,Wood
288272,ST  JOHNS COUNTY,Wood
483654,ST  JOHNS COUNTY,Masonry
206575,ST  JOHNS COUNTY,Wood
431741,ST  JOHNS COUNTY,Wood
574975,ST  JOHNS COUNTY,Wood
916215,ST  JOHNS COUNTY,Wood
250085,ST  JOHNS COUNTY,Wood
498521,ST  JOHNS COUNTY,Wood
437546,ST  JOHNS COUNTY,Wood
336215,ST  JOHNS COUNTY,Wood
850733,ST  JOHNS COUNTY,Wood
779536,ST  JOHNS COUNTY,Wood
806053,ST  JOHNS COUNTY,Wood
215624,ST  JOHNS COUNTY,Reinforced Concrete
615260,ST  JOHNS COUNTY,Reinforced Masonry
495971,ST  JOHNS COUNTY,Reinforced Masonry
514202,ST  JOHNS COUNTY,Wood
538761,ST  JOHNS COUNTY,Wood
213484,ST  JOHNS COUNTY,Wood
143092,ST  JOHNS COUNTY,Wood
708325,ST  JOHNS COUNTY,Wood
155509,ST  JOHNS COUNTY,Wood
746709,ST  JOHNS COUNTY,Wood
819848,ST  JOHNS COUNTY,Wood
309835,ST  JOHNS COUNTY,Wood
139184,ST  JOHNS COUNTY,Wood
290655,ST  JOHNS COUNTY,Wood
827012,ST  JOHNS COUNTY,Reinforced Concrete
318336,ST  JOHNS COUNTY,Wood
258417,ST  JOHNS COUNTY,Wood
701302,ST  JOHNS COUNTY,Wood
142034,ST  JOHNS COUNTY,Wood
328942,ST  JOHNS COUNTY,Wood
347135,ST  JOHNS COUNTY,Masonry
909114,ST  JOHNS COUNTY,Masonry
563415,ST  JOHNS COUNTY,Masonry
279517,ST  JOHNS COUNTY,Reinforced Masonry
556606,ST  JOHNS COUNTY,Masonry
651400,ST  JOHNS COUNTY,Masonry
727059,ST  JOHNS COUNTY,Masonry
696150,ST  JOHNS COUNTY,Reinforced Masonry
617858,ST  JOHNS COUNTY,Masonry
435154,ST  JOHNS COUNTY,Wood
526134,ST  JOHNS COUNTY,Wood
168517,ST  JOHNS COUNTY,Wood
338250,ST  JOHNS COUNTY,Wood
183015,ST  JOHNS COUNTY,Wood
153278,ST  JOHNS COUNTY,Wood
805805,ST  JOHNS COUNTY,Wood
123298,ST  JOHNS COUNTY,Wood
220620,ST  JOHNS COUNTY,Wood
111828,ST  JOHNS COUNTY,Wood
809267,ST  JOHNS COUNTY,Wood
100832,ST  JOHNS COUNTY,Wood
833501,ST  JOHNS COUNTY,Masonry
855220,ST  JOHNS COUNTY,Masonry
780279,ST  JOHNS COUNTY,Masonry
736500,ST  JOHNS COUNTY,Masonry
769111,ST  JOHNS COUNTY,Reinforced Masonry
552700,ST  JOHNS COUNTY,Wood
261355,ST  JOHNS COUNTY,Wood
232697,ST  JOHNS COUNTY,Wood
871943,ST  JOHNS COUNTY,Wood
902178,ST  JOHNS COUNTY,Wood
642392,ST  JOHNS COUNTY,Wood
879254,ST  JOHNS COUNTY,Masonry
662332,ST  JOHNS COUNTY,Wood
322056,ST  JOHNS COUNTY,Wood
412153,DUVAL COUNTY,Masonry
661157,DUVAL COUNTY,Masonry
340623,DUVAL COUNTY,Wood
316160,DUVAL COUNTY,Wood
436138,DUVAL COUNTY,Wood
117516,DUVAL COUNTY,Wood
648515,DUVAL COUNTY,Wood
845348,DUVAL COUNTY,Reinforced Masonry
369196,DUVAL COUNTY,Wood
524989,DUVAL COUNTY,Masonry
731292,DUVAL COUNTY,Wood
270408,DUVAL COUNTY,Masonry
146599,DUVAL COUNTY,Wood
334837,DUVAL COUNTY,Wood
713639,DUVAL COUNTY,Wood
994148,DUVAL COUNTY,Wood
311195,DUVAL COUNTY,Wood
122957,DUVAL COUNTY,Wood
792909,DUVAL COUNTY,Wood
354608,DUVAL COUNTY,Wood
669472,DUVAL COUNTY,Wood
606218,DUVAL COUNTY,Wood
997046,DUVAL COUNTY,Reinforced Masonry
762150,DUVAL COUNTY,Wood
598122,DUVAL COUNTY,Reinforced Masonry
743490,DUVAL COUNTY,Wood
354377,DUVAL COUNTY,Wood
423012,DUVAL COUNTY,Wood
193658,DUVAL COUNTY,Masonry
932158,DUVAL COUNTY,Wood
145157,DUVAL COUNTY,Wood
917300,DUVAL COUNTY,Reinforced Masonry
139283,DUVAL COUNTY,Wood
677487,DUVAL COUNTY,Wood
945412,DUVAL COUNTY,Reinforced Masonry
360081,DUVAL COUNTY,Wood
942850,DUVAL COUNTY,Reinforced Masonry
788310,DUVAL COUNTY,Reinforced Masonry
715861,DUVAL COUNTY,Masonry
597274,DUVAL COUNTY,Reinforced Concrete
568609,DUVAL COUNTY,Wood
289654,DUVAL COUNTY,Reinforced Concrete
280820,DUVAL COUNTY,Masonry
673647,DUVAL COUNTY,Reinforced Masonry
327821,DUVAL COUNTY,Reinforced Masonry
950932,DUVAL COUNTY,Wood
998455,DUVAL COUNTY,Masonry
540523,DUVAL COUNTY,Masonry
424217,DUVAL COUNTY,Wood
699408,DUVAL COUNTY,Wood
687347,DUVAL COUNTY,Wood
680327,DUVAL COUNTY,Wood
597117,DUVAL COUNTY,Reinforced Masonry
266549,DUVAL COUNTY,Reinforced Masonry
673994,DUVAL COUNTY,Masonry
436373,DUVAL COUNTY,Wood
835868,LEON COUNTY,Wood
214893,LEON COUNTY,Wood
649680,LEON COUNTY,Wood
415864,LEON COUNTY,Reinforced Concrete
119912,LEON COUNTY,Masonry
595269,LEON COUNTY,Reinforced Masonry
767070,LEON COUNTY,Masonry
676536,LEON COUNTY,Reinforced Masonry
852629,LEON COUNTY,Masonry
389349,LEON COUNTY,Masonry
152953,LEON COUNTY,Reinforced Concrete
955461,LEON COUNTY,Masonry
237748,LEON COUNTY,Masonry
761602,LEON COUNTY,Reinforced Masonry
896196,LEON COUNTY,Steel Frame
119126,LEON COUNTY,Reinforced Masonry
384059,LEON COUNTY,Wood
390978,LEON COUNTY,Masonry
274235,LEON COUNTY,Masonry
771305,LEON COUNTY,Masonry
726249,LEON COUNTY,Masonry
593040,LEON COUNTY,Masonry
492618,LEON COUNTY,Masonry
930951,LEON COUNTY,Masonry
481346,LEON COUNTY,Masonry
441607,LEON COUNTY,Masonry
969756,LEON COUNTY,Masonry
260394,LEON COUNTY,Masonry
344306,LEON COUNTY,Masonry
303488,LEON COUNTY,Masonry
420736,LEON COUNTY,Masonry
999074,LEON COUNTY,Masonry
436388,LEON COUNTY,Reinforced Masonry
225877,LEON COUNTY,Masonry
239600,LEON COUNTY,Masonry
372980,LEON COUNTY,Wood
426550,LEON COUNTY,Reinforced Concrete
668292,LEON COUNTY,Wood
579643,LEON COUNTY,Wood
719414,LEON COUNTY,Wood
909116,LEON COUNTY,Masonry
154943,LEON COUNTY,Wood
767203,LEON COUNTY,Wood
969840,LEON COUNTY,Wood
250163,LEON COUNTY,Wood
357693,LEON COUNTY,Masonry
202254,LEON COUNTY,Masonry
891615,LEON COUNTY,Wood
210155,LEON COUNTY,Wood
406098,LEON COUNTY,Masonry
636233,LEON COUNTY,Wood
660021,LEON COUNTY,Reinforced Concrete
908793,LEON COUNTY,Masonry
285202,LEON COUNTY,Wood
575821,LEON COUNTY,Wood
905410,LEON COUNTY,Masonry
234566,LEON COUNTY,Masonry
648800,LEON COUNTY,Wood
118922,LEON COUNTY,Wood
999511,LEON COUNTY,Reinforced Concrete
460983,LEON COUNTY,Wood
746058,LEON COUNTY,Wood
914824,LEON COUNTY,Reinforced Masonry
828851,LEON COUNTY,Reinforced Masonry
215511,LEON COUNTY,Reinforced Masonry
689551,LEON COUNTY,Wood
646941,LEON COUNTY,Masonry
239894,LEON COUNTY,Masonry
601473,LEON COUNTY,Masonry
295575,LEON COUNTY,Masonry
284817,LEON COUNTY,Wood
247418,LEON COUNTY,Wood
956631,LEON COUNTY,Reinforced Masonry
274394,LEON COUNTY,Masonry
241568,LEON COUNTY,Wood
710879,LEON COUNTY,Wood
389832,LEON COUNTY,Masonry
981075,LEON COUNTY,Wood
472817,LEON COUNTY,Wood
270291,LEON COUNTY,Reinforced Masonry
625006,LEON COUNTY,Reinforced Masonry
730065,LEON COUNTY,Reinforced Masonry
127439,LEON COUNTY,Reinforced Masonry
200161,LEON COUNTY,Reinforced Masonry
972046,LEON COUNTY,Reinforced Concrete
731927,LEON COUNTY,Reinforced Masonry
189177,LEON COUNTY,Reinforced Masonry
805881,LEON COUNTY,Masonry
689675,LEON COUNTY,Reinforced Concrete
147990,LEON COUNTY,Reinforced Masonry
857740,LEON COUNTY,Masonry
650870,LEON COUNTY,Wood
171696,LEON COUNTY,Wood
173411,LEON COUNTY,Wood
134855,LEON COUNTY,Wood
253880,LEON COUNTY,Wood
867210,LEON COUNTY,Reinforced Masonry
201080,LEON COUNTY,Reinforced Concrete
402131,LEON COUNTY,Wood
974455,LEON COUNTY,Masonry
703811,LEON COUNTY,Masonry
766146,LEON COUNTY,Masonry
651977,LEON COUNTY,Masonry
395336,LEON COUNTY,Reinforced Masonry
309592,LEON COUNTY,Reinforced Masonry
724503,LEON COUNTY,Reinforced Masonry
133652,LEON COUNTY,Wood
932447,LEON COUNTY,Wood
640925,LEON COUNTY,Reinforced Masonry
268779,LEON COUNTY,Steel Frame
234219,LEON COUNTY,Reinforced Masonry
776191,LEON COUNTY,Wood
862405,LEON COUNTY,Masonry
439550,LEON COUNTY,Masonry
610152,LEON COUNTY,Wood
636589,LEON COUNTY,Wood
663394,LEON COUNTY,Wood
203390,LEON COUNTY,Wood
460155,LEON COUNTY,Wood
202669,LEON COUNTY,Reinforced Concrete
680696,LEON COUNTY,Masonry
932413,LEON COUNTY,Masonry
577961,LEON COUNTY,Reinforced Masonry
402465,LEON COUNTY,Wood
441804,LEON COUNTY,Wood
427207,LEON COUNTY,Masonry
357789,LEON COUNTY,Wood
962575,LEON COUNTY,Wood
481067,LEON COUNTY,Wood
378030,LEON COUNTY,Reinforced Masonry
227970,LEON COUNTY,Masonry
312359,LEON COUNTY,Wood
622542,LEON COUNTY,Masonry
654076,LEON COUNTY,Masonry
799638,LEON COUNTY,Reinforced Concrete
301168,LEON COUNTY,Reinforced Masonry
704199,LEON COUNTY,Masonry
995995,LEON COUNTY,Wood
586496,LEON COUNTY,Masonry
166251,LEON COUNTY,Wood
627242,LEON COUNTY,Masonry
704509,LEON COUNTY,Masonry
392017,LEON COUNTY,Masonry
744159,LEON COUNTY,Reinforced Masonry
452889,LEON COUNTY,Reinforced Masonry
877439,LEON COUNTY,Wood
636980,LEON COUNTY,Reinforced Masonry
996522,LEON COUNTY,Wood
929753,LEON COUNTY,Masonry
956015,LEON COUNTY,Reinforced Masonry
669029,LEON COUNTY,Masonry
228166,LEON COUNTY,Masonry
677953,LEON COUNTY,Masonry
401301,LEON COUNTY,Wood
268640,LEON COUNTY,Wood
300856,LEON COUNTY,Wood
933265,LEON COUNTY,Wood
891070,LEON COUNTY,Reinforced Concrete
511306,LEON COUNTY,Wood
645925,LEON COUNTY,Masonry
616982,LEON COUNTY,Masonry
719750,LEON COUNTY,Wood
610089,LEON COUNTY,Wood
629045,LEON COUNTY,Wood
685168,LEON COUNTY,Wood
578509,LEON COUNTY,Wood
775294,LEON COUNTY,Wood
210493,LEON COUNTY,Wood
914012,LEON COUNTY,Wood
852931,LEON COUNTY,Wood
727832,LEON COUNTY,Wood
140749,LEON COUNTY,Wood
596550,LEON COUNTY,Reinforced Masonry
859377,LEON COUNTY,Masonry
584257,LEON COUNTY,Wood
155589,LEON COUNTY,Masonry
514183,LEON COUNTY,Wood
872822,LEON COUNTY,Wood
651684,LEON COUNTY,Wood
779165,LEON COUNTY,Wood
158884,LEON COUNTY,Reinforced Masonry
144149,LEON COUNTY,Wood
383577,LEON COUNTY,Wood
261091,LEON COUNTY,Wood
444338,LEON COUNTY,Masonry
327171,LEON COUNTY,Wood
371347,LEON COUNTY,Wood
951686,LEON COUNTY,Masonry
447162,LEON COUNTY,Reinforced Masonry
188345,LEON COUNTY,Wood
818636,LEON COUNTY,Wood
614898,LEON COUNTY,Wood
669081,LEON COUNTY,Wood
935876,LEON COUNTY,Wood
468469,LEON COUNTY,Wood
542386,LEON COUNTY,Wood
395441,LEON COUNTY,Wood
303562,LEON COUNTY,Wood
825549,LEON COUNTY,Wood
970082,LEON COUNTY,Wood
716335,LEON COUNTY,Wood
254640,LEON COUNTY,Wood
614480,LEON COUNTY,Wood
738905,LEON COUNTY,Wood
524306,LEON COUNTY,Wood
734078,LEON COUNTY,Wood
427755,LEON COUNTY,Wood
484434,LEON COUNTY,Wood
995789,LEON COUNTY,Wood
105029,LEON COUNTY,Wood
939080,LEON COUNTY,Wood
963857,LEON COUNTY,Wood
269554,LEON COUNTY,Wood
359282,LEON COUNTY,Wood
246752,LEON COUNTY,Wood
204754,LEON COUNTY,Wood
659602,LEON COUNTY,Wood
334792,LEON COUNTY,Reinforced Masonry
674289,LEON COUNTY,Wood
384509,LEON COUNTY,Masonry
475176,LEON COUNTY,Masonry
332849,LEON COUNTY,Wood
803588,LEON COUNTY,Wood
230743,LEON COUNTY,Wood
411740,LEON COUNTY,Masonry
937207,LEON COUNTY,Masonry
848833,LEON COUNTY,Wood
504245,LEON COUNTY,Masonry
734996,LEON COUNTY,Masonry
230134,LEON COUNTY,Masonry
816763,LEON COUNTY,Wood
322162,LEON COUNTY,Wood
321155,LEON COUNTY,Wood
613838,LEON COUNTY,Wood
869481,LEON COUNTY,Wood
384695,LEON COUNTY,Masonry
983908,LEON COUNTY,Wood
111917,LEON COUNTY,Wood
176957,LEON COUNTY,Wood
470811,LEON COUNTY,Wood
352835,LEON COUNTY,Wood
481615,FRANKLIN COUNTY,Wood
906547,FRANKLIN COUNTY,Wood
748767,FRANKLIN COUNTY,Wood
389516,FRANKLIN COUNTY,Masonry
594771,FRANKLIN COUNTY,Wood
786732,FRANKLIN COUNTY,Wood
612028,FRANKLIN COUNTY,Wood
989756,FRANKLIN COUNTY,Wood
699478,FRANKLIN COUNTY,Wood
415463,FRANKLIN COUNTY,Wood
351135,FRANKLIN COUNTY,Masonry
496510,FRANKLIN COUNTY,Masonry
485677,LIBERTY COUNTY,Wood
677003,LIBERTY COUNTY,Wood
105608,LIBERTY COUNTY,Masonry
158676,LIBERTY COUNTY,Wood
777817,LIBERTY COUNTY,Wood
812774,LIBERTY COUNTY,Wood
159089,LIBERTY COUNTY,Wood
786677,LIBERTY COUNTY,Wood
259373,LIBERTY COUNTY,Wood
451475,LIBERTY COUNTY,Wood
882753,LIBERTY COUNTY,Wood
783377,LIBERTY COUNTY,Wood
437430,LIBERTY COUNTY,Wood
827369,LIBERTY COUNTY,Masonry
596250,LIBERTY COUNTY,Wood
285886,LIBERTY COUNTY,Masonry
458484,LIBERTY COUNTY,Wood
486112,LIBERTY COUNTY,Wood
101338,LIBERTY COUNTY,Wood
232095,LIBERTY COUNTY,Wood
342224,LIBERTY COUNTY,Wood
886136,LIBERTY COUNTY,Wood
903258,LIBERTY COUNTY,Wood
520030,LIBERTY COUNTY,Masonry
277195,LIBERTY COUNTY,Wood
181268,LIBERTY COUNTY,Wood
128861,LIBERTY COUNTY,Reinforced Masonry
502760,LIBERTY COUNTY,Wood
848887,LIBERTY COUNTY,Wood
548440,LIBERTY COUNTY,Wood
201566,LIBERTY COUNTY,Wood
744482,FRANKLIN COUNTY,Wood
390109,FRANKLIN COUNTY,Wood
511392,FRANKLIN COUNTY,Wood
408803,FRANKLIN COUNTY,Wood
411806,FRANKLIN COUNTY,Wood
344504,FRANKLIN COUNTY,Masonry
433345,FRANKLIN COUNTY,Wood
272099,FRANKLIN COUNTY,Wood
163684,GADSDEN COUNTY,Wood
719955,GADSDEN COUNTY,Wood
876995,GADSDEN COUNTY,Masonry
743399,GADSDEN COUNTY,Wood
595305,GADSDEN COUNTY,Wood
910435,GADSDEN COUNTY,Wood
131728,GADSDEN COUNTY,Wood
372630,GADSDEN COUNTY,Reinforced Masonry
273180,GADSDEN COUNTY,Wood
618362,GADSDEN COUNTY,Wood
653880,GADSDEN COUNTY,Wood
939368,GADSDEN COUNTY,Wood
320372,GADSDEN COUNTY,Wood
695248,GADSDEN COUNTY,Wood
622358,GADSDEN COUNTY,Wood
248006,GADSDEN COUNTY,Wood
717616,GADSDEN COUNTY,Wood
678182,GADSDEN COUNTY,Wood
399488,GADSDEN COUNTY,Wood
739362,GADSDEN COUNTY,Wood
760498,GADSDEN COUNTY,Wood
447188,GADSDEN COUNTY,Wood
255060,GADSDEN COUNTY,Reinforced Masonry
964099,GADSDEN COUNTY,Masonry
853251,GADSDEN COUNTY,Wood
280691,GADSDEN COUNTY,Masonry
436217,WAKULLA COUNTY,Masonry
137690,WAKULLA COUNTY,Masonry
364869,WAKULLA COUNTY,Masonry
622931,WAKULLA COUNTY,Wood
144721,WAKULLA COUNTY,Masonry
879044,WAKULLA COUNTY,Wood
293936,WAKULLA COUNTY,Wood
791778,WAKULLA COUNTY,Wood
771997,WAKULLA COUNTY,Masonry
610413,WAKULLA COUNTY,Wood
110834,WAKULLA COUNTY,Masonry
810838,WAKULLA COUNTY,Masonry
501151,WAKULLA COUNTY,Wood
132290,WAKULLA COUNTY,Masonry
790532,WAKULLA COUNTY,Wood
793536,WAKULLA COUNTY,Wood
252450,WAKULLA COUNTY,Reinforced Masonry
390685,WAKULLA COUNTY,Masonry
263106,WAKULLA COUNTY,Masonry
222923,WAKULLA COUNTY,Wood
478696,WAKULLA COUNTY,Reinforced Masonry
644404,WAKULLA COUNTY,Reinforced Concrete
936549,WAKULLA COUNTY,Wood
726970,WAKULLA COUNTY,Wood
637467,WAKULLA COUNTY,Wood
506061,WAKULLA COUNTY,Wood
405009,WAKULLA COUNTY,Masonry
797729,WAKULLA COUNTY,Masonry
342656,WAKULLA COUNTY,Wood
808248,WAKULLA COUNTY,Reinforced Concrete
586817,WAKULLA COUNTY,Reinforced Concrete
297047,WAKULLA COUNTY,Wood
377880,WAKULLA COUNTY,Wood
960034,WAKULLA COUNTY,Reinforced Concrete
556888,WAKULLA COUNTY,Masonry
440763,WAKULLA COUNTY,Reinforced Concrete
827514,WAKULLA COUNTY,Reinforced Masonry
261396,WAKULLA COUNTY,Masonry
971391,WAKULLA COUNTY,Masonry
329887,WAKULLA COUNTY,Masonry
790204,WAKULLA COUNTY,Wood
593181,WAKULLA COUNTY,Wood
567130,WAKULLA COUNTY,Masonry
778905,WAKULLA COUNTY,Wood
565101,WAKULLA COUNTY,Wood
124465,WAKULLA COUNTY,Wood
254681,WAKULLA COUNTY,Masonry
730075,WAKULLA COUNTY,Wood
469022,WAKULLA COUNTY,Wood
427994,WAKULLA COUNTY,Masonry
904768,WAKULLA COUNTY,Wood
952446,WAKULLA COUNTY,Wood
802386,WAKULLA COUNTY,Wood
443430,WAKULLA COUNTY,Wood
306353,WAKULLA COUNTY,Wood
425957,FRANKLIN COUNTY,Wood
984289,FRANKLIN COUNTY,Masonry
841525,FRANKLIN COUNTY,Wood
671320,FRANKLIN COUNTY,Wood
790892,FRANKLIN COUNTY,Wood
387385,FRANKLIN COUNTY,Wood
485814,FRANKLIN COUNTY,Reinforced Masonry
803291,FRANKLIN COUNTY,Reinforced Masonry
575869,FRANKLIN COUNTY,Reinforced Masonry
274205,FRANKLIN COUNTY,Reinforced Masonry
508824,FRANKLIN COUNTY,Reinforced Masonry
176891,FRANKLIN COUNTY,Wood
201277,FRANKLIN COUNTY,Masonry
242745,FRANKLIN COUNTY,Masonry
272543,FRANKLIN COUNTY,Wood
354967,FRANKLIN COUNTY,Masonry
417685,FRANKLIN COUNTY,Masonry
216543,GADSDEN COUNTY,Wood
547186,GADSDEN COUNTY,Wood
766555,GADSDEN COUNTY,Wood
340437,GADSDEN COUNTY,Wood
960468,GADSDEN COUNTY,Wood
578597,GADSDEN COUNTY,Wood
316406,GADSDEN COUNTY,Wood
730243,GADSDEN COUNTY,Wood
340294,GADSDEN COUNTY,Masonry
348693,GADSDEN COUNTY,Wood
198785,GADSDEN COUNTY,Wood
296809,GADSDEN COUNTY,Reinforced Masonry
466837,GADSDEN COUNTY,Reinforced Masonry
931973,GADSDEN COUNTY,Masonry
478208,GADSDEN COUNTY,Masonry
327460,GADSDEN COUNTY,Wood
755449,GADSDEN COUNTY,Wood
246887,GADSDEN COUNTY,Masonry
790477,MADISON COUNTY,Wood
807314,MADISON COUNTY,Masonry
852868,MADISON COUNTY,Wood
757484,MADISON COUNTY,Wood
539258,MADISON COUNTY,Wood
125300,MADISON COUNTY,Wood
515247,MADISON COUNTY,Wood
362625,MADISON COUNTY,Wood
441367,MADISON COUNTY,Wood
428148,MADISON COUNTY,Wood
251047,GADSDEN COUNTY,Masonry
613819,GADSDEN COUNTY,Masonry
494107,GADSDEN COUNTY,Wood
634777,GADSDEN COUNTY,Wood
984559,GADSDEN COUNTY,Wood
388907,GADSDEN COUNTY,Masonry
444433,GADSDEN COUNTY,Wood
136473,GADSDEN COUNTY,Wood
928946,GADSDEN COUNTY,Reinforced Masonry
276598,GADSDEN COUNTY,Reinforced Masonry
957251,GADSDEN COUNTY,Reinforced Masonry
437315,GADSDEN COUNTY,Reinforced Masonry
880804,GADSDEN COUNTY,Wood
278989,GADSDEN COUNTY,Wood
223853,GADSDEN COUNTY,Wood
526575,GADSDEN COUNTY,Wood
914254,GADSDEN COUNTY,Wood
485361,GADSDEN COUNTY,Wood
689055,GADSDEN COUNTY,Reinforced Masonry
662290,GADSDEN COUNTY,Wood
311286,GADSDEN COUNTY,Wood
830307,GADSDEN COUNTY,Wood
886048,GADSDEN COUNTY,Wood
100316,GADSDEN COUNTY,Wood
302424,GADSDEN COUNTY,Wood
902058,GADSDEN COUNTY,Wood
465430,GADSDEN COUNTY,Wood
704037,GADSDEN COUNTY,Wood
465920,GADSDEN COUNTY,Wood
485918,GADSDEN COUNTY,Wood
211655,GADSDEN COUNTY,Wood
461546,GADSDEN COUNTY,Wood
956939,GADSDEN COUNTY,Wood
223206,GADSDEN COUNTY,Wood
808184,GADSDEN COUNTY,Wood
263920,GADSDEN COUNTY,Wood
481056,GADSDEN COUNTY,Wood
885148,GADSDEN COUNTY,Wood
639151,GADSDEN COUNTY,Wood
939684,GADSDEN COUNTY,Wood
730817,GADSDEN COUNTY,Wood
881633,GADSDEN COUNTY,Masonry
351383,GADSDEN COUNTY,Masonry
194298,GADSDEN COUNTY,Wood
892232,GADSDEN COUNTY,Wood
332022,GADSDEN COUNTY,Wood
568246,GADSDEN COUNTY,Wood
363008,GADSDEN COUNTY,Wood
463483,GADSDEN COUNTY,Wood
679828,GADSDEN COUNTY,Wood
958563,GADSDEN COUNTY,Wood
349028,GADSDEN COUNTY,Reinforced Masonry
483460,GADSDEN COUNTY,Masonry
267578,GADSDEN COUNTY,Reinforced Masonry
951972,GADSDEN COUNTY,Masonry
230094,GADSDEN COUNTY,Masonry
107453,GADSDEN COUNTY,Reinforced Masonry
310848,GADSDEN COUNTY,Masonry
480667,GADSDEN COUNTY,Masonry
376972,GADSDEN COUNTY,Masonry
329020,GADSDEN COUNTY,Wood
687753,GADSDEN COUNTY,Wood
839888,GADSDEN COUNTY,Wood
248834,GADSDEN COUNTY,Masonry
462344,LIBERTY COUNTY,Wood
583299,LIBERTY COUNTY,Reinforced Concrete
460519,LIBERTY COUNTY,Wood
733735,LIBERTY COUNTY,Wood
267190,LIBERTY COUNTY,Wood
408444,MADISON COUNTY,Wood
941525,MADISON COUNTY,Wood
701341,MADISON COUNTY,Wood
670477,MADISON COUNTY,Wood
569296,MADISON COUNTY,Wood
186507,MADISON COUNTY,Masonry
141517,MADISON COUNTY,Wood
424714,MADISON COUNTY,Masonry
569209,MADISON COUNTY,Wood
950233,MADISON COUNTY,Reinforced Masonry
484152,MADISON COUNTY,Masonry
196725,MADISON COUNTY,Masonry
124654,MADISON COUNTY,Reinforced Masonry
911722,MADISON COUNTY,Wood
765060,MADISON COUNTY,Wood
688938,MADISON COUNTY,Wood
273297,MADISON COUNTY,Wood
248817,MADISON COUNTY,Wood
226968,MADISON COUNTY,Wood
840749,MADISON COUNTY,Masonry
599513,MADISON COUNTY,Wood
352034,MADISON COUNTY,Wood
459881,MADISON COUNTY,Wood
596506,MADISON COUNTY,Wood
419655,MADISON COUNTY,Wood
823571,MADISON COUNTY,Wood
700978,MADISON COUNTY,Wood
425548,MADISON COUNTY,Wood
416477,MADISON COUNTY,Masonry
997627,MADISON COUNTY,Wood
904796,MADISON COUNTY,Wood
366928,MADISON COUNTY,Wood
620351,MADISON COUNTY,Masonry
284239,MADISON COUNTY,Wood
790773,MADISON COUNTY,Masonry
220438,MADISON COUNTY,Wood
608209,MADISON COUNTY,Wood
979905,MADISON COUNTY,Wood
430332,MADISON COUNTY,Wood
342163,MADISON COUNTY,Wood
686993,MADISON COUNTY,Wood
871485,MADISON COUNTY,Wood
675816,MADISON COUNTY,Wood
536685,MADISON COUNTY,Masonry
623673,MADISON COUNTY,Masonry
374046,MADISON COUNTY,Wood
227293,MADISON COUNTY,Masonry
544721,MADISON COUNTY,Wood
187389,MADISON COUNTY,Wood
233931,MADISON COUNTY,Wood
979777,MADISON COUNTY,Masonry
854640,MADISON COUNTY,Wood
713166,MADISON COUNTY,Wood
622713,MADISON COUNTY,Reinforced Masonry
760557,MADISON COUNTY,Masonry
386420,MADISON COUNTY,Masonry
990463,MADISON COUNTY,Reinforced Masonry
186358,MADISON COUNTY,Masonry
364912,MADISON COUNTY,Masonry
352489,GADSDEN COUNTY,Wood
549727,JEFFERSON COUNTY,Masonry
271003,JEFFERSON COUNTY,Wood
814262,JEFFERSON COUNTY,Wood
896386,JEFFERSON COUNTY,Masonry
865501,JEFFERSON COUNTY,Wood
453724,JEFFERSON COUNTY,Masonry
408265,JEFFERSON COUNTY,Wood
520733,JEFFERSON COUNTY,Wood
993917,JEFFERSON COUNTY,Wood
343211,JEFFERSON COUNTY,Wood
850825,JEFFERSON COUNTY,Wood
378860,JEFFERSON COUNTY,Masonry
682241,JEFFERSON COUNTY,Masonry
640824,JEFFERSON COUNTY,Masonry
807855,JEFFERSON COUNTY,Masonry
349153,JEFFERSON COUNTY,Wood
336877,JEFFERSON COUNTY,Wood
491718,JEFFERSON COUNTY,Wood
963762,JEFFERSON COUNTY,Wood
110199,JEFFERSON COUNTY,Wood
560859,JEFFERSON COUNTY,Wood
971647,JEFFERSON COUNTY,Wood
299010,JEFFERSON COUNTY,Wood
731013,JEFFERSON COUNTY,Wood
183167,JEFFERSON COUNTY,Masonry
170649,JEFFERSON COUNTY,Masonry
677574,JEFFERSON COUNTY,Wood
980724,JEFFERSON COUNTY,Wood
361902,JEFFERSON COUNTY,Wood
361949,JEFFERSON COUNTY,Wood
762422,JEFFERSON COUNTY,Wood
230449,JEFFERSON COUNTY,Wood
626481,JEFFERSON COUNTY,Wood
596965,JEFFERSON COUNTY,Wood
663507,JEFFERSON COUNTY,Masonry
893473,JEFFERSON COUNTY,Wood
144278,JEFFERSON COUNTY,Wood
666220,JEFFERSON COUNTY,Masonry
145040,JEFFERSON COUNTY,Masonry
350628,JEFFERSON COUNTY,Wood
143023,JEFFERSON COUNTY,Wood
347038,JEFFERSON COUNTY,Masonry
306792,JEFFERSON COUNTY,Reinforced Masonry
479443,JEFFERSON COUNTY,Wood
139293,JEFFERSON COUNTY,Masonry
928529,JEFFERSON COUNTY,Masonry
406883,JEFFERSON COUNTY,Masonry
904481,JEFFERSON COUNTY,Masonry
800218,JEFFERSON COUNTY,Masonry
431173,JEFFERSON COUNTY,Reinforced Masonry
779054,JEFFERSON COUNTY,Wood
995049,JEFFERSON COUNTY,Wood
726733,JEFFERSON COUNTY,Wood
980126,JEFFERSON COUNTY,Wood
353282,JEFFERSON COUNTY,Wood
208099,JEFFERSON COUNTY,Wood
776568,JEFFERSON COUNTY,Wood
219138,WAKULLA COUNTY,Wood
572410,WAKULLA COUNTY,Masonry
976645,WAKULLA COUNTY,Wood
243505,WAKULLA COUNTY,Wood
378722,WAKULLA COUNTY,Wood
397940,WAKULLA COUNTY,Wood
502466,WAKULLA COUNTY,Wood
878346,WAKULLA COUNTY,Wood
508637,WAKULLA COUNTY,Wood
982298,WAKULLA COUNTY,Wood
489930,TAYLOR COUNTY,Reinforced Masonry
858457,TAYLOR COUNTY,Wood
339167,TAYLOR COUNTY,Wood
172384,TAYLOR COUNTY,Wood
123923,TAYLOR COUNTY,Wood
554572,TAYLOR COUNTY,Masonry
198361,TAYLOR COUNTY,Reinforced Masonry
302493,TAYLOR COUNTY,Wood
111020,TAYLOR COUNTY,Wood
387113,TAYLOR COUNTY,Wood
681245,TAYLOR COUNTY,Masonry
335083,TAYLOR COUNTY,Masonry
198084,TAYLOR COUNTY,Wood
974019,TAYLOR COUNTY,Wood
189732,TAYLOR COUNTY,Wood
919237,TAYLOR COUNTY,Wood
703813,TAYLOR COUNTY,Wood
992140,TAYLOR COUNTY,Wood
442886,TAYLOR COUNTY,Wood
323672,TAYLOR COUNTY,Reinforced Masonry
209448,TAYLOR COUNTY,Wood
551371,TAYLOR COUNTY,Wood
754333,TAYLOR COUNTY,Wood
803578,TAYLOR COUNTY,Wood
860005,TAYLOR COUNTY,Wood
244382,TAYLOR COUNTY,Wood
557428,TAYLOR COUNTY,Reinforced Concrete
946133,TAYLOR COUNTY,Wood
954047,TAYLOR COUNTY,Wood
751178,TAYLOR COUNTY,Wood
983825,TAYLOR COUNTY,Wood
385875,TAYLOR COUNTY,Wood
521593,TAYLOR COUNTY,Wood
850201,TAYLOR COUNTY,Wood
742445,TAYLOR COUNTY,Wood
688673,TAYLOR COUNTY,Wood
950319,TAYLOR COUNTY,Wood
804282,TAYLOR COUNTY,Wood
964764,TAYLOR COUNTY,Wood
946971,TAYLOR COUNTY,Wood
381999,TAYLOR COUNTY,Wood
703464,TAYLOR COUNTY,Masonry
767342,TAYLOR COUNTY,Reinforced Masonry
295825,TAYLOR COUNTY,Wood
511947,TAYLOR COUNTY,Wood
497446,TAYLOR COUNTY,Wood
724330,TAYLOR COUNTY,Wood
715643,TAYLOR COUNTY,Wood
646193,TAYLOR COUNTY,Wood
301733,TAYLOR COUNTY,Wood
512304,TAYLOR COUNTY,Wood
837657,TAYLOR COUNTY,Masonry
789826,TAYLOR COUNTY,Reinforced Masonry
631172,TAYLOR COUNTY,Wood
693823,TAYLOR COUNTY,Wood
478886,TAYLOR COUNTY,Wood
996504,TAYLOR COUNTY,Masonry
113209,TAYLOR COUNTY,Wood
628450,TAYLOR COUNTY,Masonry
296773,TAYLOR COUNTY,Wood
332837,TAYLOR COUNTY,Reinforced Masonry
723813,TAYLOR COUNTY,Wood
973935,TAYLOR COUNTY,Wood
902448,TAYLOR COUNTY,Wood
967792,TAYLOR COUNTY,Wood
991555,TAYLOR COUNTY,Wood
199723,TAYLOR COUNTY,Masonry
709705,TAYLOR COUNTY,Wood
581618,TAYLOR COUNTY,Masonry
228671,TAYLOR COUNTY,Wood
792113,TAYLOR COUNTY,Wood
362668,TAYLOR COUNTY,Wood
924918,TAYLOR COUNTY,Masonry
810749,TAYLOR COUNTY,Reinforced Masonry
916616,TAYLOR COUNTY,Wood
971782,TAYLOR COUNTY,Wood
251835,TAYLOR COUNTY,Wood
647540,TAYLOR COUNTY,Wood
565470,TAYLOR COUNTY,Wood
643886,TAYLOR COUNTY,Wood
970032,TAYLOR COUNTY,Wood
705570,TAYLOR COUNTY,Wood
886873,TAYLOR COUNTY,Wood
109862,TAYLOR COUNTY,Wood
280283,TAYLOR COUNTY,Wood
176659,TAYLOR COUNTY,Wood
605167,TAYLOR COUNTY,Wood
522273,TAYLOR COUNTY,Wood
161421,TAYLOR COUNTY,Wood
964810,TAYLOR COUNTY,Wood
148513,TAYLOR COUNTY,Masonry
537098,TAYLOR COUNTY,Masonry
939518,TAYLOR COUNTY,Masonry
120991,TAYLOR COUNTY,Masonry
642958,TAYLOR COUNTY,Masonry
102002,TAYLOR COUNTY,Masonry
484307,TAYLOR COUNTY,Wood
539985,TAYLOR COUNTY,Wood
660338,TAYLOR COUNTY,Wood
680100,MADISON COUNTY,Wood
240664,MADISON COUNTY,Reinforced Masonry
948418,MADISON COUNTY,Masonry
915706,MADISON COUNTY,Wood
700735,MADISON COUNTY,Wood
521481,MADISON COUNTY,Wood
399117,GADSDEN COUNTY,Masonry
850152,GADSDEN COUNTY,Wood
267551,GADSDEN COUNTY,Wood
475548,GADSDEN COUNTY,Wood
708729,GADSDEN COUNTY,Wood
875533,GADSDEN COUNTY,Reinforced Masonry
754962,GADSDEN COUNTY,Steel Frame
254136,GADSDEN COUNTY,Wood
520684,GADSDEN COUNTY,Masonry
811927,GADSDEN COUNTY,Wood
307890,GADSDEN COUNTY,Wood
441071,GADSDEN COUNTY,Masonry
960973,GADSDEN COUNTY,Wood
134341,GADSDEN COUNTY,Wood
830075,GADSDEN COUNTY,Wood
194015,GADSDEN COUNTY,Wood
344814,GADSDEN COUNTY,Wood
594806,GADSDEN COUNTY,Wood
819822,GADSDEN COUNTY,Wood
747511,GADSDEN COUNTY,Wood
274748,GADSDEN COUNTY,Wood
671128,GADSDEN COUNTY,Wood
546588,GADSDEN COUNTY,Wood
281041,GADSDEN COUNTY,Wood
388236,GADSDEN COUNTY,Wood
583457,GADSDEN COUNTY,Wood
634761,GADSDEN COUNTY,Masonry
992828,GADSDEN COUNTY,Masonry
840869,GADSDEN COUNTY,Reinforced Masonry
753794,GADSDEN COUNTY,Masonry
394096,GADSDEN COUNTY,Masonry
993901,GADSDEN COUNTY,Wood
785862,GADSDEN COUNTY,Masonry
567375,GADSDEN COUNTY,Masonry
503438,GADSDEN COUNTY,Masonry
428168,GADSDEN COUNTY,Masonry
824970,GADSDEN COUNTY,Masonry
182953,GADSDEN COUNTY,Masonry
470499,GADSDEN COUNTY,Masonry
309731,GADSDEN COUNTY,Reinforced Masonry
190203,GADSDEN COUNTY,Wood
706567,GADSDEN COUNTY,Wood
449478,GADSDEN COUNTY,Masonry
355644,GADSDEN COUNTY,Masonry
651125,GADSDEN COUNTY,Masonry
629544,GADSDEN COUNTY,Masonry
851607,GADSDEN COUNTY,Masonry
778665,GADSDEN COUNTY,Wood
869078,GADSDEN COUNTY,Masonry
737972,GADSDEN COUNTY,Wood
644493,GADSDEN COUNTY,Wood
206766,GADSDEN COUNTY,Wood
349230,GADSDEN COUNTY,Masonry
539320,GADSDEN COUNTY,Wood
696388,GADSDEN COUNTY,Wood
250787,GADSDEN COUNTY,Wood
122420,GADSDEN COUNTY,Wood
613556,GADSDEN COUNTY,Wood
703519,GADSDEN COUNTY,Wood
275369,GADSDEN COUNTY,Wood
332121,GADSDEN COUNTY,Wood
931804,GADSDEN COUNTY,Wood
384379,GADSDEN COUNTY,Wood
740074,GADSDEN COUNTY,Wood
103223,GADSDEN COUNTY,Wood
492213,GADSDEN COUNTY,Wood
246117,GADSDEN COUNTY,Wood
401497,GADSDEN COUNTY,Masonry
702684,GADSDEN COUNTY,Reinforced Masonry
672475,GADSDEN COUNTY,Wood
683842,GADSDEN COUNTY,Masonry
752251,GADSDEN COUNTY,Wood
256535,GADSDEN COUNTY,Masonry
177567,GADSDEN COUNTY,Masonry
889944,GADSDEN COUNTY,Wood
167508,GADSDEN COUNTY,Wood
902637,GADSDEN COUNTY,Wood
529761,GADSDEN COUNTY,Masonry
824464,GADSDEN COUNTY,Wood
852690,GADSDEN COUNTY,Wood
289551,GADSDEN COUNTY,Wood
714503,GADSDEN COUNTY,Wood
339215,GADSDEN COUNTY,Wood
916316,GADSDEN COUNTY,Wood
562662,GADSDEN COUNTY,Wood
859555,GADSDEN COUNTY,Wood
155867,GADSDEN COUNTY,Wood
326736,WAKULLA COUNTY,Wood
386572,WAKULLA COUNTY,Wood
980608,WAKULLA COUNTY,Wood
403239,WAKULLA COUNTY,Wood
610427,WAKULLA COUNTY,Wood
358889,WAKULLA COUNTY,Masonry
328732,WAKULLA COUNTY,Masonry
575764,WAKULLA COUNTY,Masonry
467957,WAKULLA COUNTY,Wood
664848,WAKULLA COUNTY,Reinforced Masonry
412356,WAKULLA COUNTY,Masonry
422141,WAKULLA COUNTY,Masonry
604590,WAKULLA COUNTY,Masonry
805329,WAKULLA COUNTY,Wood
450931,WAKULLA COUNTY,Wood
266753,WAKULLA COUNTY,Wood
551411,WAKULLA COUNTY,Wood
649329,WAKULLA COUNTY,Wood
992384,WAKULLA COUNTY,Masonry
580316,WAKULLA COUNTY,Masonry
803768,TAYLOR COUNTY,Masonry
905727,TAYLOR COUNTY,Wood
107888,TAYLOR COUNTY,Wood
916778,TAYLOR COUNTY,Wood
942342,TAYLOR COUNTY,Wood
768796,TAYLOR COUNTY,Wood
531150,TAYLOR COUNTY,Wood
293430,TAYLOR COUNTY,Wood
209503,TAYLOR COUNTY,Wood
102398,TAYLOR COUNTY,Wood
903095,TAYLOR COUNTY,Wood
636279,TAYLOR COUNTY,Wood
359690,TAYLOR COUNTY,Masonry
891085,TAYLOR COUNTY,Wood
409967,LEON COUNTY,Reinforced Masonry
678303,LEON COUNTY,Masonry
645243,LEON COUNTY,Reinforced Masonry
749435,LEON COUNTY,Masonry
611857,LEON COUNTY,Masonry
430900,BAY COUNTY,Masonry
755749,BAY COUNTY,Wood
274616,BAY COUNTY,Wood
544936,BAY COUNTY,Wood
583970,BAY COUNTY,Masonry
580276,BAY COUNTY,Masonry
542777,BAY COUNTY,Reinforced Masonry
886730,BAY COUNTY,Wood
744670,BAY COUNTY,Wood
772025,BAY COUNTY,Reinforced Masonry
456572,BAY COUNTY,Wood
128131,BAY COUNTY,Reinforced Masonry
271209,BAY COUNTY,Reinforced Masonry
300811,BAY COUNTY,Reinforced Masonry
473009,BAY COUNTY,Wood
526005,BAY COUNTY,Wood
860797,BAY COUNTY,Masonry
685747,BAY COUNTY,Reinforced Concrete
123937,BAY COUNTY,Wood
183879,BAY COUNTY,Masonry
512260,BAY COUNTY,Reinforced Masonry
691247,BAY COUNTY,Reinforced Masonry
883852,BAY COUNTY,Masonry
555449,BAY COUNTY,Masonry
570707,BAY COUNTY,Masonry
781009,BAY COUNTY,Wood
151838,BAY COUNTY,Wood
181634,BAY COUNTY,Wood
439778,BAY COUNTY,Reinforced Masonry
168008,BAY COUNTY,Masonry
968580,BAY COUNTY,Masonry
884571,BAY COUNTY,Wood
905912,BAY COUNTY,Masonry
128146,BAY COUNTY,Wood
344782,BAY COUNTY,Wood
552814,BAY COUNTY,Masonry
500262,BAY COUNTY,Reinforced Masonry
785630,BAY COUNTY,Reinforced Concrete
933238,BAY COUNTY,Reinforced Concrete
503844,BAY COUNTY,Steel Frame
460236,BAY COUNTY,Masonry
700206,BAY COUNTY,Masonry
891489,BAY COUNTY,Masonry
304021,BAY COUNTY,Masonry
433793,BAY COUNTY,Wood
464021,BAY COUNTY,Wood
491115,BAY COUNTY,Reinforced Masonry
944950,BAY COUNTY,Reinforced Masonry
838298,BAY COUNTY,Wood
672001,BAY COUNTY,Reinforced Masonry
224331,BAY COUNTY,Reinforced Masonry
676822,BAY COUNTY,Reinforced Masonry
206441,BAY COUNTY,Wood
370773,BAY COUNTY,Wood
394818,BAY COUNTY,Wood
852520,BAY COUNTY,Wood
876010,BAY COUNTY,Wood
593070,BAY COUNTY,Wood
179262,BAY COUNTY,Wood
369830,BAY COUNTY,Wood
828704,BAY COUNTY,Wood
455732,BAY COUNTY,Wood
934502,BAY COUNTY,Wood
470145,BAY COUNTY,Wood
589653,BAY COUNTY,Wood
709858,BAY COUNTY,Wood
660969,BAY COUNTY,Wood
725797,BAY COUNTY,Wood
669238,BAY COUNTY,Wood
868735,BAY COUNTY,Wood
238679,BAY COUNTY,Masonry
888350,BAY COUNTY,Wood
537673,BAY COUNTY,Wood
269818,BAY COUNTY,Wood
833285,BAY COUNTY,Wood
556472,BAY COUNTY,Wood
853960,BAY COUNTY,Masonry
691111,BAY COUNTY,Wood
902545,BAY COUNTY,Wood
638372,BAY COUNTY,Wood
538203,BAY COUNTY,Wood
963299,BAY COUNTY,Masonry
370091,BAY COUNTY,Wood
682597,BAY COUNTY,Wood
430806,BAY COUNTY,Wood
143612,BAY COUNTY,Wood
237956,BAY COUNTY,Wood
245985,BAY COUNTY,Masonry
183788,BAY COUNTY,Wood
103810,BAY COUNTY,Wood
278243,BAY COUNTY,Reinforced Masonry
878953,BAY COUNTY,Masonry
394030,BAY COUNTY,Wood
965651,BAY COUNTY,Wood
454585,BAY COUNTY,Reinforced Concrete
658942,BAY COUNTY,Wood
481064,BAY COUNTY,Masonry
970015,BAY COUNTY,Wood
664155,BAY COUNTY,Wood
504852,BAY COUNTY,Wood
465283,BAY COUNTY,Masonry
901625,BAY COUNTY,Wood
997150,BAY COUNTY,Masonry
261097,BAY COUNTY,Wood
575697,BAY COUNTY,Masonry
209405,BAY COUNTY,Masonry
319675,BAY COUNTY,Wood
508721,BAY COUNTY,Wood
495724,BAY COUNTY,Wood
548607,BAY COUNTY,Wood
454012,BAY COUNTY,Wood
588111,BAY COUNTY,Wood
569500,BAY COUNTY,Wood
972877,BAY COUNTY,Wood
746177,BAY COUNTY,Wood
415821,BAY COUNTY,Wood
900320,BAY COUNTY,Masonry
866150,BAY COUNTY,Masonry
790880,BAY COUNTY,Wood
362729,BAY COUNTY,Wood
788533,BAY COUNTY,Wood
727899,BAY COUNTY,Wood
326368,BAY COUNTY,Wood
653519,BAY COUNTY,Masonry
814948,BAY COUNTY,Masonry
724926,BAY COUNTY,Masonry
284110,BAY COUNTY,Masonry
676635,BAY COUNTY,Reinforced Masonry
868212,BAY COUNTY,Wood
767054,BAY COUNTY,Wood
506214,BAY COUNTY,Wood
897926,BAY COUNTY,Masonry
677790,BAY COUNTY,Masonry
101036,BAY COUNTY,Wood
233192,BAY COUNTY,Masonry
544426,BAY COUNTY,Wood
268827,BAY COUNTY,Wood
635219,BAY COUNTY,Wood
265871,BAY COUNTY,Masonry
552478,BAY COUNTY,Wood
247639,BAY COUNTY,Reinforced Masonry
617777,BAY COUNTY,Wood
227225,BAY COUNTY,Wood
741059,BAY COUNTY,Wood
113309,BAY COUNTY,Wood
154954,BAY COUNTY,Wood
315104,BAY COUNTY,Wood
282118,BAY COUNTY,Wood
901589,BAY COUNTY,Wood
475454,BAY COUNTY,Wood
733014,BAY COUNTY,Masonry
872342,BAY COUNTY,Wood
977297,BAY COUNTY,Wood
996797,BAY COUNTY,Wood
930412,BAY COUNTY,Wood
828167,BAY COUNTY,Reinforced Masonry
835470,BAY COUNTY,Masonry
130599,BAY COUNTY,Masonry
556323,BAY COUNTY,Reinforced Concrete
653783,BAY COUNTY,Reinforced Concrete
199843,BAY COUNTY,Wood
408604,BAY COUNTY,Wood
235265,BAY COUNTY,Wood
330735,BAY COUNTY,Wood
632165,BAY COUNTY,Wood
681096,BAY COUNTY,Wood
547242,BAY COUNTY,Masonry
242005,BAY COUNTY,Wood
566613,BAY COUNTY,Wood
974414,BAY COUNTY,Masonry
597501,BAY COUNTY,Reinforced Masonry
329516,BAY COUNTY,Masonry
182197,BAY COUNTY,Masonry
266075,BAY COUNTY,Wood
885528,BAY COUNTY,Wood
970498,BAY COUNTY,Wood
587057,BAY COUNTY,Wood
742260,BAY COUNTY,Wood
815587,BAY COUNTY,Wood
888748,BAY COUNTY,Wood
651160,BAY COUNTY,Reinforced Masonry
900301,BAY COUNTY,Masonry
431495,BAY COUNTY,Wood
291761,BAY COUNTY,Wood
392571,BAY COUNTY,Wood
296579,BAY COUNTY,Wood
814503,BAY COUNTY,Masonry
397603,BAY COUNTY,Wood
278859,BAY COUNTY,Wood
927946,BAY COUNTY,Wood
307199,BAY COUNTY,Wood
473551,BAY COUNTY,Wood
359896,BAY COUNTY,Wood
630799,BAY COUNTY,Wood
115071,BAY COUNTY,Wood
813157,BAY COUNTY,Wood
446877,BAY COUNTY,Wood
549092,BAY COUNTY,Wood
869635,BAY COUNTY,Wood
181190,BAY COUNTY,Wood
952536,BAY COUNTY,Reinforced Masonry
234730,BAY COUNTY,Masonry
990532,BAY COUNTY,Reinforced Concrete
437376,BAY COUNTY,Reinforced Masonry
868414,BAY COUNTY,Wood
560023,BAY COUNTY,Masonry
531018,BAY COUNTY,Wood
862279,BAY COUNTY,Wood
913677,BAY COUNTY,Masonry
368497,BAY COUNTY,Wood
806491,BAY COUNTY,Wood
956474,BAY COUNTY,Reinforced Concrete
393855,BAY COUNTY,Reinforced Masonry
236809,BAY COUNTY,Masonry
233360,BAY COUNTY,Masonry
852903,BAY COUNTY,Wood
411412,BAY COUNTY,Wood
638511,BAY COUNTY,Wood
619853,BAY COUNTY,Steel Frame
677532,BAY COUNTY,Masonry
203973,BAY COUNTY,Reinforced Concrete
864999,BAY COUNTY,Masonry
470074,BAY COUNTY,Masonry
454081,BAY COUNTY,Masonry
679930,BAY COUNTY,Masonry
276744,BAY COUNTY,Masonry
689881,BAY COUNTY,Masonry
219881,BAY COUNTY,Masonry
281812,BAY COUNTY,Masonry
681382,BAY COUNTY,Masonry
187152,BAY COUNTY,Masonry
420392,BAY COUNTY,Masonry
254782,BAY COUNTY,Masonry
983500,BAY COUNTY,Masonry
612229,BAY COUNTY,Masonry
613407,BAY COUNTY,Masonry
380142,BAY COUNTY,Masonry
935588,BAY COUNTY,Masonry
203097,BAY COUNTY,Reinforced Masonry
771476,BAY COUNTY,Reinforced Masonry
881297,BAY COUNTY,Masonry
474249,BAY COUNTY,Wood
832086,BAY COUNTY,Reinforced Masonry
377902,BAY COUNTY,Masonry
605866,BAY COUNTY,Masonry
571393,BAY COUNTY,Reinforced Masonry
801676,BAY COUNTY,Reinforced Concrete
520599,BAY COUNTY,Reinforced Concrete
317574,BAY COUNTY,Masonry
481235,BAY COUNTY,Masonry
942125,BAY COUNTY,Reinforced Concrete
658270,BAY COUNTY,Wood
776764,BAY COUNTY,Reinforced Masonry
549397,BAY COUNTY,Reinforced Masonry
929053,BAY COUNTY,Wood
634233,BAY COUNTY,Wood
747131,BAY COUNTY,Wood
995193,BAY COUNTY,Wood
381321,BAY COUNTY,Wood
995419,BAY COUNTY,Wood
501720,BAY COUNTY,Wood
523558,BAY COUNTY,Wood
650297,BAY COUNTY,Wood
871903,BAY COUNTY,Reinforced Masonry
846959,BAY COUNTY,Wood
898645,BAY COUNTY,Wood
631406,BAY COUNTY,Wood
344642,BAY COUNTY,Wood
180988,BAY COUNTY,Wood
476557,BAY COUNTY,Wood
495613,BAY COUNTY,Masonry
813476,BAY COUNTY,Masonry
110207,BAY COUNTY,Masonry
349233,BAY COUNTY,Masonry
355679,BAY COUNTY,Masonry
342917,BAY COUNTY,Masonry
763188,BAY COUNTY,Wood
684404,BAY COUNTY,Reinforced Concrete
523215,BAY COUNTY,Wood
961479,BAY COUNTY,Wood
872886,BAY COUNTY,Wood
846234,BAY COUNTY,Masonry
365135,BAY COUNTY,Wood
420233,BAY COUNTY,Wood
390802,BAY COUNTY,Wood
278448,BAY COUNTY,Reinforced Concrete
901435,BAY COUNTY,Reinforced Masonry
788395,BAY COUNTY,Wood
870434,BAY COUNTY,Masonry
584847,BAY COUNTY,Wood
440239,BAY COUNTY,Reinforced Concrete
847832,BAY COUNTY,Steel Frame
177345,BAY COUNTY,Reinforced Concrete
285210,BAY COUNTY,Reinforced Masonry
879413,BAY COUNTY,Wood
107783,BAY COUNTY,Wood
336897,BAY COUNTY,Wood
972481,BAY COUNTY,Wood
860546,BAY COUNTY,Wood
268835,BAY COUNTY,Masonry
578855,BAY COUNTY,Reinforced Masonry
678603,BAY COUNTY,Reinforced Concrete
603821,BAY COUNTY,Wood
947816,BAY COUNTY,Masonry
286578,BAY COUNTY,Reinforced Masonry
591676,BAY COUNTY,Masonry
787369,BAY COUNTY,Masonry
935010,BAY COUNTY,Wood
712366,BAY COUNTY,Wood
210708,BAY COUNTY,Wood
692014,BAY COUNTY,Wood
758505,BAY COUNTY,Wood
888231,BAY COUNTY,Wood
435390,BAY COUNTY,Reinforced Masonry
323832,BAY COUNTY,Wood
389142,BAY COUNTY,Masonry
950551,BAY COUNTY,Masonry
836880,BAY COUNTY,Masonry
850076,BAY COUNTY,Reinforced Masonry
641388,BAY COUNTY,Masonry
342919,BAY COUNTY,Reinforced Masonry
419446,BAY COUNTY,Masonry
757410,BAY COUNTY,Wood
584791,BAY COUNTY,Wood
430552,BAY COUNTY,Wood
233436,BAY COUNTY,Wood
770307,BAY COUNTY,Wood
453741,BAY COUNTY,Reinforced Masonry
805159,BAY COUNTY,Wood
655713,BAY COUNTY,Wood
632168,BAY COUNTY,Wood
236753,BAY COUNTY,Masonry
814965,BAY COUNTY,Wood
416373,BAY COUNTY,Wood
458001,BAY COUNTY,Wood
421258,BAY COUNTY,Masonry
487337,BAY COUNTY,Masonry
705392,BAY COUNTY,Wood
724971,BAY COUNTY,Reinforced Concrete
525340,BAY COUNTY,Wood
274641,BAY COUNTY,Wood
725522,BAY COUNTY,Wood
948462,BAY COUNTY,Wood
931725,BAY COUNTY,Steel Frame
297000,BAY COUNTY,Masonry
734660,BAY COUNTY,Reinforced Concrete
906872,BAY COUNTY,Wood
209844,BAY COUNTY,Wood
846660,BAY COUNTY,Wood
744254,BAY COUNTY,Wood
785151,BAY COUNTY,Wood
557521,BAY COUNTY,Wood
670304,WALTON COUNTY,Wood
210163,BAY COUNTY,Wood
208187,BAY COUNTY,Wood
881910,BAY COUNTY,Reinforced Concrete
715199,BAY COUNTY,Reinforced Masonry
439458,BAY COUNTY,Steel Frame
441512,BAY COUNTY,Reinforced Concrete
560925,BAY COUNTY,Reinforced Masonry
436617,BAY COUNTY,Masonry
189453,BAY COUNTY,Masonry
800460,BAY COUNTY,Masonry
958971,BAY COUNTY,Reinforced Masonry
650415,BAY COUNTY,Reinforced Masonry
807845,WALTON COUNTY,Masonry
150155,BAY COUNTY,Wood
189513,BAY COUNTY,Wood
518477,JACKSON COUNTY,Masonry
562655,JACKSON COUNTY,Masonry
316784,JACKSON COUNTY,Wood
327359,JACKSON COUNTY,Wood
449637,JACKSON COUNTY,Wood
519610,JACKSON COUNTY,Wood
753517,JACKSON COUNTY,Wood
303809,CALHOUN COUNTY,Masonry
348892,CALHOUN COUNTY,Wood
730950,CALHOUN COUNTY,Wood
238662,CALHOUN COUNTY,Wood
481664,CALHOUN COUNTY,Wood
546767,CALHOUN COUNTY,Masonry
663326,CALHOUN COUNTY,Masonry
413119,CALHOUN COUNTY,Masonry
885963,CALHOUN COUNTY,Wood
787349,CALHOUN COUNTY,Reinforced Masonry
214885,CALHOUN COUNTY,Wood
799851,CALHOUN COUNTY,Wood
958812,CALHOUN COUNTY,Wood
711408,CALHOUN COUNTY,Wood
766275,CALHOUN COUNTY,Wood
982804,CALHOUN COUNTY,Wood
177639,CALHOUN COUNTY,Wood
182295,CALHOUN COUNTY,Wood
360593,CALHOUN COUNTY,Masonry
455558,CALHOUN COUNTY,Wood
498511,CALHOUN COUNTY,Masonry
803252,CALHOUN COUNTY,Wood
942252,CALHOUN COUNTY,Wood
642072,CALHOUN COUNTY,Wood
893642,CALHOUN COUNTY,Wood
979888,CALHOUN COUNTY,Masonry
385335,CALHOUN COUNTY,Wood
782042,CALHOUN COUNTY,Wood
172382,CALHOUN COUNTY,Wood
267767,CALHOUN COUNTY,Wood
694601,CALHOUN COUNTY,Wood
612302,CALHOUN COUNTY,Wood
508808,CALHOUN COUNTY,Masonry
879262,CALHOUN COUNTY,Wood
503798,CALHOUN COUNTY,Masonry
166146,CALHOUN COUNTY,Wood
527060,CALHOUN COUNTY,Wood
922058,CALHOUN COUNTY,Wood
944141,CALHOUN COUNTY,Wood
132263,CALHOUN COUNTY,Wood
908240,CALHOUN COUNTY,Reinforced Masonry
454703,CALHOUN COUNTY,Wood
904151,CALHOUN COUNTY,Wood
966797,CALHOUN COUNTY,Wood
128830,CALHOUN COUNTY,Masonry
122025,CALHOUN COUNTY,Wood
396173,CALHOUN COUNTY,Masonry
983748,CALHOUN COUNTY,Wood
986174,CALHOUN COUNTY,Masonry
379626,CALHOUN COUNTY,Wood
463284,CALHOUN COUNTY,Masonry
686919,CALHOUN COUNTY,Wood
831575,CALHOUN COUNTY,Wood
475571,CALHOUN COUNTY,Wood
245018,CALHOUN COUNTY,Wood
253022,CALHOUN COUNTY,Wood
597738,CALHOUN COUNTY,Wood
923068,CALHOUN COUNTY,Reinforced Masonry
928173,CALHOUN COUNTY,Reinforced Masonry
860443,CALHOUN COUNTY,Reinforced Masonry
844073,CALHOUN COUNTY,Reinforced Masonry
110751,HOLMES COUNTY,Wood
215972,HOLMES COUNTY,Wood
254044,HOLMES COUNTY,Wood
881800,HOLMES COUNTY,Wood
826248,HOLMES COUNTY,Wood
441838,HOLMES COUNTY,Wood
123081,HOLMES COUNTY,Wood
417943,HOLMES COUNTY,Wood
834306,HOLMES COUNTY,Wood
724894,HOLMES COUNTY,Wood
991408,HOLMES COUNTY,Masonry
680719,HOLMES COUNTY,Reinforced Masonry
609567,HOLMES COUNTY,Wood
499385,HOLMES COUNTY,Reinforced Concrete
370022,HOLMES COUNTY,Masonry
689051,HOLMES COUNTY,Reinforced Masonry
873363,HOLMES COUNTY,Wood
997492,HOLMES COUNTY,Wood
891852,HOLMES COUNTY,Wood
495074,HOLMES COUNTY,Reinforced Masonry
480977,HOLMES COUNTY,Wood
902538,HOLMES COUNTY,Wood
126856,HOLMES COUNTY,Wood
312850,HOLMES COUNTY,Wood
880863,HOLMES COUNTY,Masonry
926739,HOLMES COUNTY,Masonry
265135,HOLMES COUNTY,Reinforced Concrete
713991,HOLMES COUNTY,Masonry
709214,JACKSON COUNTY,Wood
856409,JACKSON COUNTY,Wood
715519,JACKSON COUNTY,Wood
275781,JACKSON COUNTY,Wood
476956,JACKSON COUNTY,Wood
182028,WASHINGTON COUNTY,Reinforced Concrete
307144,WASHINGTON COUNTY,Wood
970874,WASHINGTON COUNTY,Wood
640315,WASHINGTON COUNTY,Wood
319900,WASHINGTON COUNTY,Wood
304610,WASHINGTON COUNTY,Masonry
727625,WASHINGTON COUNTY,Wood
611749,WASHINGTON COUNTY,Masonry
908085,WASHINGTON COUNTY,Masonry
284304,WASHINGTON COUNTY,Masonry
515383,WASHINGTON COUNTY,Wood
209934,WASHINGTON COUNTY,Wood
439491,WASHINGTON COUNTY,Wood
114641,WASHINGTON COUNTY,Wood
329658,WASHINGTON COUNTY,Wood
323610,WASHINGTON COUNTY,Wood
280448,WASHINGTON COUNTY,Wood
311781,WASHINGTON COUNTY,Wood
164040,WASHINGTON COUNTY,Wood
494483,WASHINGTON COUNTY,Wood
998895,WASHINGTON COUNTY,Wood
291130,WASHINGTON COUNTY,Wood
651752,WASHINGTON COUNTY,Wood
193711,WASHINGTON COUNTY,Wood
249527,WASHINGTON COUNTY,Wood
611084,WASHINGTON COUNTY,Wood
781807,WASHINGTON COUNTY,Wood
674839,WASHINGTON COUNTY,Wood
449262,WASHINGTON COUNTY,Wood
921003,WASHINGTON COUNTY,Wood
587925,WASHINGTON COUNTY,Wood
755440,WASHINGTON COUNTY,Wood
200577,WASHINGTON COUNTY,Wood
469159,WASHINGTON COUNTY,Wood
942176,WASHINGTON COUNTY,Wood
881788,WASHINGTON COUNTY,Wood
485164,WASHINGTON COUNTY,Wood
547747,WASHINGTON COUNTY,Wood
331888,WASHINGTON COUNTY,Wood
571760,WASHINGTON COUNTY,Wood
172126,WASHINGTON COUNTY,Masonry
470768,WASHINGTON COUNTY,Wood
664373,WASHINGTON COUNTY,Masonry
441872,WASHINGTON COUNTY,Wood
389978,WASHINGTON COUNTY,Wood
376364,WASHINGTON COUNTY,Masonry
542479,WASHINGTON COUNTY,Reinforced Masonry
640211,WASHINGTON COUNTY,Reinforced Concrete
422963,WASHINGTON COUNTY,Wood
977255,WASHINGTON COUNTY,Masonry
613747,WASHINGTON COUNTY,Wood
380308,WASHINGTON COUNTY,Wood
915355,WASHINGTON COUNTY,Wood
383141,WASHINGTON COUNTY,Masonry
164909,WASHINGTON COUNTY,Reinforced Masonry
627420,WASHINGTON COUNTY,Masonry
759506,WASHINGTON COUNTY,Masonry
955914,WASHINGTON COUNTY,Wood
114477,WASHINGTON COUNTY,Wood
431157,WASHINGTON COUNTY,Wood
861984,WASHINGTON COUNTY,Wood
762453,WASHINGTON COUNTY,Wood
582444,WASHINGTON COUNTY,Wood
710826,WASHINGTON COUNTY,Wood
143379,WASHINGTON COUNTY,Wood
473557,WASHINGTON COUNTY,Wood
567547,WASHINGTON COUNTY,Wood
733330,WASHINGTON COUNTY,Masonry
984266,WASHINGTON COUNTY,Wood
689889,WASHINGTON COUNTY,Reinforced Masonry
165580,WASHINGTON COUNTY,Wood
192397,WASHINGTON COUNTY,Masonry
898470,WASHINGTON COUNTY,Wood
393024,WASHINGTON COUNTY,Masonry
857508,WASHINGTON COUNTY,Masonry
862971,WASHINGTON COUNTY,Wood
469168,WASHINGTON COUNTY,Masonry
863406,WASHINGTON COUNTY,Wood
198867,WASHINGTON COUNTY,Wood
743079,WASHINGTON COUNTY,Masonry
473889,WASHINGTON COUNTY,Wood
683427,WASHINGTON COUNTY,Wood
106321,WASHINGTON COUNTY,Reinforced Masonry
448154,WASHINGTON COUNTY,Wood
770864,WASHINGTON COUNTY,Masonry
689741,WASHINGTON COUNTY,Masonry
667310,WASHINGTON COUNTY,Wood
705671,WASHINGTON COUNTY,Wood
831095,WASHINGTON COUNTY,Wood
181430,WASHINGTON COUNTY,Wood
176997,WASHINGTON COUNTY,Wood
842701,WASHINGTON COUNTY,Masonry
336744,WASHINGTON COUNTY,Wood
910596,WASHINGTON COUNTY,Wood
876682,WASHINGTON COUNTY,Wood
182231,CALHOUN COUNTY,Masonry
825424,CALHOUN COUNTY,Wood
526224,CALHOUN COUNTY,Wood
296132,CALHOUN COUNTY,Wood
194544,CALHOUN COUNTY,Wood
372807,CALHOUN COUNTY,Masonry
109022,CALHOUN COUNTY,Wood
746495,JACKSON COUNTY,Wood
529196,JACKSON COUNTY,Wood
540751,JACKSON COUNTY,Wood
946516,JACKSON COUNTY,Wood
598909,JACKSON COUNTY,Masonry
801828,JACKSON COUNTY,Wood
707890,JACKSON COUNTY,Masonry
543857,JACKSON COUNTY,Reinforced Masonry
114550,JACKSON COUNTY,Wood
583414,JACKSON COUNTY,Reinforced Masonry
104959,JACKSON COUNTY,Wood
806361,JACKSON COUNTY,Wood
934501,JACKSON COUNTY,Wood
637915,JACKSON COUNTY,Wood
870261,JACKSON COUNTY,Wood
444277,JACKSON COUNTY,Wood
711042,WALTON COUNTY,Wood
155229,WALTON COUNTY,Masonry
941628,WALTON COUNTY,Masonry
854460,WALTON COUNTY,Masonry
426518,WALTON COUNTY,Wood
565545,WALTON COUNTY,Wood
913552,WALTON COUNTY,Wood
734960,WALTON COUNTY,Masonry
829687,WALTON COUNTY,Wood
162975,WALTON COUNTY,Wood
679151,WALTON COUNTY,Wood
524631,WALTON COUNTY,Wood
458718,WALTON COUNTY,Wood
147509,WALTON COUNTY,Wood
760033,WALTON COUNTY,Wood
248427,WALTON COUNTY,Wood
809305,WALTON COUNTY,Wood
607091,WALTON COUNTY,Wood
691454,WALTON COUNTY,Wood
136509,WALTON COUNTY,Wood
295142,WALTON COUNTY,Wood
126875,WALTON COUNTY,Wood
135566,WALTON COUNTY,Masonry
758919,WALTON COUNTY,Wood
919634,WALTON COUNTY,Reinforced Masonry
924677,WALTON COUNTY,Wood
216954,WALTON COUNTY,Masonry
543931,WALTON COUNTY,Wood
127115,WALTON COUNTY,Wood
450072,WALTON COUNTY,Wood
568353,WALTON COUNTY,Reinforced Concrete
838315,WALTON COUNTY,Wood
494884,WALTON COUNTY,Wood
374662,WALTON COUNTY,Masonry
317978,WALTON COUNTY,Reinforced Masonry
443783,WALTON COUNTY,Wood
586472,WALTON COUNTY,Wood
619279,WALTON COUNTY,Wood
670758,WALTON COUNTY,Wood
220374,WALTON COUNTY,Reinforced Concrete
533430,WALTON COUNTY,Wood
868629,WALTON COUNTY,Wood
128756,WALTON COUNTY,Wood
333988,WALTON COUNTY,Wood
260039,WALTON COUNTY,Wood
938522,WALTON COUNTY,Wood
948241,WALTON COUNTY,Wood
476849,WALTON COUNTY,Wood
573272,WALTON COUNTY,Wood
939271,WALTON COUNTY,Wood
669724,WALTON COUNTY,Wood
326868,WALTON COUNTY,Wood
888466,WALTON COUNTY,Wood
955649,WALTON COUNTY,Wood
350333,WALTON COUNTY,Wood
265649,WALTON COUNTY,Masonry
672496,WALTON COUNTY,Masonry
932711,WALTON COUNTY,Wood
813138,WALTON COUNTY,Wood
387562,WALTON COUNTY,Wood
763690,WALTON COUNTY,Wood
144432,WALTON COUNTY,Wood
956980,WALTON COUNTY,Wood
606510,WALTON COUNTY,Wood
191943,WALTON COUNTY,Wood
902403,WALTON COUNTY,Wood
408994,WALTON COUNTY,Wood
706339,WALTON COUNTY,Wood
993218,WALTON COUNTY,Wood
854831,WALTON COUNTY,Wood
359057,WALTON COUNTY,Wood
384404,WALTON COUNTY,Wood
704979,WALTON COUNTY,Wood
565064,WALTON COUNTY,Wood
185266,WALTON COUNTY,Wood
832418,WALTON COUNTY,Wood
118372,WALTON COUNTY,Wood
355246,WALTON COUNTY,Wood
354474,WALTON COUNTY,Wood
952889,WALTON COUNTY,Wood
862741,WALTON COUNTY,Masonry
147554,WALTON COUNTY,Masonry
379234,WALTON COUNTY,Wood
335634,WALTON COUNTY,Wood
674044,WALTON COUNTY,Wood
278463,WALTON COUNTY,Wood
744141,WALTON COUNTY,Wood
941104,WALTON COUNTY,Wood
369810,WALTON COUNTY,Wood
622825,WALTON COUNTY,Wood
159490,WALTON COUNTY,Wood
949620,WALTON COUNTY,Wood
589581,WALTON COUNTY,Wood
290570,WALTON COUNTY,Wood
115262,WALTON COUNTY,Reinforced Masonry
157439,WALTON COUNTY,Wood
820427,WALTON COUNTY,Wood
208245,WALTON COUNTY,Wood
153652,WALTON COUNTY,Wood
807437,WALTON COUNTY,Masonry
205089,WALTON COUNTY,Masonry
928704,WALTON COUNTY,Wood
847055,WALTON COUNTY,Wood
443358,WASHINGTON COUNTY,Wood
885202,WASHINGTON COUNTY,Wood
421647,BAY COUNTY,Wood
288215,BAY COUNTY,Masonry
656479,BAY COUNTY,Wood
474918,WALTON COUNTY,Masonry
239241,WALTON COUNTY,Masonry
123075,WALTON COUNTY,Wood
640862,WALTON COUNTY,Masonry
742091,WALTON COUNTY,Wood
127947,WALTON COUNTY,Masonry
977282,WALTON COUNTY,Wood
663177,WALTON COUNTY,Wood
113510,WALTON COUNTY,Wood
587466,WALTON COUNTY,Wood
536877,WALTON COUNTY,Wood
254997,WALTON COUNTY,Wood
247253,WALTON COUNTY,Wood
437996,WALTON COUNTY,Wood
916505,WALTON COUNTY,Wood
644885,WALTON COUNTY,Wood
730168,WALTON COUNTY,Wood
954535,WALTON COUNTY,Wood
564735,WALTON COUNTY,Masonry
441080,WALTON COUNTY,Wood
873449,WALTON COUNTY,Wood
968925,WALTON COUNTY,Wood
907594,WALTON COUNTY,Wood
775788,WALTON COUNTY,Wood
611644,WALTON COUNTY,Wood
406061,WALTON COUNTY,Wood
618002,WALTON COUNTY,Wood
482864,JACKSON COUNTY,Reinforced Masonry
567849,JACKSON COUNTY,Wood
751165,JACKSON COUNTY,Wood
144854,JACKSON COUNTY,Wood
466348,JACKSON COUNTY,Masonry
315491,JACKSON COUNTY,Wood
795920,JACKSON COUNTY,Wood
809607,JACKSON COUNTY,Masonry
474800,JACKSON COUNTY,Wood
256436,JACKSON COUNTY,Wood
947732,JACKSON COUNTY,Wood
408682,JACKSON COUNTY,Wood
356370,JACKSON COUNTY,Wood
507120,JACKSON COUNTY,Wood
127256,JACKSON COUNTY,Wood
167047,JACKSON COUNTY,Masonry
400444,JACKSON COUNTY,Wood
342254,JACKSON COUNTY,Wood
817780,JACKSON COUNTY,Wood
487950,JACKSON COUNTY,Masonry
667514,JACKSON COUNTY,Masonry
513680,JACKSON COUNTY,Wood
405754,JACKSON COUNTY,Wood
532214,JACKSON COUNTY,Wood
293233,JACKSON COUNTY,Wood
754154,JACKSON COUNTY,Wood
249388,JACKSON COUNTY,Masonry
283201,JACKSON COUNTY,Masonry
248770,JACKSON COUNTY,Masonry
672690,JACKSON COUNTY,Wood
420683,JACKSON COUNTY,Masonry
198679,JACKSON COUNTY,Masonry
351513,JACKSON COUNTY,Masonry
149468,JACKSON COUNTY,Wood
145769,JACKSON COUNTY,Wood
601460,JACKSON COUNTY,Wood
592320,JACKSON COUNTY,Wood
669544,JACKSON COUNTY,Wood
762657,JACKSON COUNTY,Wood
380367,BAY COUNTY,Masonry
288147,BAY COUNTY,Reinforced Concrete
182418,BAY COUNTY,Reinforced Concrete
375290,BAY COUNTY,Wood
805557,BAY COUNTY,Wood
829455,BAY COUNTY,Masonry
316463,BAY COUNTY,Wood
927046,BAY COUNTY,Masonry
850288,BAY COUNTY,Masonry
885654,BAY COUNTY,Masonry
826742,BAY COUNTY,Wood
941158,BAY COUNTY,Wood
967866,BAY COUNTY,Masonry
873747,BAY COUNTY,Wood
829382,BAY COUNTY,Wood
430259,BAY COUNTY,Wood
438032,BAY COUNTY,Reinforced Masonry
303496,BAY COUNTY,Wood
847942,BAY COUNTY,Masonry
218356,BAY COUNTY,Wood
452794,BAY COUNTY,Masonry
981439,BAY COUNTY,Wood
598715,BAY COUNTY,Wood
163921,BAY COUNTY,Wood
818157,BAY COUNTY,Masonry
251458,JACKSON COUNTY,Wood
671867,JACKSON COUNTY,Wood
427176,JACKSON COUNTY,Wood
403131,JACKSON COUNTY,Wood
764637,JACKSON COUNTY,Wood
674131,JACKSON COUNTY,Wood
657414,JACKSON COUNTY,Wood
527597,JACKSON COUNTY,Wood
142447,JACKSON COUNTY,Wood
802496,JACKSON COUNTY,Reinforced Masonry
696236,JACKSON COUNTY,Masonry
896153,JACKSON COUNTY,Masonry
919260,JACKSON COUNTY,Masonry
884541,JACKSON COUNTY,Wood
243532,JACKSON COUNTY,Masonry
623924,JACKSON COUNTY,Wood
213207,JACKSON COUNTY,Wood
247464,JACKSON COUNTY,Wood
988513,JACKSON COUNTY,Wood
350424,JACKSON COUNTY,Wood
673107,JACKSON COUNTY,Masonry
122904,JACKSON COUNTY,Wood
852799,JACKSON COUNTY,Masonry
778713,JACKSON COUNTY,Reinforced Masonry
152959,JACKSON COUNTY,Reinforced Masonry
565397,JACKSON COUNTY,Reinforced Masonry
908162,JACKSON COUNTY,Masonry
687004,JACKSON COUNTY,Wood
497350,JACKSON COUNTY,Reinforced Masonry
680301,JACKSON COUNTY,Reinforced Masonry
778222,JACKSON COUNTY,Wood
643726,JACKSON COUNTY,Reinforced Masonry
346776,JACKSON COUNTY,Wood
525302,JACKSON COUNTY,Masonry
594959,JACKSON COUNTY,Reinforced Masonry
963097,JACKSON COUNTY,Wood
255200,JACKSON COUNTY,Wood
905563,JACKSON COUNTY,Wood
845050,JACKSON COUNTY,Wood
673682,JACKSON COUNTY,Wood
347556,JACKSON COUNTY,Wood
323644,JACKSON COUNTY,Wood
849213,JACKSON COUNTY,Wood
315733,JACKSON COUNTY,Masonry
370714,JACKSON COUNTY,Masonry
813661,JACKSON COUNTY,Wood
601144,JACKSON COUNTY,Masonry
958101,JACKSON COUNTY,Wood
430723,JACKSON COUNTY,Wood
161858,JACKSON COUNTY,Wood
883297,JACKSON COUNTY,Wood
220889,JACKSON COUNTY,Wood
337019,JACKSON COUNTY,Wood
287974,JACKSON COUNTY,Wood
909550,JACKSON COUNTY,Wood
100922,JACKSON COUNTY,Wood
296485,JACKSON COUNTY,Wood
376743,JACKSON COUNTY,Wood
451369,JACKSON COUNTY,Wood
994229,JACKSON COUNTY,Wood
549339,JACKSON COUNTY,Wood
197726,JACKSON COUNTY,Wood
987427,JACKSON COUNTY,Wood
993682,JACKSON COUNTY,Wood
976312,JACKSON COUNTY,Wood
900034,JACKSON COUNTY,Wood
491015,JACKSON COUNTY,Wood
617324,JACKSON COUNTY,Wood
239357,JACKSON COUNTY,Wood
681327,JACKSON COUNTY,Wood
352403,JACKSON COUNTY,Wood
164006,JACKSON COUNTY,Masonry
251771,JACKSON COUNTY,Wood
503103,JACKSON COUNTY,Masonry
655363,JACKSON COUNTY,Wood
585539,JACKSON COUNTY,Masonry
887739,JACKSON COUNTY,Wood
403857,JACKSON COUNTY,Wood
454622,JACKSON COUNTY,Wood
528824,JACKSON COUNTY,Reinforced Masonry
553390,JACKSON COUNTY,Masonry
781776,JACKSON COUNTY,Wood
752454,JACKSON COUNTY,Wood
208268,JACKSON COUNTY,Masonry
334746,JACKSON COUNTY,Masonry
345341,JACKSON COUNTY,Wood
174580,JACKSON COUNTY,Masonry
970196,JACKSON COUNTY,Wood
748393,JACKSON COUNTY,Wood
916913,JACKSON COUNTY,Reinforced Concrete
592832,JACKSON COUNTY,Masonry
576225,JACKSON COUNTY,Masonry
925826,JACKSON COUNTY,Masonry
708420,JACKSON COUNTY,Reinforced Masonry
175701,JACKSON COUNTY,Wood
925767,JACKSON COUNTY,Wood
930709,JACKSON COUNTY,Masonry
983768,JACKSON COUNTY,Masonry
950355,JACKSON COUNTY,Wood
233788,JACKSON COUNTY,Wood
353200,JACKSON COUNTY,Wood
875871,JACKSON COUNTY,Wood
124583,JACKSON COUNTY,Wood
952771,JACKSON COUNTY,Wood
821284,JACKSON COUNTY,Wood
948967,JACKSON COUNTY,Wood
430600,JACKSON COUNTY,Masonry
253223,JACKSON COUNTY,Wood
694013,JACKSON COUNTY,Wood
235606,JACKSON COUNTY,Masonry
318077,JACKSON COUNTY,Wood
652306,JACKSON COUNTY,Wood
930767,JACKSON COUNTY,Masonry
877872,JACKSON COUNTY,Wood
213778,JACKSON COUNTY,Wood
844059,JACKSON COUNTY,Masonry
247133,JACKSON COUNTY,Reinforced Masonry
360152,JACKSON COUNTY,Wood
998644,JACKSON COUNTY,Wood
193200,JACKSON COUNTY,Wood
676176,JACKSON COUNTY,Wood
917098,HOLMES COUNTY,Wood
388192,HOLMES COUNTY,Wood
943356,HOLMES COUNTY,Wood
218764,HOLMES COUNTY,Wood
814489,HOLMES COUNTY,Wood
507992,HOLMES COUNTY,Wood
260882,HOLMES COUNTY,Wood
539377,WALTON COUNTY,Masonry
266526,WALTON COUNTY,Masonry
123549,WALTON COUNTY,Wood
829398,HOLMES COUNTY,Wood
460058,WALTON COUNTY,Wood
856342,WALTON COUNTY,Wood
692354,WALTON COUNTY,Wood
615248,WALTON COUNTY,Wood
860257,WALTON COUNTY,Wood
931737,HOLMES COUNTY,Wood
433714,HOLMES COUNTY,Wood
248035,HOLMES COUNTY,Wood
526493,HOLMES COUNTY,Wood
997868,GULF COUNTY,Masonry
358238,GULF COUNTY,Masonry
451520,GULF COUNTY,Wood
761310,GULF COUNTY,Masonry
771480,GULF COUNTY,Wood
101934,GULF COUNTY,Wood
806089,GULF COUNTY,Wood
216998,GULF COUNTY,Wood
948101,GULF COUNTY,Wood
253386,GULF COUNTY,Wood
428457,GULF COUNTY,Wood
724191,GULF COUNTY,Wood
583553,GULF COUNTY,Wood
856147,GULF COUNTY,Wood
555415,GULF COUNTY,Masonry
920290,GULF COUNTY,Wood
137015,GULF COUNTY,Wood
403589,GULF COUNTY,Wood
953377,GULF COUNTY,Wood
374030,GULF COUNTY,Masonry
336624,GULF COUNTY,Masonry
780782,GULF COUNTY,Masonry
838573,GULF COUNTY,Wood
585047,GULF COUNTY,Wood
546503,GULF COUNTY,Masonry
429947,GULF COUNTY,Reinforced Concrete
674337,GULF COUNTY,Reinforced Masonry
308168,GULF COUNTY,Reinforced Masonry
437807,GULF COUNTY,Masonry
732936,GULF COUNTY,Masonry
381680,GULF COUNTY,Masonry
186331,GULF COUNTY,Reinforced Masonry
271843,GULF COUNTY,Masonry
835867,GULF COUNTY,Masonry
831567,GULF COUNTY,Reinforced Masonry
254867,GULF COUNTY,Masonry
548875,GULF COUNTY,Wood
561547,GULF COUNTY,Wood
571309,GULF COUNTY,Masonry
328654,GULF COUNTY,Reinforced Masonry
252040,GULF COUNTY,Wood
444929,GULF COUNTY,Wood
197179,GULF COUNTY,Wood
633582,BAY COUNTY,Wood
592768,BAY COUNTY,Wood
876103,BAY COUNTY,Wood
862211,GULF COUNTY,Wood
790275,GULF COUNTY,Wood
621015,BAY COUNTY,Wood
895668,BAY COUNTY,Wood
135611,BAY COUNTY,Wood
167834,BAY COUNTY,Wood
812700,WALTON COUNTY,Wood
325223,WALTON COUNTY,Wood
677144,WALTON COUNTY,Wood
669129,WALTON COUNTY,Masonry
293268,WALTON COUNTY,Wood
532415,WALTON COUNTY,Wood
251466,WALTON COUNTY,Wood
894944,WALTON COUNTY,Wood
664654,WALTON COUNTY,Masonry
907057,WALTON COUNTY,Masonry
998569,WALTON COUNTY,Wood
792947,WALTON COUNTY,Reinforced Masonry
502869,WALTON COUNTY,Wood
725878,WALTON COUNTY,Reinforced Masonry
230998,WALTON COUNTY,Reinforced Masonry
423210,WALTON COUNTY,Masonry
389940,WALTON COUNTY,Masonry
664326,WALTON COUNTY,Wood
240123,WALTON COUNTY,Wood
331172,WALTON COUNTY,Masonry
556670,WALTON COUNTY,Masonry
846632,WALTON COUNTY,Masonry
322952,WALTON COUNTY,Masonry
176662,WALTON COUNTY,Masonry
402035,WALTON COUNTY,Wood
605361,WALTON COUNTY,Wood
443281,WALTON COUNTY,Wood
805272,WALTON COUNTY,Wood
241436,WALTON COUNTY,Masonry
995966,WALTON COUNTY,Wood
522413,WALTON COUNTY,Wood
161754,WALTON COUNTY,Wood
990849,WALTON COUNTY,Wood
474544,WALTON COUNTY,Reinforced Concrete
324243,WALTON COUNTY,Masonry
477231,WALTON COUNTY,Wood
792493,WALTON COUNTY,Wood
412141,WALTON COUNTY,Wood
524599,WALTON COUNTY,Wood
885997,WALTON COUNTY,Wood
420433,WALTON COUNTY,Wood
729792,WALTON COUNTY,Wood
395368,WALTON COUNTY,Wood
205934,WALTON COUNTY,Wood
578516,WALTON COUNTY,Wood
872862,WALTON COUNTY,Wood
114347,WALTON COUNTY,Wood
475670,WALTON COUNTY,Wood
443621,WALTON COUNTY,Wood
673952,WALTON COUNTY,Reinforced Concrete
646454,WALTON COUNTY,Wood
950759,WALTON COUNTY,Wood
429724,JACKSON COUNTY,Wood
424668,JACKSON COUNTY,Masonry
540318,JACKSON COUNTY,Wood
491387,JACKSON COUNTY,Wood
653920,JACKSON COUNTY,Wood
924154,JACKSON COUNTY,Wood
495756,JACKSON COUNTY,Wood
979918,JACKSON COUNTY,Wood
773304,JACKSON COUNTY,Wood
546476,JACKSON COUNTY,Wood
993585,JACKSON COUNTY,Reinforced Masonry
535339,JACKSON COUNTY,Masonry
690173,JACKSON COUNTY,Wood
506624,JACKSON COUNTY,Wood
736529,JACKSON COUNTY,Wood
180830,JACKSON COUNTY,Wood
949466,JACKSON COUNTY,Masonry
425185,JACKSON COUNTY,Wood
147649,JACKSON COUNTY,Masonry
347367,JACKSON COUNTY,Reinforced Masonry
552384,WASHINGTON COUNTY,Wood
811257,WASHINGTON COUNTY,Wood
674211,WASHINGTON COUNTY,Masonry
166223,WASHINGTON COUNTY,Masonry
765687,WASHINGTON COUNTY,Wood
282794,WASHINGTON COUNTY,Wood
593914,WASHINGTON COUNTY,Masonry
324812,WASHINGTON COUNTY,Wood
608083,WASHINGTON COUNTY,Wood
423580,WASHINGTON COUNTY,Masonry
387933,WASHINGTON COUNTY,Wood
904424,WASHINGTON COUNTY,Wood
761790,WASHINGTON COUNTY,Reinforced Concrete
598443,WASHINGTON COUNTY,Wood
484654,WASHINGTON COUNTY,Wood
527134,WASHINGTON COUNTY,Wood
176490,WASHINGTON COUNTY,Wood
418718,WASHINGTON COUNTY,Wood
380161,WASHINGTON COUNTY,Wood
472396,WALTON COUNTY,Wood
618259,GULF COUNTY,Masonry
768626,GULF COUNTY,Masonry
458435,GULF COUNTY,Masonry
765917,GULF COUNTY,Wood
916187,GULF COUNTY,Masonry
162788,GULF COUNTY,Masonry
120519,GULF COUNTY,Wood
311330,GULF COUNTY,Wood
387890,GULF COUNTY,Wood
208316,GULF COUNTY,Wood
160228,GULF COUNTY,Wood
874004,GULF COUNTY,Wood
698690,GULF COUNTY,Wood
745209,GULF COUNTY,Wood
110742,GULF COUNTY,Wood
534704,GULF COUNTY,Wood
200400,GULF COUNTY,Masonry
774390,GULF COUNTY,Wood
538228,GULF COUNTY,Wood
813558,GULF COUNTY,Wood
818077,GULF COUNTY,Wood
159155,GULF COUNTY,Wood
333123,GULF COUNTY,Wood
757197,GULF COUNTY,Wood
920104,GULF COUNTY,Wood
960185,GULF COUNTY,Wood
725351,GULF COUNTY,Wood
673832,BAY COUNTY,Masonry
930523,BAY COUNTY,Wood
498099,ESCAMBIA COUNTY,Masonry
305181,ESCAMBIA COUNTY,Wood
325705,ESCAMBIA COUNTY,Wood
466339,ESCAMBIA COUNTY,Wood
971724,ESCAMBIA COUNTY,Wood
954511,ESCAMBIA COUNTY,Masonry
540123,ESCAMBIA COUNTY,Masonry
213307,ESCAMBIA COUNTY,Wood
216606,ESCAMBIA COUNTY,Masonry
874075,ESCAMBIA COUNTY,Wood
971470,ESCAMBIA COUNTY,Masonry
366404,ESCAMBIA COUNTY,Masonry
876618,ESCAMBIA COUNTY,Masonry
405650,ESCAMBIA COUNTY,Masonry
491600,ESCAMBIA COUNTY,Wood
568134,ESCAMBIA COUNTY,Masonry
242703,ESCAMBIA COUNTY,Wood
384502,ESCAMBIA COUNTY,Wood
453529,ESCAMBIA COUNTY,Wood
901763,ESCAMBIA COUNTY,Wood
156912,ESCAMBIA COUNTY,Masonry
684723,ESCAMBIA COUNTY,Masonry
424691,ESCAMBIA COUNTY,Wood
492823,ESCAMBIA COUNTY,Reinforced Concrete
203236,ESCAMBIA COUNTY,Wood
676080,ESCAMBIA COUNTY,Reinforced Concrete
299949,ESCAMBIA COUNTY,Wood
909870,ESCAMBIA COUNTY,Wood
973531,ESCAMBIA COUNTY,Wood
734936,ESCAMBIA COUNTY,Masonry
470691,ESCAMBIA COUNTY,Wood
110865,ESCAMBIA COUNTY,Wood
475900,ESCAMBIA COUNTY,Wood
226393,ESCAMBIA COUNTY,Wood
210736,ESCAMBIA COUNTY,Wood
305466,ESCAMBIA COUNTY,Wood
894356,ESCAMBIA COUNTY,Wood
885456,ESCAMBIA COUNTY,Wood
538335,ESCAMBIA COUNTY,Wood
609325,ESCAMBIA COUNTY,Wood
137546,ESCAMBIA COUNTY,Wood
277745,ESCAMBIA COUNTY,Wood
295124,ESCAMBIA COUNTY,Wood
621716,ESCAMBIA COUNTY,Wood
132178,ESCAMBIA COUNTY,Wood
120869,ESCAMBIA COUNTY,Wood
140522,ESCAMBIA COUNTY,Wood
727284,ESCAMBIA COUNTY,Wood
236135,ESCAMBIA COUNTY,Wood
787194,ESCAMBIA COUNTY,Wood
852514,ESCAMBIA COUNTY,Masonry
343463,ESCAMBIA COUNTY,Wood
780366,ESCAMBIA COUNTY,Wood
866819,ESCAMBIA COUNTY,Wood
199429,ESCAMBIA COUNTY,Wood
119518,ESCAMBIA COUNTY,Wood
747453,ESCAMBIA COUNTY,Wood
440966,ESCAMBIA COUNTY,Wood
194655,ESCAMBIA COUNTY,Wood
951443,ESCAMBIA COUNTY,Wood
702469,ESCAMBIA COUNTY,Wood
793790,ESCAMBIA COUNTY,Wood
438939,ESCAMBIA COUNTY,Wood
999934,ESCAMBIA COUNTY,Wood
250883,ESCAMBIA COUNTY,Wood
385392,ESCAMBIA COUNTY,Wood
608329,ESCAMBIA COUNTY,Wood
457841,ESCAMBIA COUNTY,Wood
493081,ESCAMBIA COUNTY,Masonry
934596,ESCAMBIA COUNTY,Masonry
548420,ESCAMBIA COUNTY,Reinforced Concrete
335002,ESCAMBIA COUNTY,Reinforced Masonry
165548,ESCAMBIA COUNTY,Reinforced Masonry
377989,ESCAMBIA COUNTY,Masonry
227423,ESCAMBIA COUNTY,Wood
124412,ESCAMBIA COUNTY,Wood
377470,ESCAMBIA COUNTY,Wood
621976,ESCAMBIA COUNTY,Wood
246495,ESCAMBIA COUNTY,Wood
835654,ESCAMBIA COUNTY,Wood
752159,ESCAMBIA COUNTY,Reinforced Masonry
883077,ESCAMBIA COUNTY,Reinforced Masonry
770421,ESCAMBIA COUNTY,Masonry
993256,ESCAMBIA COUNTY,Wood
608797,ESCAMBIA COUNTY,Reinforced Masonry
177498,ESCAMBIA COUNTY,Masonry
583056,ESCAMBIA COUNTY,Masonry
648684,ESCAMBIA COUNTY,Wood
772506,ESCAMBIA COUNTY,Masonry
219637,ESCAMBIA COUNTY,Wood
258611,ESCAMBIA COUNTY,Wood
809796,ESCAMBIA COUNTY,Wood
208711,ESCAMBIA COUNTY,Wood
323348,ESCAMBIA COUNTY,Wood
728302,ESCAMBIA COUNTY,Wood
522495,ESCAMBIA COUNTY,Masonry
129550,ESCAMBIA COUNTY,Wood
453849,ESCAMBIA COUNTY,Reinforced Concrete
941314,ESCAMBIA COUNTY,Reinforced Masonry
458742,ESCAMBIA COUNTY,Wood
895375,ESCAMBIA COUNTY,Wood
185051,ESCAMBIA COUNTY,Wood
462082,ESCAMBIA COUNTY,Wood
882912,ESCAMBIA COUNTY,Wood
234498,ESCAMBIA COUNTY,Wood
176588,ESCAMBIA COUNTY,Wood
842073,ESCAMBIA COUNTY,Wood
743463,ESCAMBIA COUNTY,Wood
242608,ESCAMBIA COUNTY,Wood
231375,ESCAMBIA COUNTY,Masonry
718468,ESCAMBIA COUNTY,Wood
394321,ESCAMBIA COUNTY,Wood
444948,ESCAMBIA COUNTY,Reinforced Masonry
238013,ESCAMBIA COUNTY,Reinforced Masonry
271859,ESCAMBIA COUNTY,Masonry
211885,ESCAMBIA COUNTY,Reinforced Masonry
776863,ESCAMBIA COUNTY,Reinforced Concrete
722439,ESCAMBIA COUNTY,Reinforced Concrete
359327,ESCAMBIA COUNTY,Wood
710731,ESCAMBIA COUNTY,Wood
776506,ESCAMBIA COUNTY,Wood
645112,ESCAMBIA COUNTY,Reinforced Concrete
482005,ESCAMBIA COUNTY,Reinforced Masonry
502056,ESCAMBIA COUNTY,Wood
572712,ESCAMBIA COUNTY,Wood
462794,ESCAMBIA COUNTY,Masonry
292594,ESCAMBIA COUNTY,Wood
501693,ESCAMBIA COUNTY,Wood
216263,ESCAMBIA COUNTY,Masonry
773421,ESCAMBIA COUNTY,Wood
245630,ESCAMBIA COUNTY,Wood
572151,ESCAMBIA COUNTY,Wood
547063,ESCAMBIA COUNTY,Wood
230388,ESCAMBIA COUNTY,Reinforced Concrete
708957,ESCAMBIA COUNTY,Masonry
515262,ESCAMBIA COUNTY,Reinforced Masonry
756887,ESCAMBIA COUNTY,Wood
676849,ESCAMBIA COUNTY,Wood
357598,ESCAMBIA COUNTY,Wood
934659,ESCAMBIA COUNTY,Wood
257988,ESCAMBIA COUNTY,Wood
430403,ESCAMBIA COUNTY,Wood
569210,ESCAMBIA COUNTY,Wood
307831,ESCAMBIA COUNTY,Wood
339743,ESCAMBIA COUNTY,Wood
745408,ESCAMBIA COUNTY,Wood
539716,ESCAMBIA COUNTY,Wood
101917,ESCAMBIA COUNTY,Wood
820525,ESCAMBIA COUNTY,Wood
307438,ESCAMBIA COUNTY,Wood
170986,ESCAMBIA COUNTY,Wood
357034,ESCAMBIA COUNTY,Wood
914080,ESCAMBIA COUNTY,Wood
974421,ESCAMBIA COUNTY,Wood
220168,ESCAMBIA COUNTY,Wood
959902,ESCAMBIA COUNTY,Wood
795347,ESCAMBIA COUNTY,Wood
732807,ESCAMBIA COUNTY,Wood
227458,ESCAMBIA COUNTY,Wood
890669,ESCAMBIA COUNTY,Wood
819429,ESCAMBIA COUNTY,Wood
639251,ESCAMBIA COUNTY,Wood
158748,ESCAMBIA COUNTY,Wood
772770,ESCAMBIA COUNTY,Wood
152480,ESCAMBIA COUNTY,Wood
859106,ESCAMBIA COUNTY,Wood
581469,ESCAMBIA COUNTY,Wood
956578,ESCAMBIA COUNTY,Wood
183150,ESCAMBIA COUNTY,Wood
784387,ESCAMBIA COUNTY,Wood
891604,ESCAMBIA COUNTY,Wood
409847,ESCAMBIA COUNTY,Wood
636070,ESCAMBIA COUNTY,Masonry
817161,ESCAMBIA COUNTY,Wood
943428,ESCAMBIA COUNTY,Wood
806748,ESCAMBIA COUNTY,Reinforced Masonry
562174,ESCAMBIA COUNTY,Reinforced Masonry
934491,ESCAMBIA COUNTY,Reinforced Concrete
436612,ESCAMBIA COUNTY,Masonry
728370,ESCAMBIA COUNTY,Wood
762676,ESCAMBIA COUNTY,Wood
734837,ESCAMBIA COUNTY,Wood
752475,ESCAMBIA COUNTY,Wood
257481,ESCAMBIA COUNTY,Wood
695884,ESCAMBIA COUNTY,Masonry
187491,ESCAMBIA COUNTY,Wood
868235,ESCAMBIA COUNTY,Masonry
840135,ESCAMBIA COUNTY,Wood
136438,ESCAMBIA COUNTY,Reinforced Masonry
188725,ESCAMBIA COUNTY,Wood
281230,ESCAMBIA COUNTY,Reinforced Masonry
291930,ESCAMBIA COUNTY,Reinforced Masonry
111122,ESCAMBIA COUNTY,Reinforced Masonry
676051,ESCAMBIA COUNTY,Reinforced Masonry
849208,ESCAMBIA COUNTY,Reinforced Concrete
778619,ESCAMBIA COUNTY,Reinforced Concrete
472645,ESCAMBIA COUNTY,Wood
598219,ESCAMBIA COUNTY,Wood
204934,ESCAMBIA COUNTY,Wood
958855,ESCAMBIA COUNTY,Wood
687514,ESCAMBIA COUNTY,Wood
538729,ESCAMBIA COUNTY,Masonry
696393,ESCAMBIA COUNTY,Wood
274681,ESCAMBIA COUNTY,Masonry
415978,ESCAMBIA COUNTY,Wood
160023,ESCAMBIA COUNTY,Wood
184988,ESCAMBIA COUNTY,Wood
218831,ESCAMBIA COUNTY,Wood
596035,ESCAMBIA COUNTY,Wood
168397,ESCAMBIA COUNTY,Wood
423292,ESCAMBIA COUNTY,Wood
828873,ESCAMBIA COUNTY,Wood
204797,ESCAMBIA COUNTY,Steel Frame
897569,ESCAMBIA COUNTY,Reinforced Masonry
799747,ESCAMBIA COUNTY,Reinforced Masonry
464641,ESCAMBIA COUNTY,Masonry
696673,ESCAMBIA COUNTY,Masonry
976632,ESCAMBIA COUNTY,Masonry
732026,ESCAMBIA COUNTY,Masonry
117534,ESCAMBIA COUNTY,Masonry
872422,ESCAMBIA COUNTY,Reinforced Masonry
899914,ESCAMBIA COUNTY,Reinforced Masonry
384082,ESCAMBIA COUNTY,Masonry
896585,ESCAMBIA COUNTY,Wood
152761,ESCAMBIA COUNTY,Wood
544530,ESCAMBIA COUNTY,Wood
805168,ESCAMBIA COUNTY,Masonry
709187,ESCAMBIA COUNTY,Reinforced Masonry
409699,ESCAMBIA COUNTY,Wood
416182,ESCAMBIA COUNTY,Reinforced Masonry
590430,ESCAMBIA COUNTY,Masonry
528889,ESCAMBIA COUNTY,Wood
261688,ESCAMBIA COUNTY,Wood
115390,ESCAMBIA COUNTY,Steel Frame
398857,ESCAMBIA COUNTY,Wood
760015,ESCAMBIA COUNTY,Wood
903693,ESCAMBIA COUNTY,Wood
769620,ESCAMBIA COUNTY,Reinforced Masonry
104286,ESCAMBIA COUNTY,Wood
146960,ESCAMBIA COUNTY,Wood
233763,ESCAMBIA COUNTY,Wood
285808,ESCAMBIA COUNTY,Masonry
646299,ESCAMBIA COUNTY,Masonry
760225,ESCAMBIA COUNTY,Masonry
979849,ESCAMBIA COUNTY,Reinforced Masonry
219918,ESCAMBIA COUNTY,Masonry
625730,ESCAMBIA COUNTY,Reinforced Concrete
522608,ESCAMBIA COUNTY,Masonry
165057,ESCAMBIA COUNTY,Reinforced Concrete
159906,ESCAMBIA COUNTY,Wood
378949,ESCAMBIA COUNTY,Masonry
662978,ESCAMBIA COUNTY,Reinforced Concrete
558678,ESCAMBIA COUNTY,Wood
730488,ESCAMBIA COUNTY,Wood
229350,ESCAMBIA COUNTY,Wood
817582,ESCAMBIA COUNTY,Wood
874837,ESCAMBIA COUNTY,Masonry
774295,ESCAMBIA COUNTY,Masonry
760133,ESCAMBIA COUNTY,Wood
772729,ESCAMBIA COUNTY,Wood
239902,ESCAMBIA COUNTY,Wood
904378,ESCAMBIA COUNTY,Wood
314179,ESCAMBIA COUNTY,Wood
303881,ESCAMBIA COUNTY,Reinforced Masonry
517094,ESCAMBIA COUNTY,Masonry
107937,ESCAMBIA COUNTY,Wood
917246,ESCAMBIA COUNTY,Masonry
257598,ESCAMBIA COUNTY,Masonry
644718,ESCAMBIA COUNTY,Reinforced Masonry
747921,ESCAMBIA COUNTY,Reinforced Masonry
442005,ESCAMBIA COUNTY,Reinforced Masonry
659759,ESCAMBIA COUNTY,Masonry
213603,ESCAMBIA COUNTY,Masonry
838151,ESCAMBIA COUNTY,Masonry
267426,ESCAMBIA COUNTY,Masonry
571302,ESCAMBIA COUNTY,Wood
698726,ESCAMBIA COUNTY,Wood
282310,ESCAMBIA COUNTY,Wood
539291,ESCAMBIA COUNTY,Wood
375853,ESCAMBIA COUNTY,Wood
240937,ESCAMBIA COUNTY,Wood
919609,ESCAMBIA COUNTY,Masonry
476820,ESCAMBIA COUNTY,Wood
159650,ESCAMBIA COUNTY,Masonry
615969,ESCAMBIA COUNTY,Masonry
100552,ESCAMBIA COUNTY,Masonry
651052,ESCAMBIA COUNTY,Masonry
748723,ESCAMBIA COUNTY,Masonry
673237,ESCAMBIA COUNTY,Wood
110064,ESCAMBIA COUNTY,Reinforced Masonry
703669,ESCAMBIA COUNTY,Masonry
519631,ESCAMBIA COUNTY,Masonry
329672,ESCAMBIA COUNTY,Wood
294876,ESCAMBIA COUNTY,Wood
820774,ESCAMBIA COUNTY,Reinforced Masonry
252218,ESCAMBIA COUNTY,Masonry
865012,ESCAMBIA COUNTY,Wood
849538,ESCAMBIA COUNTY,Masonry
981829,ESCAMBIA COUNTY,Wood
770201,ESCAMBIA COUNTY,Wood
826721,ESCAMBIA COUNTY,Masonry
396474,ESCAMBIA COUNTY,Wood
880873,ESCAMBIA COUNTY,Wood
565387,ESCAMBIA COUNTY,Wood
332302,ESCAMBIA COUNTY,Wood
460245,ESCAMBIA COUNTY,Masonry
911743,ESCAMBIA COUNTY,Masonry
267295,ESCAMBIA COUNTY,Wood
872032,ESCAMBIA COUNTY,Masonry
613154,ESCAMBIA COUNTY,Masonry
976549,ESCAMBIA COUNTY,Wood
179720,ESCAMBIA COUNTY,Wood
265541,ESCAMBIA COUNTY,Wood
850806,ESCAMBIA COUNTY,Wood
852687,ESCAMBIA COUNTY,Masonry
315838,ESCAMBIA COUNTY,Masonry
203148,ESCAMBIA COUNTY,Wood
130405,ESCAMBIA COUNTY,Wood
131808,ESCAMBIA COUNTY,Wood
134560,ESCAMBIA COUNTY,Reinforced Masonry
505648,ESCAMBIA COUNTY,Reinforced Masonry
775324,ESCAMBIA COUNTY,Reinforced Masonry
811476,ESCAMBIA COUNTY,Wood
182634,ESCAMBIA COUNTY,Masonry
427559,ESCAMBIA COUNTY,Masonry
437777,ESCAMBIA COUNTY,Wood
902563,ESCAMBIA COUNTY,Wood
367446,ESCAMBIA COUNTY,Wood
271334,ESCAMBIA COUNTY,Wood
612601,ESCAMBIA COUNTY,Wood
316847,ESCAMBIA COUNTY,Wood
150303,ESCAMBIA COUNTY,Wood
394051,ESCAMBIA COUNTY,Wood
542171,ESCAMBIA COUNTY,Wood
171860,ESCAMBIA COUNTY,Wood
400481,ESCAMBIA COUNTY,Wood
816979,ESCAMBIA COUNTY,Wood
727342,ESCAMBIA COUNTY,Wood
445739,ESCAMBIA COUNTY,Wood
404437,ESCAMBIA COUNTY,Wood
609024,ESCAMBIA COUNTY,Wood
755866,ESCAMBIA COUNTY,Wood
112859,ESCAMBIA COUNTY,Wood
962786,ESCAMBIA COUNTY,Wood
496644,ESCAMBIA COUNTY,Wood
535918,ESCAMBIA COUNTY,Wood
463363,ESCAMBIA COUNTY,Wood
226759,ESCAMBIA COUNTY,Wood
607543,ESCAMBIA COUNTY,Wood
425549,ESCAMBIA COUNTY,Wood
327498,ESCAMBIA COUNTY,Wood
396221,ESCAMBIA COUNTY,Wood
690336,ESCAMBIA COUNTY,Wood
136887,ESCAMBIA COUNTY,Wood
635836,ESCAMBIA COUNTY,Wood
515258,ESCAMBIA COUNTY,Wood
651907,ESCAMBIA COUNTY,Wood
536350,ESCAMBIA COUNTY,Wood
986555,ESCAMBIA COUNTY,Wood
201560,ESCAMBIA COUNTY,Wood
508697,ESCAMBIA COUNTY,Wood
111291,ESCAMBIA COUNTY,Steel Frame
609096,ESCAMBIA COUNTY,Masonry
822949,ESCAMBIA COUNTY,Masonry
602022,ESCAMBIA COUNTY,Masonry
705280,ESCAMBIA COUNTY,Masonry
680770,ESCAMBIA COUNTY,Wood
107422,ESCAMBIA COUNTY,Wood
856543,ESCAMBIA COUNTY,Wood
619650,ESCAMBIA COUNTY,Wood
572365,ESCAMBIA COUNTY,Masonry
595809,ESCAMBIA COUNTY,Masonry
257438,ESCAMBIA COUNTY,Wood
823119,ESCAMBIA COUNTY,Reinforced Masonry
617556,ESCAMBIA COUNTY,Wood
764690,ESCAMBIA COUNTY,Reinforced Masonry
864046,ESCAMBIA COUNTY,Masonry
193605,ESCAMBIA COUNTY,Reinforced Concrete
140260,ESCAMBIA COUNTY,Masonry
630427,ESCAMBIA COUNTY,Masonry
667000,ESCAMBIA COUNTY,Reinforced Masonry
534281,ESCAMBIA COUNTY,Masonry
733846,ESCAMBIA COUNTY,Wood
441668,ESCAMBIA COUNTY,Reinforced Masonry
346905,ESCAMBIA COUNTY,Masonry
471804,ESCAMBIA COUNTY,Wood
924273,ESCAMBIA COUNTY,Reinforced Masonry
782472,ESCAMBIA COUNTY,Masonry
923115,ESCAMBIA COUNTY,Wood
460088,ESCAMBIA COUNTY,Masonry
435210,ESCAMBIA COUNTY,Wood
465217,ESCAMBIA COUNTY,Reinforced Concrete
632642,ESCAMBIA COUNTY,Reinforced Concrete
946716,ESCAMBIA COUNTY,Steel Frame
889218,ESCAMBIA COUNTY,Masonry
404441,ESCAMBIA COUNTY,Masonry
444832,ESCAMBIA COUNTY,Reinforced Concrete
963351,ESCAMBIA COUNTY,Reinforced Concrete
933512,ESCAMBIA COUNTY,Reinforced Concrete
266370,ESCAMBIA COUNTY,Reinforced Concrete
558297,ESCAMBIA COUNTY,Reinforced Masonry
906995,ESCAMBIA COUNTY,Masonry
109623,ESCAMBIA COUNTY,Masonry
785276,ESCAMBIA COUNTY,Wood
184434,ESCAMBIA COUNTY,Reinforced Masonry
193939,ESCAMBIA COUNTY,Masonry
500086,ESCAMBIA COUNTY,Wood
639901,ESCAMBIA COUNTY,Masonry
323489,ESCAMBIA COUNTY,Wood
937572,ESCAMBIA COUNTY,Wood
756783,ESCAMBIA COUNTY,Masonry
433616,ESCAMBIA COUNTY,Wood
826854,ESCAMBIA COUNTY,Wood
331401,ESCAMBIA COUNTY,Wood
259660,ESCAMBIA COUNTY,Wood
518773,ESCAMBIA COUNTY,Reinforced Masonry
123592,ESCAMBIA COUNTY,Wood
475196,ESCAMBIA COUNTY,Wood
143117,ESCAMBIA COUNTY,Wood
984362,ESCAMBIA COUNTY,Masonry
134777,ESCAMBIA COUNTY,Masonry
222297,ESCAMBIA COUNTY,Wood
265957,ESCAMBIA COUNTY,Masonry
918381,ESCAMBIA COUNTY,Masonry
796136,ESCAMBIA COUNTY,Wood
845445,ESCAMBIA COUNTY,Wood
226030,ESCAMBIA COUNTY,Wood
271564,ESCAMBIA COUNTY,Reinforced Masonry
924063,ESCAMBIA COUNTY,Masonry
103266,ESCAMBIA COUNTY,Masonry
700435,SANTA ROSA COUNTY,Masonry
659660,SANTA ROSA COUNTY,Reinforced Masonry
227300,SANTA ROSA COUNTY,Masonry
374066,SANTA ROSA COUNTY,Masonry
123016,SANTA ROSA COUNTY,Wood
420523,SANTA ROSA COUNTY,Wood
776342,SANTA ROSA COUNTY,Wood
776037,SANTA ROSA COUNTY,Wood
804597,SANTA ROSA COUNTY,Wood
608373,SANTA ROSA COUNTY,Wood
595264,SANTA ROSA COUNTY,Wood
407421,SANTA ROSA COUNTY,Wood
352091,SANTA ROSA COUNTY,Wood
803973,SANTA ROSA COUNTY,Wood
270558,SANTA ROSA COUNTY,Wood
652444,SANTA ROSA COUNTY,Wood
827200,SANTA ROSA COUNTY,Wood
850231,OKALOOSA COUNTY,Reinforced Concrete
498526,OKALOOSA COUNTY,Reinforced Masonry
717198,OKALOOSA COUNTY,Masonry
448126,OKALOOSA COUNTY,Masonry
184340,OKALOOSA COUNTY,Masonry
638794,OKALOOSA COUNTY,Wood
407739,OKALOOSA COUNTY,Wood
184207,OKALOOSA COUNTY,Wood
657784,OKALOOSA COUNTY,Wood
814859,OKALOOSA COUNTY,Wood
811680,OKALOOSA COUNTY,Wood
979770,OKALOOSA COUNTY,Wood
252003,OKALOOSA COUNTY,Wood
226540,OKALOOSA COUNTY,Wood
672570,OKALOOSA COUNTY,Wood
155093,OKALOOSA COUNTY,Wood
974037,OKALOOSA COUNTY,Wood
979183,OKALOOSA COUNTY,Wood
233479,OKALOOSA COUNTY,Wood
755452,OKALOOSA COUNTY,Wood
250746,OKALOOSA COUNTY,Wood
537361,OKALOOSA COUNTY,Wood
915444,OKALOOSA COUNTY,Wood
931045,OKALOOSA COUNTY,Wood
901729,OKALOOSA COUNTY,Wood
768473,OKALOOSA COUNTY,Wood
252678,OKALOOSA COUNTY,Wood
681011,OKALOOSA COUNTY,Wood
951273,OKALOOSA COUNTY,Wood
789023,OKALOOSA COUNTY,Wood
240265,OKALOOSA COUNTY,Wood
588128,OKALOOSA COUNTY,Wood
972275,OKALOOSA COUNTY,Wood
168545,OKALOOSA COUNTY,Wood
197675,OKALOOSA COUNTY,Wood
999382,OKALOOSA COUNTY,Wood
692391,OKALOOSA COUNTY,Wood
672027,OKALOOSA COUNTY,Wood
264144,OKALOOSA COUNTY,Wood
770696,OKALOOSA COUNTY,Wood
187260,OKALOOSA COUNTY,Wood
873049,OKALOOSA COUNTY,Wood
593470,OKALOOSA COUNTY,Wood
963969,OKALOOSA COUNTY,Wood
555273,ESCAMBIA COUNTY,Wood
615393,ESCAMBIA COUNTY,Masonry
490494,ESCAMBIA COUNTY,Wood
697353,ESCAMBIA COUNTY,Masonry
421097,ESCAMBIA COUNTY,Wood
950831,ESCAMBIA COUNTY,Wood
766780,ESCAMBIA COUNTY,Masonry
204413,ESCAMBIA COUNTY,Reinforced Masonry
544764,ESCAMBIA COUNTY,Wood
131988,ESCAMBIA COUNTY,Masonry
129847,ESCAMBIA COUNTY,Masonry
409099,ESCAMBIA COUNTY,Masonry
928010,ESCAMBIA COUNTY,Masonry
466138,ESCAMBIA COUNTY,Masonry
609599,ESCAMBIA COUNTY,Wood
587061,ESCAMBIA COUNTY,Wood
230711,ESCAMBIA COUNTY,Wood
287115,ESCAMBIA COUNTY,Masonry
776232,ESCAMBIA COUNTY,Wood
745932,ESCAMBIA COUNTY,Masonry
325051,ESCAMBIA COUNTY,Wood
187894,ESCAMBIA COUNTY,Wood
195243,ESCAMBIA COUNTY,Wood
713013,ESCAMBIA COUNTY,Masonry
253583,ESCAMBIA COUNTY,Wood
781680,ESCAMBIA COUNTY,Wood
542224,ESCAMBIA COUNTY,Wood
104974,ESCAMBIA COUNTY,Wood
723519,ESCAMBIA COUNTY,Wood
493420,ESCAMBIA COUNTY,Wood
334249,ESCAMBIA COUNTY,Wood
527477,ESCAMBIA COUNTY,Wood
359947,ESCAMBIA COUNTY,Wood
746102,ESCAMBIA COUNTY,Wood
949162,ESCAMBIA COUNTY,Wood
696418,OKALOOSA COUNTY,Masonry
194983,OKALOOSA COUNTY,Masonry
680323,OKALOOSA COUNTY,Wood
839993,OKALOOSA COUNTY,Wood
541094,OKALOOSA COUNTY,Masonry
239552,OKALOOSA COUNTY,Wood
770103,OKALOOSA COUNTY,Wood
165523,OKALOOSA COUNTY,Wood
344351,OKALOOSA COUNTY,Wood
942745,OKALOOSA COUNTY,Wood
947678,OKALOOSA COUNTY,Masonry
672744,OKALOOSA COUNTY,Wood
792046,OKALOOSA COUNTY,Wood
387999,OKALOOSA COUNTY,Wood
908535,OKALOOSA COUNTY,Masonry
358731,OKALOOSA COUNTY,Wood
677721,OKALOOSA COUNTY,Masonry
941277,OKALOOSA COUNTY,Wood
483690,OKALOOSA COUNTY,Wood
857802,OKALOOSA COUNTY,Wood
740906,OKALOOSA COUNTY,Wood
919102,OKALOOSA COUNTY,Wood
304392,OKALOOSA COUNTY,Wood
375135,OKALOOSA COUNTY,Wood
221539,OKALOOSA COUNTY,Wood
371791,OKALOOSA COUNTY,Wood
982150,OKALOOSA COUNTY,Wood
338482,OKALOOSA COUNTY,Wood
286495,OKALOOSA COUNTY,Wood
366455,OKALOOSA COUNTY,Wood
398273,OKALOOSA COUNTY,Wood
912893,OKALOOSA COUNTY,Wood
966632,OKALOOSA COUNTY,Wood
914040,OKALOOSA COUNTY,Wood
882363,OKALOOSA COUNTY,Wood
546934,OKALOOSA COUNTY,Wood
816632,OKALOOSA COUNTY,Wood
589723,OKALOOSA COUNTY,Wood
430821,OKALOOSA COUNTY,Wood
627786,OKALOOSA COUNTY,Wood
736953,OKALOOSA COUNTY,Wood
533010,OKALOOSA COUNTY,Wood
381430,OKALOOSA COUNTY,Wood
759310,OKALOOSA COUNTY,Wood
444137,OKALOOSA COUNTY,Wood
903870,OKALOOSA COUNTY,Wood
624726,OKALOOSA COUNTY,Wood
495956,OKALOOSA COUNTY,Reinforced Masonry
113363,OKALOOSA COUNTY,Masonry
357742,OKALOOSA COUNTY,Reinforced Masonry
279348,OKALOOSA COUNTY,Masonry
324826,OKALOOSA COUNTY,Masonry
215848,OKALOOSA COUNTY,Wood
962606,OKALOOSA COUNTY,Wood
887227,OKALOOSA COUNTY,Wood
565260,OKALOOSA COUNTY,Wood
328610,OKALOOSA COUNTY,Wood
944346,OKALOOSA COUNTY,Masonry
644507,OKALOOSA COUNTY,Masonry
729667,OKALOOSA COUNTY,Wood
429283,OKALOOSA COUNTY,Wood
581781,OKALOOSA COUNTY,Masonry
755753,OKALOOSA COUNTY,Masonry
142827,OKALOOSA COUNTY,Masonry
341946,OKALOOSA COUNTY,Wood
270573,OKALOOSA COUNTY,Wood
536379,OKALOOSA COUNTY,Wood
171775,OKALOOSA COUNTY,Wood
708413,OKALOOSA COUNTY,Wood
954090,OKALOOSA COUNTY,Wood
549875,OKALOOSA COUNTY,Wood
781573,OKALOOSA COUNTY,Wood
669963,OKALOOSA COUNTY,Wood
973078,OKALOOSA COUNTY,Wood
587327,OKALOOSA COUNTY,Wood
575246,OKALOOSA COUNTY,Wood
943418,OKALOOSA COUNTY,Wood
578947,OKALOOSA COUNTY,Masonry
186785,OKALOOSA COUNTY,Wood
636868,OKALOOSA COUNTY,Masonry
396787,OKALOOSA COUNTY,Masonry
960541,OKALOOSA COUNTY,Wood
112131,OKALOOSA COUNTY,Masonry
188509,OKALOOSA COUNTY,Masonry
413139,OKALOOSA COUNTY,Wood
962216,OKALOOSA COUNTY,Wood
486011,OKALOOSA COUNTY,Wood
807241,OKALOOSA COUNTY,Wood
633515,OKALOOSA COUNTY,Wood
834247,OKALOOSA COUNTY,Wood
784953,OKALOOSA COUNTY,Wood
468672,OKALOOSA COUNTY,Wood
164662,OKALOOSA COUNTY,Wood
136179,OKALOOSA COUNTY,Wood
703995,OKALOOSA COUNTY,Wood
236855,OKALOOSA COUNTY,Wood
574154,OKALOOSA COUNTY,Wood
909313,OKALOOSA COUNTY,Wood
867949,OKALOOSA COUNTY,Wood
988803,OKALOOSA COUNTY,Wood
176858,OKALOOSA COUNTY,Wood
175809,OKALOOSA COUNTY,Wood
742632,OKALOOSA COUNTY,Wood
385687,OKALOOSA COUNTY,Masonry
177371,OKALOOSA COUNTY,Wood
112455,OKALOOSA COUNTY,Wood
336898,OKALOOSA COUNTY,Wood
204230,OKALOOSA COUNTY,Wood
830696,OKALOOSA COUNTY,Wood
909294,OKALOOSA COUNTY,Wood
782864,OKALOOSA COUNTY,Wood
843402,OKALOOSA COUNTY,Wood
869528,OKALOOSA COUNTY,Wood
524469,OKALOOSA COUNTY,Wood
169804,OKALOOSA COUNTY,Wood
347285,OKALOOSA COUNTY,Wood
567160,OKALOOSA COUNTY,Wood
654565,OKALOOSA COUNTY,Wood
510895,OKALOOSA COUNTY,Wood
987492,OKALOOSA COUNTY,Wood
586377,OKALOOSA COUNTY,Wood
337553,OKALOOSA COUNTY,Wood
354199,OKALOOSA COUNTY,Wood
981409,OKALOOSA COUNTY,Wood
206290,OKALOOSA COUNTY,Wood
337732,OKALOOSA COUNTY,Wood
645321,OKALOOSA COUNTY,Wood
975467,OKALOOSA COUNTY,Wood
395047,OKALOOSA COUNTY,Wood
642389,OKALOOSA COUNTY,Wood
224356,OKALOOSA COUNTY,Wood
653196,OKALOOSA COUNTY,Wood
333301,OKALOOSA COUNTY,Wood
927664,OKALOOSA COUNTY,Wood
126301,OKALOOSA COUNTY,Wood
363406,OKALOOSA COUNTY,Wood
554639,OKALOOSA COUNTY,Wood
537517,OKALOOSA COUNTY,Wood
985795,OKALOOSA COUNTY,Wood
384126,OKALOOSA COUNTY,Wood
487525,OKALOOSA COUNTY,Wood
922534,OKALOOSA COUNTY,Masonry
760822,OKALOOSA COUNTY,Masonry
623487,OKALOOSA COUNTY,Masonry
872380,OKALOOSA COUNTY,Wood
524056,OKALOOSA COUNTY,Wood
222610,OKALOOSA COUNTY,Wood
198654,OKALOOSA COUNTY,Masonry
990746,OKALOOSA COUNTY,Masonry
225303,OKALOOSA COUNTY,Wood
925232,OKALOOSA COUNTY,Wood
800314,OKALOOSA COUNTY,Wood
550794,OKALOOSA COUNTY,Wood
350309,OKALOOSA COUNTY,Wood
580261,OKALOOSA COUNTY,Masonry
348652,OKALOOSA COUNTY,Wood
889450,OKALOOSA COUNTY,Wood
399352,OKALOOSA COUNTY,Wood
580279,OKALOOSA COUNTY,Wood
943758,OKALOOSA COUNTY,Wood
430347,OKALOOSA COUNTY,Wood
170664,OKALOOSA COUNTY,Wood
978837,OKALOOSA COUNTY,Wood
275155,OKALOOSA COUNTY,Wood
194680,OKALOOSA COUNTY,Wood
695630,OKALOOSA COUNTY,Wood
215995,OKALOOSA COUNTY,Masonry
238812,OKALOOSA COUNTY,Wood
968286,OKALOOSA COUNTY,Wood
218943,OKALOOSA COUNTY,Wood
317113,OKALOOSA COUNTY,Wood
451791,OKALOOSA COUNTY,Wood
652662,OKALOOSA COUNTY,Wood
400773,OKALOOSA COUNTY,Wood
665980,OKALOOSA COUNTY,Wood
158638,OKALOOSA COUNTY,Masonry
292508,OKALOOSA COUNTY,Wood
464645,OKALOOSA COUNTY,Masonry
935905,OKALOOSA COUNTY,Wood
406770,OKALOOSA COUNTY,Masonry
590484,OKALOOSA COUNTY,Wood
812083,OKALOOSA COUNTY,Wood
406339,OKALOOSA COUNTY,Wood
590191,OKALOOSA COUNTY,Wood
872415,OKALOOSA COUNTY,Wood
100183,OKALOOSA COUNTY,Wood
388113,OKALOOSA COUNTY,Wood
401548,OKALOOSA COUNTY,Masonry
470715,OKALOOSA COUNTY,Reinforced Masonry
867722,OKALOOSA COUNTY,Masonry
901247,OKALOOSA COUNTY,Reinforced Masonry
640036,WALTON COUNTY,Wood
241060,WALTON COUNTY,Wood
628393,WALTON COUNTY,Wood
446363,WALTON COUNTY,Wood
260998,WALTON COUNTY,Wood
690403,WALTON COUNTY,Wood
393469,WALTON COUNTY,Wood
264232,WALTON COUNTY,Wood
743750,WALTON COUNTY,Wood
907482,WALTON COUNTY,Wood
921398,WALTON COUNTY,Wood
963545,WALTON COUNTY,Masonry
384813,WALTON COUNTY,Masonry
116201,WALTON COUNTY,Masonry
206089,WALTON COUNTY,Masonry
202042,WALTON COUNTY,Wood
870972,WALTON COUNTY,Masonry
263023,WALTON COUNTY,Wood
444839,WALTON COUNTY,Reinforced Masonry
554136,WALTON COUNTY,Wood
763442,WALTON COUNTY,Wood
929994,WALTON COUNTY,Wood
531174,WALTON COUNTY,Wood
557398,OKALOOSA COUNTY,Reinforced Masonry
404442,OKALOOSA COUNTY,Reinforced Masonry
506915,OKALOOSA COUNTY,Wood
373536,OKALOOSA COUNTY,Reinforced Concrete
844429,OKALOOSA COUNTY,Wood
283751,OKALOOSA COUNTY,Wood
346096,OKALOOSA COUNTY,Masonry
636998,OKALOOSA COUNTY,Wood
244426,OKALOOSA COUNTY,Wood
114549,OKALOOSA COUNTY,Wood
662993,OKALOOSA COUNTY,Wood
221023,OKALOOSA COUNTY,Wood
657126,OKALOOSA COUNTY,Wood
579728,OKALOOSA COUNTY,Wood
342330,OKALOOSA COUNTY,Wood
522288,OKALOOSA COUNTY,Wood
147972,OKALOOSA COUNTY,Wood
413112,OKALOOSA COUNTY,Wood
769784,OKALOOSA COUNTY,Wood
442020,OKALOOSA COUNTY,Wood
323442,OKALOOSA COUNTY,Masonry
998523,OKALOOSA COUNTY,Masonry
241351,OKALOOSA COUNTY,Masonry
254636,OKALOOSA COUNTY,Masonry
599130,OKALOOSA COUNTY,Wood
993406,OKALOOSA COUNTY,Wood
129197,OKALOOSA COUNTY,Wood
387772,OKALOOSA COUNTY,Wood
188539,OKALOOSA COUNTY,Wood
966998,OKALOOSA COUNTY,Wood
749607,OKALOOSA COUNTY,Wood
535991,OKALOOSA COUNTY,Wood
193274,OKALOOSA COUNTY,Wood
754564,OKALOOSA COUNTY,Wood
749566,OKALOOSA COUNTY,Wood
847856,OKALOOSA COUNTY,Wood
330371,OKALOOSA COUNTY,Wood
497553,OKALOOSA COUNTY,Wood
113326,OKALOOSA COUNTY,Wood
903029,OKALOOSA COUNTY,Wood
222753,OKALOOSA COUNTY,Wood
681211,OKALOOSA COUNTY,Wood
297969,OKALOOSA COUNTY,Wood
428746,OKALOOSA COUNTY,Wood
803892,OKALOOSA COUNTY,Reinforced Concrete
438700,OKALOOSA COUNTY,Wood
398597,OKALOOSA COUNTY,Wood
164281,OKALOOSA COUNTY,Wood
803877,OKALOOSA COUNTY,Wood
482168,OKALOOSA COUNTY,Wood
755955,OKALOOSA COUNTY,Wood
965248,OKALOOSA COUNTY,Wood
244345,OKALOOSA COUNTY,Wood
936339,OKALOOSA COUNTY,Wood
897474,OKALOOSA COUNTY,Wood
391278,OKALOOSA COUNTY,Wood
957782,OKALOOSA COUNTY,Wood
251684,OKALOOSA COUNTY,Wood
641478,OKALOOSA COUNTY,Reinforced Masonry
474867,OKALOOSA COUNTY,Wood
490406,OKALOOSA COUNTY,Wood
915481,OKALOOSA COUNTY,Wood
841009,OKALOOSA COUNTY,Wood
840625,OKALOOSA COUNTY,Wood
635630,OKALOOSA COUNTY,Wood
177196,OKALOOSA COUNTY,Wood
861422,OKALOOSA COUNTY,Wood
552214,OKALOOSA COUNTY,Wood
238887,OKALOOSA COUNTY,Masonry
493555,OKALOOSA COUNTY,Wood
132602,OKALOOSA COUNTY,Wood
845185,OKALOOSA COUNTY,Masonry
164980,OKALOOSA COUNTY,Wood
496569,OKALOOSA COUNTY,Wood
148266,OKALOOSA COUNTY,Wood
147958,OKALOOSA COUNTY,Wood
163343,OKALOOSA COUNTY,Wood
329163,OKALOOSA COUNTY,Wood
583236,OKALOOSA COUNTY,Wood
461324,OKALOOSA COUNTY,Wood
220158,OKALOOSA COUNTY,Wood
328677,OKALOOSA COUNTY,Masonry
488314,OKALOOSA COUNTY,Wood
310994,OKALOOSA COUNTY,Masonry
713148,OKALOOSA COUNTY,Masonry
489265,OKALOOSA COUNTY,Masonry
659216,OKALOOSA COUNTY,Wood
279868,OKALOOSA COUNTY,Wood
495998,OKALOOSA COUNTY,Wood
568583,OKALOOSA COUNTY,Wood
677274,OKALOOSA COUNTY,Wood
852311,OKALOOSA COUNTY,Wood
822395,OKALOOSA COUNTY,Wood
253856,OKALOOSA COUNTY,Wood
551302,OKALOOSA COUNTY,Wood
496047,OKALOOSA COUNTY,Wood
374148,OKALOOSA COUNTY,Wood
792523,OKALOOSA COUNTY,Wood
900748,OKALOOSA COUNTY,Wood
445981,OKALOOSA COUNTY,Wood
660678,OKALOOSA COUNTY,Wood
150447,OKALOOSA COUNTY,Wood
364459,OKALOOSA COUNTY,Wood
887035,OKALOOSA COUNTY,Wood
971990,OKALOOSA COUNTY,Wood
951307,OKALOOSA COUNTY,Wood
281064,OKALOOSA COUNTY,Wood
753008,OKALOOSA COUNTY,Wood
502107,OKALOOSA COUNTY,Wood
462946,OKALOOSA COUNTY,Wood
643422,OKALOOSA COUNTY,Wood
120198,OKALOOSA COUNTY,Wood
202971,OKALOOSA COUNTY,Wood
759562,OKALOOSA COUNTY,Wood
799104,OKALOOSA COUNTY,Wood
558130,OKALOOSA COUNTY,Wood
886216,OKALOOSA COUNTY,Wood
951224,OKALOOSA COUNTY,Wood
216749,OKALOOSA COUNTY,Wood
581390,OKALOOSA COUNTY,Wood
502722,OKALOOSA COUNTY,Wood
146138,OKALOOSA COUNTY,Wood
532633,OKALOOSA COUNTY,Masonry
927138,OKALOOSA COUNTY,Masonry
673188,OKALOOSA COUNTY,Wood
736391,OKALOOSA COUNTY,Wood
604743,OKALOOSA COUNTY,Wood
692332,OKALOOSA COUNTY,Wood
427050,OKALOOSA COUNTY,Wood
988573,OKALOOSA COUNTY,Wood
940597,OKALOOSA COUNTY,Wood
239535,OKALOOSA COUNTY,Wood
347408,OKALOOSA COUNTY,Wood
538280,OKALOOSA COUNTY,Wood
551460,OKALOOSA COUNTY,Wood
749963,OKALOOSA COUNTY,Wood
161927,OKALOOSA COUNTY,Wood
150363,OKALOOSA COUNTY,Wood
107975,OKALOOSA COUNTY,Wood
346822,OKALOOSA COUNTY,Wood
541383,OKALOOSA COUNTY,Wood
776492,OKALOOSA COUNTY,Wood
794095,OKALOOSA COUNTY,Wood
975186,OKALOOSA COUNTY,Reinforced Concrete
913911,OKALOOSA COUNTY,Masonry
411601,OKALOOSA COUNTY,Masonry
151923,OKALOOSA COUNTY,Reinforced Concrete
819754,OKALOOSA COUNTY,Reinforced Concrete
154536,OKALOOSA COUNTY,Reinforced Masonry
761630,OKALOOSA COUNTY,Wood
620772,OKALOOSA COUNTY,Reinforced Masonry
294679,OKALOOSA COUNTY,Wood
624136,OKALOOSA COUNTY,Reinforced Concrete
721031,OKALOOSA COUNTY,Reinforced Concrete
927124,OKALOOSA COUNTY,Wood
304866,OKALOOSA COUNTY,Wood
346806,OKALOOSA COUNTY,Masonry
653887,OKALOOSA COUNTY,Wood
949615,OKALOOSA COUNTY,Wood
536648,OKALOOSA COUNTY,Wood
633500,OKALOOSA COUNTY,Wood
622395,OKALOOSA COUNTY,Wood
633813,OKALOOSA COUNTY,Wood
225863,OKALOOSA COUNTY,Wood
226126,OKALOOSA COUNTY,Wood
772926,OKALOOSA COUNTY,Wood
147594,OKALOOSA COUNTY,Wood
125807,OKALOOSA COUNTY,Wood
363724,OKALOOSA COUNTY,Masonry
996010,OKALOOSA COUNTY,Masonry
986423,OKALOOSA COUNTY,Masonry
253156,OKALOOSA COUNTY,Masonry
729943,OKALOOSA COUNTY,Masonry
391026,OKALOOSA COUNTY,Masonry
412655,OKALOOSA COUNTY,Wood
647057,OKALOOSA COUNTY,Wood
779973,OKALOOSA COUNTY,Masonry
689489,OKALOOSA COUNTY,Wood
990714,OKALOOSA COUNTY,Masonry
706555,OKALOOSA COUNTY,Wood
129296,OKALOOSA COUNTY,Masonry
327539,OKALOOSA COUNTY,Masonry
118944,OKALOOSA COUNTY,Masonry
144243,OKALOOSA COUNTY,Masonry
437444,OKALOOSA COUNTY,Masonry
670813,OKALOOSA COUNTY,Masonry
575467,OKALOOSA COUNTY,Masonry
699009,OKALOOSA COUNTY,Masonry
671436,OKALOOSA COUNTY,Wood
413834,OKALOOSA COUNTY,Wood
239946,OKALOOSA COUNTY,Wood
990000,OKALOOSA COUNTY,Wood
826462,OKALOOSA COUNTY,Masonry
316214,OKALOOSA COUNTY,Masonry
492961,OKALOOSA COUNTY,Wood
442410,OKALOOSA COUNTY,Masonry
896508,OKALOOSA COUNTY,Masonry
870816,OKALOOSA COUNTY,Masonry
677914,OKALOOSA COUNTY,Masonry
176452,OKALOOSA COUNTY,Masonry
970883,OKALOOSA COUNTY,Masonry
725467,OKALOOSA COUNTY,Masonry
770729,OKALOOSA COUNTY,Masonry
766802,OKALOOSA COUNTY,Masonry
588698,OKALOOSA COUNTY,Masonry
298126,OKALOOSA COUNTY,Masonry
122168,OKALOOSA COUNTY,Wood
892180,OKALOOSA COUNTY,Wood
948179,OKALOOSA COUNTY,Wood
337833,OKALOOSA COUNTY,Wood
554172,OKALOOSA COUNTY,Wood
669026,OKALOOSA COUNTY,Wood
264935,OKALOOSA COUNTY,Masonry
505926,OKALOOSA COUNTY,Wood
465988,OKALOOSA COUNTY,Wood
271099,OKALOOSA COUNTY,Wood
556902,OKALOOSA COUNTY,Wood
485501,OKALOOSA COUNTY,Wood
599108,OKALOOSA COUNTY,Wood
358359,OKALOOSA COUNTY,Wood
278650,OKALOOSA COUNTY,Masonry
609336,OKALOOSA COUNTY,Masonry
572254,OKALOOSA COUNTY,Steel Frame
385575,OKALOOSA COUNTY,Reinforced Masonry
522335,OKALOOSA COUNTY,Masonry
834638,OKALOOSA COUNTY,Wood
635324,OKALOOSA COUNTY,Wood
570424,OKALOOSA COUNTY,Wood
942863,OKALOOSA COUNTY,Wood
470637,OKALOOSA COUNTY,Wood
996559,OKALOOSA COUNTY,Wood
301932,OKALOOSA COUNTY,Wood
632025,OKALOOSA COUNTY,Wood
229880,OKALOOSA COUNTY,Masonry
109576,OKALOOSA COUNTY,Wood
788175,OKALOOSA COUNTY,Wood
914574,OKALOOSA COUNTY,Masonry
569415,OKALOOSA COUNTY,Masonry
821291,OKALOOSA COUNTY,Wood
634124,OKALOOSA COUNTY,Masonry
185970,OKALOOSA COUNTY,Wood
436744,OKALOOSA COUNTY,Wood
704860,OKALOOSA COUNTY,Wood
101647,OKALOOSA COUNTY,Masonry
850933,OKALOOSA COUNTY,Masonry
368464,OKALOOSA COUNTY,Wood
104727,OKALOOSA COUNTY,Wood
225655,OKALOOSA COUNTY,Wood
615422,OKALOOSA COUNTY,Wood
206104,OKALOOSA COUNTY,Wood
709548,OKALOOSA COUNTY,Wood
226074,OKALOOSA COUNTY,Wood
518819,OKALOOSA COUNTY,Reinforced Masonry
652298,OKALOOSA COUNTY,Reinforced Masonry
353715,OKALOOSA COUNTY,Masonry
319395,OKALOOSA COUNTY,Reinforced Concrete
400381,OKALOOSA COUNTY,Wood
298323,OKALOOSA COUNTY,Masonry
845239,OKALOOSA COUNTY,Wood
813847,OKALOOSA COUNTY,Wood
964981,OKALOOSA COUNTY,Masonry
885249,OKALOOSA COUNTY,Wood
923289,OKALOOSA COUNTY,Wood
126697,OKALOOSA COUNTY,Wood
132123,OKALOOSA COUNTY,Wood
840286,OKALOOSA COUNTY,Wood
682904,OKALOOSA COUNTY,Wood
257187,OKALOOSA COUNTY,Wood
560496,OKALOOSA COUNTY,Wood
746359,OKALOOSA COUNTY,Wood
190282,OKALOOSA COUNTY,Wood
104333,OKALOOSA COUNTY,Wood
820974,OKALOOSA COUNTY,Masonry
482419,OKALOOSA COUNTY,Masonry
300169,OKALOOSA COUNTY,Wood
653797,OKALOOSA COUNTY,Wood
497445,OKALOOSA COUNTY,Wood
504791,OKALOOSA COUNTY,Wood
974677,OKALOOSA COUNTY,Wood
765649,OKALOOSA COUNTY,Masonry
494391,OKALOOSA COUNTY,Wood
456862,OKALOOSA COUNTY,Wood
242153,OKALOOSA COUNTY,Wood
947099,OKALOOSA COUNTY,Wood
297233,OKALOOSA COUNTY,Wood
874742,OKALOOSA COUNTY,Wood
360668,OKALOOSA COUNTY,Wood
435391,OKALOOSA COUNTY,Wood
171307,OKALOOSA COUNTY,Reinforced Masonry
239305,OKALOOSA COUNTY,Reinforced Masonry
930747,OKALOOSA COUNTY,Wood
625422,OKALOOSA COUNTY,Wood
130055,OKALOOSA COUNTY,Wood
844995,OKALOOSA COUNTY,Wood
459561,OKALOOSA COUNTY,Wood
462242,OKALOOSA COUNTY,Wood
146416,OKALOOSA COUNTY,Wood
570060,OKALOOSA COUNTY,Wood
536378,OKALOOSA COUNTY,Wood
213647,OKALOOSA COUNTY,Wood
920679,OKALOOSA COUNTY,Wood
926661,OKALOOSA COUNTY,Wood
558833,OKALOOSA COUNTY,Wood
974897,OKALOOSA COUNTY,Wood
207143,OKALOOSA COUNTY,Masonry
913546,OKALOOSA COUNTY,Masonry
870447,OKALOOSA COUNTY,Wood
552493,OKALOOSA COUNTY,Wood
510748,OKALOOSA COUNTY,Wood
938188,OKALOOSA COUNTY,Wood
532913,OKALOOSA COUNTY,Wood
167499,OKALOOSA COUNTY,Wood
765386,OKALOOSA COUNTY,Wood
210890,OKALOOSA COUNTY,Masonry
262962,OKALOOSA COUNTY,Wood
616053,OKALOOSA COUNTY,Wood
784997,OKALOOSA COUNTY,Wood
861634,OKALOOSA COUNTY,Wood
109830,OKALOOSA COUNTY,Wood
266063,OKALOOSA COUNTY,Wood
457869,OKALOOSA COUNTY,Wood
741249,OKALOOSA COUNTY,Wood
763585,OKALOOSA COUNTY,Wood
949907,OKALOOSA COUNTY,Wood
191615,OKALOOSA COUNTY,Wood
818768,OKALOOSA COUNTY,Wood
194701,OKALOOSA COUNTY,Masonry
910643,OKALOOSA COUNTY,Reinforced Masonry
637252,OKALOOSA COUNTY,Wood
370830,OKALOOSA COUNTY,Wood
677724,OKALOOSA COUNTY,Wood
850978,OKALOOSA COUNTY,Wood
375369,OKALOOSA COUNTY,Wood
446144,OKALOOSA COUNTY,Wood
487346,OKALOOSA COUNTY,Wood
523299,OKALOOSA COUNTY,Wood
339883,OKALOOSA COUNTY,Wood
804691,OKALOOSA COUNTY,Wood
579920,OKALOOSA COUNTY,Wood
993078,OKALOOSA COUNTY,Wood
109832,OKALOOSA COUNTY,Masonry
905794,OKALOOSA COUNTY,Wood
346428,OKALOOSA COUNTY,Reinforced Masonry
972835,OKALOOSA COUNTY,Wood
442072,OKALOOSA COUNTY,Masonry
974847,OKALOOSA COUNTY,Wood
455276,OKALOOSA COUNTY,Wood
838658,OKALOOSA COUNTY,Wood
486358,OKALOOSA COUNTY,Reinforced Masonry
562913,OKALOOSA COUNTY,Wood
541001,OKALOOSA COUNTY,Masonry
465850,OKALOOSA COUNTY,Wood
589494,OKALOOSA COUNTY,Wood
907092,OKALOOSA COUNTY,Wood
515739,OKALOOSA COUNTY,Wood
809347,OKALOOSA COUNTY,Wood
137666,OKALOOSA COUNTY,Wood
874786,OKALOOSA COUNTY,Wood
559221,OKALOOSA COUNTY,Wood
247162,OKALOOSA COUNTY,Wood
253810,OKALOOSA COUNTY,Wood
192327,OKALOOSA COUNTY,Wood
571274,OKALOOSA COUNTY,Wood
724204,OKALOOSA COUNTY,Wood
147039,OKALOOSA COUNTY,Wood
193318,OKALOOSA COUNTY,Wood
615282,OKALOOSA COUNTY,Wood
680026,OKALOOSA COUNTY,Wood
594538,OKALOOSA COUNTY,Wood
781700,OKALOOSA COUNTY,Wood
984848,OKALOOSA COUNTY,Wood
610699,OKALOOSA COUNTY,Masonry
158137,OKALOOSA COUNTY,Masonry
493201,OKALOOSA COUNTY,Wood
482257,OKALOOSA COUNTY,Masonry
486523,OKALOOSA COUNTY,Masonry
288843,OKALOOSA COUNTY,Wood
376340,OKALOOSA COUNTY,Reinforced Masonry
591874,OKALOOSA COUNTY,Masonry
635533,OKALOOSA COUNTY,Wood
459510,OKALOOSA COUNTY,Masonry
967051,OKALOOSA COUNTY,Wood
413727,OKALOOSA COUNTY,Wood
568714,OKALOOSA COUNTY,Masonry
873338,OKALOOSA COUNTY,Reinforced Masonry
784142,OKALOOSA COUNTY,Wood
663960,OKALOOSA COUNTY,Masonry
537983,OKALOOSA COUNTY,Wood
228015,OKALOOSA COUNTY,Wood
122852,OKALOOSA COUNTY,Wood
469724,OKALOOSA COUNTY,Wood
324199,OKALOOSA COUNTY,Wood
199791,OKALOOSA COUNTY,Masonry
773124,OKALOOSA COUNTY,Masonry
182215,OKALOOSA COUNTY,Wood
377464,OKALOOSA COUNTY,Wood
647274,OKALOOSA COUNTY,Wood
637261,OKALOOSA COUNTY,Wood
396524,OKALOOSA COUNTY,Wood
161803,OKALOOSA COUNTY,Wood
498048,OKALOOSA COUNTY,Wood
137093,OKALOOSA COUNTY,Masonry
409641,OKALOOSA COUNTY,Wood
381346,OKALOOSA COUNTY,Wood
746036,OKALOOSA COUNTY,Wood
625114,OKALOOSA COUNTY,Wood
417996,OKALOOSA COUNTY,Reinforced Masonry
435656,OKALOOSA COUNTY,Wood
139250,OKALOOSA COUNTY,Wood
743287,OKALOOSA COUNTY,Wood
597971,OKALOOSA COUNTY,Wood
335302,OKALOOSA COUNTY,Wood
236690,OKALOOSA COUNTY,Wood
614044,OKALOOSA COUNTY,Wood
613017,OKALOOSA COUNTY,Masonry
768688,OKALOOSA COUNTY,Wood
774160,OKALOOSA COUNTY,Wood
670560,OKALOOSA COUNTY,Wood
657807,OKALOOSA COUNTY,Wood
783382,OKALOOSA COUNTY,Wood
187163,OKALOOSA COUNTY,Wood
557026,OKALOOSA COUNTY,Wood
479705,OKALOOSA COUNTY,Wood
194308,OKALOOSA COUNTY,Wood
368553,OKALOOSA COUNTY,Wood
496190,OKALOOSA COUNTY,Wood
547412,OKALOOSA COUNTY,Wood
173565,OKALOOSA COUNTY,Wood
471644,OKALOOSA COUNTY,Wood
383282,OKALOOSA COUNTY,Wood
693042,OKALOOSA COUNTY,Wood
105317,OKALOOSA COUNTY,Wood
816245,OKALOOSA COUNTY,Wood
803073,OKALOOSA COUNTY,Wood
988321,OKALOOSA COUNTY,Wood
925937,OKALOOSA COUNTY,Wood
730644,OKALOOSA COUNTY,Wood
482134,OKALOOSA COUNTY,Reinforced Concrete
125516,OKALOOSA COUNTY,Wood
182810,OKALOOSA COUNTY,Wood
689686,OKALOOSA COUNTY,Wood
745335,OKALOOSA COUNTY,Wood
357563,OKALOOSA COUNTY,Wood
797318,OKALOOSA COUNTY,Wood
123000,OKALOOSA COUNTY,Wood
792398,OKALOOSA COUNTY,Wood
320607,OKALOOSA COUNTY,Masonry
641460,OKALOOSA COUNTY,Reinforced Masonry
182745,OKALOOSA COUNTY,Steel Frame
420504,OKALOOSA COUNTY,Reinforced Concrete
653409,OKALOOSA COUNTY,Reinforced Masonry
355976,OKALOOSA COUNTY,Reinforced Masonry
884082,OKALOOSA COUNTY,Wood
102209,OKALOOSA COUNTY,Masonry
215487,OKALOOSA COUNTY,Wood
471737,OKALOOSA COUNTY,Wood
927260,OKALOOSA COUNTY,Masonry
702589,OKALOOSA COUNTY,Wood
402398,OKALOOSA COUNTY,Wood
875957,OKALOOSA COUNTY,Wood
893906,OKALOOSA COUNTY,Wood
598292,OKALOOSA COUNTY,Wood
355578,OKALOOSA COUNTY,Wood
156004,OKALOOSA COUNTY,Wood
250802,OKALOOSA COUNTY,Wood
738022,OKALOOSA COUNTY,Wood
861105,OKALOOSA COUNTY,Wood
960463,OKALOOSA COUNTY,Wood
538138,OKALOOSA COUNTY,Wood
942785,OKALOOSA COUNTY,Wood
224136,OKALOOSA COUNTY,Masonry
393896,OKALOOSA COUNTY,Masonry
946965,OKALOOSA COUNTY,Masonry
931106,OKALOOSA COUNTY,Wood
449878,OKALOOSA COUNTY,Wood
378063,OKALOOSA COUNTY,Masonry
210664,OKALOOSA COUNTY,Wood
911234,OKALOOSA COUNTY,Reinforced Masonry
213856,OKALOOSA COUNTY,Masonry
203214,OKALOOSA COUNTY,Reinforced Masonry
588568,OKALOOSA COUNTY,Masonry
554477,OKALOOSA COUNTY,Masonry
321025,OKALOOSA COUNTY,Masonry
951282,OKALOOSA COUNTY,Masonry
562737,OKALOOSA COUNTY,Masonry
938615,OKALOOSA COUNTY,Wood
194628,OKALOOSA COUNTY,Wood
874342,OKALOOSA COUNTY,Wood
734544,OKALOOSA COUNTY,Wood
963243,OKALOOSA COUNTY,Wood
403614,OKALOOSA COUNTY,Wood
108042,OKALOOSA COUNTY,Wood
409595,OKALOOSA COUNTY,Wood
165986,OKALOOSA COUNTY,Wood
336849,OKALOOSA COUNTY,Wood
245687,OKALOOSA COUNTY,Wood
547858,OKALOOSA COUNTY,Wood
906916,OKALOOSA COUNTY,Wood
668006,OKALOOSA COUNTY,Wood
518416,OKALOOSA COUNTY,Wood
643623,OKALOOSA COUNTY,Wood
926693,OKALOOSA COUNTY,Wood
395381,OKALOOSA COUNTY,Wood
953823,OKALOOSA COUNTY,Wood
174451,OKALOOSA COUNTY,Wood
498894,OKALOOSA COUNTY,Wood
751188,OKALOOSA COUNTY,Wood
572494,OKALOOSA COUNTY,Masonry
706173,OKALOOSA COUNTY,Wood
720644,OKALOOSA COUNTY,Wood
322646,OKALOOSA COUNTY,Wood
654622,OKALOOSA COUNTY,Wood
464553,OKALOOSA COUNTY,Wood
670821,OKALOOSA COUNTY,Wood
570426,OKALOOSA COUNTY,Wood
362631,OKALOOSA COUNTY,Wood
247880,OKALOOSA COUNTY,Wood
437580,OKALOOSA COUNTY,Wood
252203,OKALOOSA COUNTY,Wood
376260,OKALOOSA COUNTY,Wood
966934,OKALOOSA COUNTY,Wood
472053,OKALOOSA COUNTY,Wood
155170,OKALOOSA COUNTY,Wood
383762,OKALOOSA COUNTY,Wood
311678,OKALOOSA COUNTY,Wood
392740,OKALOOSA COUNTY,Wood
338463,OKALOOSA COUNTY,Wood
742057,OKALOOSA COUNTY,Wood
769118,OKALOOSA COUNTY,Wood
599926,OKALOOSA COUNTY,Wood
422230,OKALOOSA COUNTY,Wood
301651,OKALOOSA COUNTY,Wood
383830,OKALOOSA COUNTY,Wood
163854,OKALOOSA COUNTY,Wood
662565,OKALOOSA COUNTY,Wood
660484,OKALOOSA COUNTY,Wood
617248,OKALOOSA COUNTY,Wood
825861,OKALOOSA COUNTY,Reinforced Masonry
231197,OKALOOSA COUNTY,Wood
916258,OKALOOSA COUNTY,Wood
161758,OKALOOSA COUNTY,Wood
887223,OKALOOSA COUNTY,Wood
383344,OKALOOSA COUNTY,Masonry
459625,OKALOOSA COUNTY,Wood
693149,OKALOOSA COUNTY,Wood
351043,OKALOOSA COUNTY,Wood
844929,WALTON COUNTY,Wood
774573,WALTON COUNTY,Wood
660510,WALTON COUNTY,Wood
112074,WALTON COUNTY,Wood
982904,WALTON COUNTY,Wood
507519,WALTON COUNTY,Steel Frame
532294,WALTON COUNTY,Masonry
835886,WALTON COUNTY,Wood
161671,WALTON COUNTY,Masonry
223349,WALTON COUNTY,Masonry
320534,WALTON COUNTY,Reinforced Masonry
776158,WALTON COUNTY,Masonry
606616,WALTON COUNTY,Wood
812455,WALTON COUNTY,Reinforced Masonry
555701,WALTON COUNTY,Wood
963672,WALTON COUNTY,Wood
137571,WALTON COUNTY,Reinforced Masonry
330767,WALTON COUNTY,Wood
412319,WALTON COUNTY,Wood
240615,WALTON COUNTY,Wood
118770,WALTON COUNTY,Wood
767744,WALTON COUNTY,Wood
167183,WALTON COUNTY,Wood
849883,WALTON COUNTY,Wood
310361,WALTON COUNTY,Wood
650883,WALTON COUNTY,Wood
876881,WALTON COUNTY,Wood
161574,WALTON COUNTY,Wood
593465,WALTON COUNTY,Reinforced Masonry
413972,WALTON COUNTY,Reinforced Masonry
430801,WALTON COUNTY,Wood
542491,WALTON COUNTY,Masonry
141830,WALTON COUNTY,Masonry
913792,WALTON COUNTY,Reinforced Masonry
899387,WALTON COUNTY,Reinforced Masonry
922176,WALTON COUNTY,Masonry
508612,WALTON COUNTY,Masonry
453383,WALTON COUNTY,Masonry
988066,WALTON COUNTY,Masonry
447991,WALTON COUNTY,Masonry
993055,WALTON COUNTY,Wood
322842,WALTON COUNTY,Wood
521572,WALTON COUNTY,Wood
631055,WALTON COUNTY,Wood
321905,WALTON COUNTY,Wood
452162,WALTON COUNTY,Wood
908980,WALTON COUNTY,Wood
890894,WALTON COUNTY,Wood
888700,WALTON COUNTY,Wood
918787,WALTON COUNTY,Wood
457477,WALTON COUNTY,Wood
471375,WALTON COUNTY,Wood
471133,WALTON COUNTY,Wood
354257,WALTON COUNTY,Reinforced Masonry
966598,WALTON COUNTY,Masonry
924670,WALTON COUNTY,Wood
371425,ESCAMBIA COUNTY,Wood
629224,ESCAMBIA COUNTY,Wood
540985,ESCAMBIA COUNTY,Wood
721375,ESCAMBIA COUNTY,Wood
713284,ESCAMBIA COUNTY,Wood
999959,ESCAMBIA COUNTY,Wood
662754,ESCAMBIA COUNTY,Wood
924130,ESCAMBIA COUNTY,Wood
931461,ESCAMBIA COUNTY,Steel Frame
257105,SANTA ROSA COUNTY,Wood
223233,SANTA ROSA COUNTY,Masonry
978076,SANTA ROSA COUNTY,Wood
705587,SANTA ROSA COUNTY,Wood
735129,SANTA ROSA COUNTY,Masonry
224104,SANTA ROSA COUNTY,Wood
986821,ESCAMBIA COUNTY,Reinforced Concrete
513126,ESCAMBIA COUNTY,Masonry
825668,SANTA ROSA COUNTY,Wood
748339,SANTA ROSA COUNTY,Wood
253767,SANTA ROSA COUNTY,Wood
829906,SANTA ROSA COUNTY,Wood
244259,SANTA ROSA COUNTY,Wood
686544,SANTA ROSA COUNTY,Wood
275362,SANTA ROSA COUNTY,Wood
504590,SANTA ROSA COUNTY,Wood
918960,SANTA ROSA COUNTY,Wood
124890,SANTA ROSA COUNTY,Wood
745232,SANTA ROSA COUNTY,Wood
551173,SANTA ROSA COUNTY,Wood
625539,SANTA ROSA COUNTY,Wood
182852,SANTA ROSA COUNTY,Wood
325267,SANTA ROSA COUNTY,Wood
928844,SANTA ROSA COUNTY,Wood
564801,SANTA ROSA COUNTY,Wood
400779,SANTA ROSA COUNTY,Reinforced Concrete
580684,SANTA ROSA COUNTY,Masonry
592817,SANTA ROSA COUNTY,Masonry
734245,SANTA ROSA COUNTY,Wood
166317,SANTA ROSA COUNTY,Wood
238385,SANTA ROSA COUNTY,Wood
100486,SANTA ROSA COUNTY,Masonry
104523,SANTA ROSA COUNTY,Wood
499960,SANTA ROSA COUNTY,Wood
509826,SANTA ROSA COUNTY,Wood
262040,SANTA ROSA COUNTY,Wood
257157,SANTA ROSA COUNTY,Wood
551907,SANTA ROSA COUNTY,Wood
473018,SANTA ROSA COUNTY,Wood
336331,SANTA ROSA COUNTY,Wood
176508,SANTA ROSA COUNTY,Wood
884653,SANTA ROSA COUNTY,Wood
884722,SANTA ROSA COUNTY,Wood
605027,SANTA ROSA COUNTY,Wood
903230,SANTA ROSA COUNTY,Wood
476285,SANTA ROSA COUNTY,Wood
948111,SANTA ROSA COUNTY,Wood
504675,SANTA ROSA COUNTY,Wood
671626,SANTA ROSA COUNTY,Wood
707861,SANTA ROSA COUNTY,Wood
895905,SANTA ROSA COUNTY,Wood
507835,SANTA ROSA COUNTY,Wood
428223,SANTA ROSA COUNTY,Wood
367585,SANTA ROSA COUNTY,Wood
830470,SANTA ROSA COUNTY,Wood
272593,SANTA ROSA COUNTY,Wood
989877,SANTA ROSA COUNTY,Wood
699646,SANTA ROSA COUNTY,Wood
399907,SANTA ROSA COUNTY,Wood
211482,SANTA ROSA COUNTY,Wood
554106,SANTA ROSA COUNTY,Wood
590629,SANTA ROSA COUNTY,Wood
992337,SANTA ROSA COUNTY,Wood
415862,SANTA ROSA COUNTY,Wood
846424,SANTA ROSA COUNTY,Wood
942249,SANTA ROSA COUNTY,Wood
270306,SANTA ROSA COUNTY,Wood
525880,SANTA ROSA COUNTY,Masonry
216978,SANTA ROSA COUNTY,Reinforced Masonry
847119,SANTA ROSA COUNTY,Reinforced Masonry
435108,SANTA ROSA COUNTY,Wood
397388,SANTA ROSA COUNTY,Wood
345366,SANTA ROSA COUNTY,Wood
223060,SANTA ROSA COUNTY,Wood
347262,SANTA ROSA COUNTY,Wood
900540,SANTA ROSA COUNTY,Wood
513661,SANTA ROSA COUNTY,Wood
905359,ESCAMBIA COUNTY,Reinforced Concrete
108901,ESCAMBIA COUNTY,Reinforced Masonry
318268,ESCAMBIA COUNTY,Wood
807301,ESCAMBIA COUNTY,Wood
786635,SANTA ROSA COUNTY,Reinforced Masonry
812938,SANTA ROSA COUNTY,Wood
346494,SANTA ROSA COUNTY,Reinforced Concrete
385437,SANTA ROSA COUNTY,Wood
825088,SANTA ROSA COUNTY,Wood
170378,SANTA ROSA COUNTY,Reinforced Concrete
389374,SANTA ROSA COUNTY,Masonry
129286,SANTA ROSA COUNTY,Wood
907574,SANTA ROSA COUNTY,Wood
735800,SANTA ROSA COUNTY,Wood
115957,SANTA ROSA COUNTY,Wood
421717,SANTA ROSA COUNTY,Wood
112435,SANTA ROSA COUNTY,Wood
110176,SANTA ROSA COUNTY,Wood
836931,SANTA ROSA COUNTY,Wood
189595,SANTA ROSA COUNTY,Wood
990943,SANTA ROSA COUNTY,Wood
736490,SANTA ROSA COUNTY,Wood
531947,SANTA ROSA COUNTY,Wood
611803,SANTA ROSA COUNTY,Wood
760374,SANTA ROSA COUNTY,Wood
388637,SANTA ROSA COUNTY,Wood
218586,SANTA ROSA COUNTY,Wood
762291,SANTA ROSA COUNTY,Wood
988675,SANTA ROSA COUNTY,Wood
541105,SANTA ROSA COUNTY,Wood
170671,SANTA ROSA COUNTY,Wood
240936,SANTA ROSA COUNTY,Wood
626576,SANTA ROSA COUNTY,Wood
879316,SANTA ROSA COUNTY,Wood
710780,SANTA ROSA COUNTY,Wood
745558,SANTA ROSA COUNTY,Wood
317535,SANTA ROSA COUNTY,Wood
207231,SANTA ROSA COUNTY,Wood
439562,SANTA ROSA COUNTY,Wood
824767,SANTA ROSA COUNTY,Wood
860072,SANTA ROSA COUNTY,Wood
206961,SANTA ROSA COUNTY,Wood
868341,SANTA ROSA COUNTY,Wood
680474,SANTA ROSA COUNTY,Wood
428430,SANTA ROSA COUNTY,Reinforced Masonry
215439,SANTA ROSA COUNTY,Masonry
481384,SANTA ROSA COUNTY,Wood
924346,SANTA ROSA COUNTY,Wood
361021,SANTA ROSA COUNTY,Masonry
655610,OKALOOSA COUNTY,Wood
934022,SANTA ROSA COUNTY,Reinforced Masonry
405382,SANTA ROSA COUNTY,Wood
573268,SANTA ROSA COUNTY,Wood
377718,SANTA ROSA COUNTY,Wood
154462,SANTA ROSA COUNTY,Wood
935950,SANTA ROSA COUNTY,Wood
484776,SANTA ROSA COUNTY,Wood
355148,SANTA ROSA COUNTY,Wood
204231,SANTA ROSA COUNTY,Wood
758924,SANTA ROSA COUNTY,Wood
702105,SANTA ROSA COUNTY,Wood
609967,SANTA ROSA COUNTY,Wood
916840,SANTA ROSA COUNTY,Wood
723783,SANTA ROSA COUNTY,Wood
931709,SANTA ROSA COUNTY,Wood
328567,SANTA ROSA COUNTY,Wood
433520,SANTA ROSA COUNTY,Wood
421307,SANTA ROSA COUNTY,Wood
616888,SANTA ROSA COUNTY,Wood
742840,SANTA ROSA COUNTY,Wood
961261,SANTA ROSA COUNTY,Wood
312921,SANTA ROSA COUNTY,Wood
996298,SANTA ROSA COUNTY,Wood
889576,SANTA ROSA COUNTY,Wood
336265,SANTA ROSA COUNTY,Wood
867761,SANTA ROSA COUNTY,Wood
447892,SANTA ROSA COUNTY,Wood
616915,SANTA ROSA COUNTY,Wood
888181,SANTA ROSA COUNTY,Masonry
549952,SANTA ROSA COUNTY,Wood
745622,SANTA ROSA COUNTY,Masonry
674160,SANTA ROSA COUNTY,Wood
291839,SANTA ROSA COUNTY,Wood
587343,SANTA ROSA COUNTY,Wood
410984,SANTA ROSA COUNTY,Wood
444661,SANTA ROSA COUNTY,Wood
268530,SANTA ROSA COUNTY,Wood
824378,SANTA ROSA COUNTY,Wood
831910,SANTA ROSA COUNTY,Wood
160889,SANTA ROSA COUNTY,Wood
852682,SANTA ROSA COUNTY,Wood
318811,SANTA ROSA COUNTY,Wood
356824,SANTA ROSA COUNTY,Wood
635094,SANTA ROSA COUNTY,Wood
299775,SANTA ROSA COUNTY,Wood
241604,SANTA ROSA COUNTY,Wood
574570,SANTA ROSA COUNTY,Wood
663265,SANTA ROSA COUNTY,Wood
876259,SANTA ROSA COUNTY,Wood
339351,SANTA ROSA COUNTY,Wood
522848,SANTA ROSA COUNTY,Wood
410190,SANTA ROSA COUNTY,Wood
955014,SANTA ROSA COUNTY,Wood
691750,SANTA ROSA COUNTY,Wood
487472,SANTA ROSA COUNTY,Wood
553269,SANTA ROSA COUNTY,Wood
754185,SANTA ROSA COUNTY,Wood
319628,SANTA ROSA COUNTY,Wood
163711,SANTA ROSA COUNTY,Wood
201993,SANTA ROSA COUNTY,Wood
200790,SANTA ROSA COUNTY,Wood
246049,SANTA ROSA COUNTY,Wood
948699,SANTA ROSA COUNTY,Wood
350602,SANTA ROSA COUNTY,Wood
481169,SANTA ROSA COUNTY,Wood
702608,SANTA ROSA COUNTY,Wood
536914,SANTA ROSA COUNTY,Wood
368936,SANTA ROSA COUNTY,Masonry
551454,SANTA ROSA COUNTY,Wood
132393,SANTA ROSA COUNTY,Wood
217481,SANTA ROSA COUNTY,Wood
631168,SANTA ROSA COUNTY,Wood
585613,SANTA ROSA COUNTY,Wood
649966,SANTA ROSA COUNTY,Wood
365528,SANTA ROSA COUNTY,Masonry
568720,SANTA ROSA COUNTY,Masonry
221163,SANTA ROSA COUNTY,Wood
229391,SANTA ROSA COUNTY,Wood
343642,SANTA ROSA COUNTY,Wood
441943,SANTA ROSA COUNTY,Wood
185554,SANTA ROSA COUNTY,Wood
351168,SANTA ROSA COUNTY,Wood
241069,SANTA ROSA COUNTY,Wood
179554,SANTA ROSA COUNTY,Wood
844499,SANTA ROSA COUNTY,Wood
664569,SANTA ROSA COUNTY,Wood
198278,SANTA ROSA COUNTY,Wood
199551,SANTA ROSA COUNTY,Wood
484635,SANTA ROSA COUNTY,Wood
409271,SANTA ROSA COUNTY,Wood
394119,SANTA ROSA COUNTY,Wood
494064,SANTA ROSA COUNTY,Wood
963080,SANTA ROSA COUNTY,Wood
430560,SANTA ROSA COUNTY,Wood
465189,SANTA ROSA COUNTY,Wood
628466,SANTA ROSA COUNTY,Wood
516556,SANTA ROSA COUNTY,Wood
553418,SANTA ROSA COUNTY,Wood
966742,SANTA ROSA COUNTY,Wood
512569,SANTA ROSA COUNTY,Wood
898510,SANTA ROSA COUNTY,Reinforced Concrete
424262,SANTA ROSA COUNTY,Wood
224938,SANTA ROSA COUNTY,Wood
820799,SANTA ROSA COUNTY,Wood
394574,SANTA ROSA COUNTY,Wood
726360,SANTA ROSA COUNTY,Wood
206832,SANTA ROSA COUNTY,Wood
474001,SANTA ROSA COUNTY,Wood
233135,SANTA ROSA COUNTY,Masonry
279575,SANTA ROSA COUNTY,Wood
516660,SANTA ROSA COUNTY,Wood
203729,SANTA ROSA COUNTY,Wood
390038,SANTA ROSA COUNTY,Wood
872346,SANTA ROSA COUNTY,Wood
763634,SANTA ROSA COUNTY,Wood
243262,SANTA ROSA COUNTY,Wood
354281,SANTA ROSA COUNTY,Wood
121341,SANTA ROSA COUNTY,Wood
709982,SANTA ROSA COUNTY,Wood
614581,SANTA ROSA COUNTY,Wood
783292,SANTA ROSA COUNTY,Wood
734320,SANTA ROSA COUNTY,Wood
114779,SANTA ROSA COUNTY,Wood
561447,SANTA ROSA COUNTY,Wood
677948,SANTA ROSA COUNTY,Wood
702618,SANTA ROSA COUNTY,Wood
552294,SANTA ROSA COUNTY,Wood
971902,SANTA ROSA COUNTY,Wood
281570,SANTA ROSA COUNTY,Wood
863607,SANTA ROSA COUNTY,Wood
669451,SANTA ROSA COUNTY,Wood
819137,SANTA ROSA COUNTY,Wood
678728,SANTA ROSA COUNTY,Wood
864540,SANTA ROSA COUNTY,Wood
559041,SANTA ROSA COUNTY,Wood
203108,SANTA ROSA COUNTY,Wood
831918,SANTA ROSA COUNTY,Wood
947119,SANTA ROSA COUNTY,Wood
124330,SANTA ROSA COUNTY,Wood
189908,SANTA ROSA COUNTY,Wood
717003,SANTA ROSA COUNTY,Wood
971894,SANTA ROSA COUNTY,Wood
251176,SANTA ROSA COUNTY,Wood
853884,SANTA ROSA COUNTY,Wood
224598,SANTA ROSA COUNTY,Wood
262047,SANTA ROSA COUNTY,Wood
131199,SANTA ROSA COUNTY,Wood
772286,SANTA ROSA COUNTY,Wood
131646,SANTA ROSA COUNTY,Wood
437681,SANTA ROSA COUNTY,Wood
570809,SANTA ROSA COUNTY,Wood
358961,SANTA ROSA COUNTY,Wood
914982,SANTA ROSA COUNTY,Wood
547262,SANTA ROSA COUNTY,Wood
860359,SANTA ROSA COUNTY,Wood
103256,SANTA ROSA COUNTY,Wood
553827,SANTA ROSA COUNTY,Wood
330354,SANTA ROSA COUNTY,Wood
559773,SANTA ROSA COUNTY,Wood
178596,SANTA ROSA COUNTY,Wood
667270,SANTA ROSA COUNTY,Wood
692828,SANTA ROSA COUNTY,Wood
274799,SANTA ROSA COUNTY,Wood
969352,SANTA ROSA COUNTY,Wood
301077,SANTA ROSA COUNTY,Wood
573151,SANTA ROSA COUNTY,Wood
887069,SANTA ROSA COUNTY,Wood
726288,SANTA ROSA COUNTY,Wood
631747,SANTA ROSA COUNTY,Wood
736988,SANTA ROSA COUNTY,Wood
388134,SANTA ROSA COUNTY,Wood
240970,SANTA ROSA COUNTY,Wood
965499,SANTA ROSA COUNTY,Wood
711597,SANTA ROSA COUNTY,Wood
738634,SANTA ROSA COUNTY,Wood
293306,SANTA ROSA COUNTY,Wood
803029,SANTA ROSA COUNTY,Wood
762838,SANTA ROSA COUNTY,Wood
363327,SANTA ROSA COUNTY,Wood
986261,SANTA ROSA COUNTY,Wood
548580,SANTA ROSA COUNTY,Wood
509731,SANTA ROSA COUNTY,Masonry
484834,SANTA ROSA COUNTY,Masonry
122008,SANTA ROSA COUNTY,Masonry
921072,SANTA ROSA COUNTY,Wood
118775,SANTA ROSA COUNTY,Wood
890187,SANTA ROSA COUNTY,Wood
236212,SANTA ROSA COUNTY,Reinforced Masonry
178895,SANTA ROSA COUNTY,Wood
747032,SANTA ROSA COUNTY,Masonry
439901,OKALOOSA COUNTY,Masonry
319811,OKALOOSA COUNTY,Reinforced Masonry
589603,OKALOOSA COUNTY,Wood
423979,OKALOOSA COUNTY,Wood
267496,OKALOOSA COUNTY,Wood
650047,OKALOOSA COUNTY,Wood
208827,OKALOOSA COUNTY,Wood
620122,OKALOOSA COUNTY,Wood
151435,OKALOOSA COUNTY,Wood
205460,OKALOOSA COUNTY,Wood
243233,OKALOOSA COUNTY,Wood
552449,OKALOOSA COUNTY,Wood
220813,OKALOOSA COUNTY,Wood
127639,OKALOOSA COUNTY,Wood
573969,OKALOOSA COUNTY,Wood
575195,OKALOOSA COUNTY,Wood
948265,OKALOOSA COUNTY,Wood
146250,OKALOOSA COUNTY,Wood
759199,OKALOOSA COUNTY,Wood
827727,OKALOOSA COUNTY,Wood
220170,OKALOOSA COUNTY,Wood
244162,OKALOOSA COUNTY,Wood
563935,OKALOOSA COUNTY,Wood
773743,OKALOOSA COUNTY,Wood
201974,OKALOOSA COUNTY,Wood
775396,OKALOOSA COUNTY,Wood
140969,OKALOOSA COUNTY,Wood
604182,OKALOOSA COUNTY,Masonry
184393,WALTON COUNTY,Wood
260035,OKALOOSA COUNTY,Wood
112721,OKALOOSA COUNTY,Wood
284825,OKALOOSA COUNTY,Wood
698550,ESCAMBIA COUNTY,Masonry
870170,ESCAMBIA COUNTY,Wood
655013,ESCAMBIA COUNTY,Wood
596127,ESCAMBIA COUNTY,Wood
352580,ESCAMBIA COUNTY,Wood
664195,ESCAMBIA COUNTY,Wood
335018,ESCAMBIA COUNTY,Wood
597159,ESCAMBIA COUNTY,Wood
640087,ESCAMBIA COUNTY,Wood
838926,ESCAMBIA COUNTY,Wood
134978,ESCAMBIA COUNTY,Wood
579782,ESCAMBIA COUNTY,Wood
231046,ESCAMBIA COUNTY,Wood
558804,OKALOOSA COUNTY,Wood
910469,OKALOOSA COUNTY,Masonry
866798,OKALOOSA COUNTY,Wood
994155,OKALOOSA COUNTY,Reinforced Masonry
679536,OKALOOSA COUNTY,Wood
355407,OKALOOSA COUNTY,Wood
929538,OKALOOSA COUNTY,Wood
251349,OKALOOSA COUNTY,Wood
386365,OKALOOSA COUNTY,Wood
969393,OKALOOSA COUNTY,Wood
280408,OKALOOSA COUNTY,Wood
484058,OKALOOSA COUNTY,Wood
141109,OKALOOSA COUNTY,Wood
818933,OKALOOSA COUNTY,Wood
366141,OKALOOSA COUNTY,Wood
948376,OKALOOSA COUNTY,Wood
399736,OKALOOSA COUNTY,Wood
288448,OKALOOSA COUNTY,Wood
287597,OKALOOSA COUNTY,Reinforced Masonry
490065,OKALOOSA COUNTY,Masonry
441513,OKALOOSA COUNTY,Wood
395611,OKALOOSA COUNTY,Masonry
440499,OKALOOSA COUNTY,Masonry
890860,OKALOOSA COUNTY,Masonry
869342,OKALOOSA COUNTY,Wood
904640,OKALOOSA COUNTY,Wood
686464,OKALOOSA COUNTY,Wood
771245,OKALOOSA COUNTY,Wood
866745,OKALOOSA COUNTY,Wood
875511,OKALOOSA COUNTY,Wood
852906,OKALOOSA COUNTY,Wood
584124,OKALOOSA COUNTY,Wood
334981,OKALOOSA COUNTY,Wood
300570,OKALOOSA COUNTY,Wood
976518,OKALOOSA COUNTY,Masonry
977697,SANTA ROSA COUNTY,Masonry
461166,SANTA ROSA COUNTY,Masonry
228630,SANTA ROSA COUNTY,Masonry
424064,SANTA ROSA COUNTY,Reinforced Masonry
955860,SANTA ROSA COUNTY,Masonry
290061,SANTA ROSA COUNTY,Masonry
613476,SANTA ROSA COUNTY,Wood
725670,SANTA ROSA COUNTY,Wood
475431,SANTA ROSA COUNTY,Wood
896410,SANTA ROSA COUNTY,Wood
828651,SANTA ROSA COUNTY,Wood
220774,SANTA ROSA COUNTY,Wood
690039,SANTA ROSA COUNTY,Wood
861965,SANTA ROSA COUNTY,Masonry
619883,SANTA ROSA COUNTY,Wood
343610,SANTA ROSA COUNTY,Wood
160752,SANTA ROSA COUNTY,Wood
510550,SANTA ROSA COUNTY,Wood
662440,SANTA ROSA COUNTY,Wood
784166,SANTA ROSA COUNTY,Wood
368759,SANTA ROSA COUNTY,Wood
979077,SANTA ROSA COUNTY,Wood
518756,SANTA ROSA COUNTY,Wood
967000,SANTA ROSA COUNTY,Wood
258292,SANTA ROSA COUNTY,Wood
913876,SANTA ROSA COUNTY,Wood
273961,SANTA ROSA COUNTY,Wood
143514,SANTA ROSA COUNTY,Wood
302562,SANTA ROSA COUNTY,Wood
786229,SANTA ROSA COUNTY,Reinforced Concrete
180842,SANTA ROSA COUNTY,Wood
357955,SANTA ROSA COUNTY,Wood
226453,SANTA ROSA COUNTY,Wood
261776,SANTA ROSA COUNTY,Wood
776070,SANTA ROSA COUNTY,Wood
742009,SANTA ROSA COUNTY,Wood
298883,SANTA ROSA COUNTY,Wood
955057,SANTA ROSA COUNTY,Wood
697481,SANTA ROSA COUNTY,Wood
675985,SANTA ROSA COUNTY,Wood
757133,SANTA ROSA COUNTY,Wood
157133,SANTA ROSA COUNTY,Wood
975363,SANTA ROSA COUNTY,Wood
916242,SANTA ROSA COUNTY,Wood
189698,SANTA ROSA COUNTY,Wood
409997,SANTA ROSA COUNTY,Wood
798140,SANTA ROSA COUNTY,Wood
668031,SANTA ROSA COUNTY,Masonry
514466,SANTA ROSA COUNTY,Wood
249902,SANTA ROSA COUNTY,Wood
460585,SANTA ROSA COUNTY,Wood
525525,SANTA ROSA COUNTY,Wood
556240,SANTA ROSA COUNTY,Wood
367742,SANTA ROSA COUNTY,Wood
882050,SANTA ROSA COUNTY,Masonry
242756,SANTA ROSA COUNTY,Wood
253840,SANTA ROSA COUNTY,Wood
684432,SANTA ROSA COUNTY,Wood
494138,SANTA ROSA COUNTY,Wood
622135,SANTA ROSA COUNTY,Wood
777401,SANTA ROSA COUNTY,Wood
764722,SANTA ROSA COUNTY,Wood
806575,SANTA ROSA COUNTY,Wood
788725,SANTA ROSA COUNTY,Wood
858260,SANTA ROSA COUNTY,Wood
406216,SANTA ROSA COUNTY,Wood
517111,SANTA ROSA COUNTY,Wood
334133,SANTA ROSA COUNTY,Wood
954339,SANTA ROSA COUNTY,Wood
573080,SANTA ROSA COUNTY,Wood
221599,SANTA ROSA COUNTY,Wood
622154,SANTA ROSA COUNTY,Wood
784082,SANTA ROSA COUNTY,Wood
210729,SANTA ROSA COUNTY,Wood
626492,SANTA ROSA COUNTY,Wood
477237,SANTA ROSA COUNTY,Wood
222090,SANTA ROSA COUNTY,Wood
268426,SANTA ROSA COUNTY,Wood
376216,SANTA ROSA COUNTY,Wood
627948,SANTA ROSA COUNTY,Wood
886056,SANTA ROSA COUNTY,Wood
940699,SANTA ROSA COUNTY,Reinforced Masonry
871544,SANTA ROSA COUNTY,Wood
740688,SANTA ROSA COUNTY,Wood
832692,SANTA ROSA COUNTY,Masonry
231854,SANTA ROSA COUNTY,Wood
462749,SANTA ROSA COUNTY,Wood
346853,SANTA ROSA COUNTY,Wood
306392,SANTA ROSA COUNTY,Wood
117802,SANTA ROSA COUNTY,Wood
506727,SANTA ROSA COUNTY,Wood
451852,SANTA ROSA COUNTY,Wood
685634,SANTA ROSA COUNTY,Wood
649391,SANTA ROSA COUNTY,Wood
728305,SANTA ROSA COUNTY,Wood
973192,SANTA ROSA COUNTY,Wood
196428,SANTA ROSA COUNTY,Wood
156481,SANTA ROSA COUNTY,Wood
357968,SANTA ROSA COUNTY,Wood
802387,SANTA ROSA COUNTY,Wood
629845,SANTA ROSA COUNTY,Wood
452346,SANTA ROSA COUNTY,Wood
960353,SANTA ROSA COUNTY,Wood
544147,SANTA ROSA COUNTY,Wood
197724,SANTA ROSA COUNTY,Wood
989709,SANTA ROSA COUNTY,Wood
196733,SANTA ROSA COUNTY,Wood
922052,SANTA ROSA COUNTY,Wood
916812,SANTA ROSA COUNTY,Wood
970187,SANTA ROSA COUNTY,Wood
660312,SANTA ROSA COUNTY,Wood
466590,SANTA ROSA COUNTY,Wood
667721,SANTA ROSA COUNTY,Wood
160188,SANTA ROSA COUNTY,Wood
990252,SANTA ROSA COUNTY,Wood
456261,SANTA ROSA COUNTY,Wood
691324,SANTA ROSA COUNTY,Wood
891363,SANTA ROSA COUNTY,Wood
213105,SANTA ROSA COUNTY,Wood
333352,SANTA ROSA COUNTY,Wood
869735,SANTA ROSA COUNTY,Wood
956512,SANTA ROSA COUNTY,Masonry
434327,SANTA ROSA COUNTY,Masonry
286658,SANTA ROSA COUNTY,Masonry
961448,SANTA ROSA COUNTY,Masonry
175028,SANTA ROSA COUNTY,Masonry
289634,SANTA ROSA COUNTY,Masonry
242576,SANTA ROSA COUNTY,Wood
484413,SANTA ROSA COUNTY,Wood
915622,SANTA ROSA COUNTY,Wood
639546,SANTA ROSA COUNTY,Wood
527823,SANTA ROSA COUNTY,Wood
637490,SANTA ROSA COUNTY,Wood
111659,SANTA ROSA COUNTY,Wood
497866,SANTA ROSA COUNTY,Wood
805605,SANTA ROSA COUNTY,Wood
201650,SANTA ROSA COUNTY,Wood
693211,SANTA ROSA COUNTY,Wood
200744,SANTA ROSA COUNTY,Wood
752498,SANTA ROSA COUNTY,Wood
656414,SANTA ROSA COUNTY,Wood
667759,SANTA ROSA COUNTY,Wood
983067,SANTA ROSA COUNTY,Wood
912774,SANTA ROSA COUNTY,Wood
158427,SANTA ROSA COUNTY,Wood
478350,SANTA ROSA COUNTY,Wood
852261,SANTA ROSA COUNTY,Wood
947468,SANTA ROSA COUNTY,Wood
628552,SANTA ROSA COUNTY,Wood
593628,SANTA ROSA COUNTY,Wood
484606,SANTA ROSA COUNTY,Wood
601869,SANTA ROSA COUNTY,Wood
567423,SANTA ROSA COUNTY,Wood
511414,SANTA ROSA COUNTY,Wood
874573,SANTA ROSA COUNTY,Reinforced Concrete
458872,SANTA ROSA COUNTY,Wood
866243,SANTA ROSA COUNTY,Wood
981166,SANTA ROSA COUNTY,Wood
948113,SANTA ROSA COUNTY,Wood
520239,SANTA ROSA COUNTY,Wood
386263,SANTA ROSA COUNTY,Wood
308058,SANTA ROSA COUNTY,Wood
368102,SANTA ROSA COUNTY,Wood
559760,SANTA ROSA COUNTY,Wood
632227,SANTA ROSA COUNTY,Wood
651084,SANTA ROSA COUNTY,Wood
661673,SANTA ROSA COUNTY,Wood
842526,SANTA ROSA COUNTY,Reinforced Masonry
694402,SANTA ROSA COUNTY,Masonry
486965,SANTA ROSA COUNTY,Wood
584909,SANTA ROSA COUNTY,Wood
648996,SANTA ROSA COUNTY,Wood
714015,SANTA ROSA COUNTY,Masonry
913551,SANTA ROSA COUNTY,Masonry
746029,SANTA ROSA COUNTY,Masonry
886330,SANTA ROSA COUNTY,Wood
237176,SANTA ROSA COUNTY,Wood
653521,SANTA ROSA COUNTY,Wood
731891,SANTA ROSA COUNTY,Wood
654376,SANTA ROSA COUNTY,Wood
173666,SANTA ROSA COUNTY,Wood
972388,SANTA ROSA COUNTY,Wood
373252,SANTA ROSA COUNTY,Wood
887337,SANTA ROSA COUNTY,Wood
648990,SANTA ROSA COUNTY,Wood
599960,SANTA ROSA COUNTY,Wood
171918,SANTA ROSA COUNTY,Wood
217587,SANTA ROSA COUNTY,Wood
231099,SANTA ROSA COUNTY,Wood
713806,SANTA ROSA COUNTY,Wood
788238,SANTA ROSA COUNTY,Wood
540556,SANTA ROSA COUNTY,Wood
141531,SANTA ROSA COUNTY,Wood
514459,SANTA ROSA COUNTY,Wood
752964,SANTA ROSA COUNTY,Wood
277531,SANTA ROSA COUNTY,Wood
185400,SANTA ROSA COUNTY,Wood
523308,SANTA ROSA COUNTY,Wood
151125,SANTA ROSA COUNTY,Wood
288479,SANTA ROSA COUNTY,Wood
190458,SANTA ROSA COUNTY,Wood
355733,SANTA ROSA COUNTY,Wood
382245,SANTA ROSA COUNTY,Wood
341119,SANTA ROSA COUNTY,Wood
104872,SANTA ROSA COUNTY,Wood
805904,SANTA ROSA COUNTY,Wood
469448,SANTA ROSA COUNTY,Wood
596275,SANTA ROSA COUNTY,Wood
137252,SANTA ROSA COUNTY,Wood
502640,SANTA ROSA COUNTY,Wood
816299,SANTA ROSA COUNTY,Wood
481489,SANTA ROSA COUNTY,Wood
554179,SANTA ROSA COUNTY,Wood
946244,SANTA ROSA COUNTY,Wood
781798,SANTA ROSA COUNTY,Wood
475342,SANTA ROSA COUNTY,Wood
725123,SANTA ROSA COUNTY,Wood
874324,SANTA ROSA COUNTY,Wood
684878,SANTA ROSA COUNTY,Wood
847413,SANTA ROSA COUNTY,Wood
291589,SANTA ROSA COUNTY,Wood
126027,SANTA ROSA COUNTY,Wood
358078,SANTA ROSA COUNTY,Wood
654643,SANTA ROSA COUNTY,Wood
659077,SANTA ROSA COUNTY,Wood
777773,SANTA ROSA COUNTY,Wood
351262,SANTA ROSA COUNTY,Wood
166785,SANTA ROSA COUNTY,Wood
811502,SANTA ROSA COUNTY,Wood
846396,SANTA ROSA COUNTY,Masonry
444322,SANTA ROSA COUNTY,Wood
916466,SANTA ROSA COUNTY,Masonry
602425,SANTA ROSA COUNTY,Masonry
533510,SANTA ROSA COUNTY,Wood
193799,SANTA ROSA COUNTY,Wood
886375,SANTA ROSA COUNTY,Wood
925834,SANTA ROSA COUNTY,Wood
111353,SANTA ROSA COUNTY,Wood
554375,SANTA ROSA COUNTY,Wood
180724,SANTA ROSA COUNTY,Wood
783784,SANTA ROSA COUNTY,Wood
896262,SANTA ROSA COUNTY,Wood
525268,SANTA ROSA COUNTY,Wood
591006,SANTA ROSA COUNTY,Wood
560226,SANTA ROSA COUNTY,Wood
493154,SANTA ROSA COUNTY,Wood
627631,SANTA ROSA COUNTY,Wood
824169,SANTA ROSA COUNTY,Wood
546704,SANTA ROSA COUNTY,Wood
860909,SANTA ROSA COUNTY,Wood
824699,SANTA ROSA COUNTY,Wood
823864,SANTA ROSA COUNTY,Wood
724946,SANTA ROSA COUNTY,Wood
632467,SANTA ROSA COUNTY,Wood
835150,SANTA ROSA COUNTY,Wood
434782,SANTA ROSA COUNTY,Wood
540338,SANTA ROSA COUNTY,Wood
282458,SANTA ROSA COUNTY,Wood
945343,SANTA ROSA COUNTY,Wood
219103,SANTA ROSA COUNTY,Wood
812907,SANTA ROSA COUNTY,Wood
517545,SANTA ROSA COUNTY,Wood
907461,SANTA ROSA COUNTY,Wood
307462,SANTA ROSA COUNTY,Wood
914373,SANTA ROSA COUNTY,Wood
987568,SANTA ROSA COUNTY,Wood
227520,SANTA ROSA COUNTY,Wood
102824,SANTA ROSA COUNTY,Wood
960156,SANTA ROSA COUNTY,Wood
916829,SANTA ROSA COUNTY,Wood
325337,SANTA ROSA COUNTY,Wood
852883,SANTA ROSA COUNTY,Wood
656735,SANTA ROSA COUNTY,Wood
417812,SANTA ROSA COUNTY,Masonry
559764,SANTA ROSA COUNTY,Wood
877482,SANTA ROSA COUNTY,Wood
515026,SANTA ROSA COUNTY,Wood
671910,SANTA ROSA COUNTY,Wood
911022,SANTA ROSA COUNTY,Wood
480561,SANTA ROSA COUNTY,Wood
455129,SANTA ROSA COUNTY,Wood
792792,SANTA ROSA COUNTY,Wood
326910,SANTA ROSA COUNTY,Wood
510594,SANTA ROSA COUNTY,Wood
835923,SANTA ROSA COUNTY,Wood
648614,SANTA ROSA COUNTY,Wood
526875,SANTA ROSA COUNTY,Wood
264790,SANTA ROSA COUNTY,Wood
918810,SANTA ROSA COUNTY,Masonry
101011,SANTA ROSA COUNTY,Wood
410814,SANTA ROSA COUNTY,Wood
603380,SANTA ROSA COUNTY,Masonry
914101,SANTA ROSA COUNTY,Wood
864444,SANTA ROSA COUNTY,Masonry
963420,SANTA ROSA COUNTY,Wood
880426,SANTA ROSA COUNTY,Wood
682716,SANTA ROSA COUNTY,Wood
220264,SANTA ROSA COUNTY,Wood
922145,SANTA ROSA COUNTY,Wood
612003,SANTA ROSA COUNTY,Wood
965764,SANTA ROSA COUNTY,Wood
781819,SANTA ROSA COUNTY,Wood
286117,SANTA ROSA COUNTY,Masonry
936433,SANTA ROSA COUNTY,Wood
402008,SANTA ROSA COUNTY,Wood
786515,SANTA ROSA COUNTY,Wood
687866,SANTA ROSA COUNTY,Wood
372998,SANTA ROSA COUNTY,Wood
605047,SANTA ROSA COUNTY,Wood
292392,SANTA ROSA COUNTY,Wood
931948,SANTA ROSA COUNTY,Wood
728007,SANTA ROSA COUNTY,Wood
312832,SANTA ROSA COUNTY,Reinforced Masonry
935181,SANTA ROSA COUNTY,Wood
573518,SANTA ROSA COUNTY,Reinforced Masonry
133076,SANTA ROSA COUNTY,Masonry
367340,SANTA ROSA COUNTY,Masonry
206897,SANTA ROSA COUNTY,Wood
261961,SANTA ROSA COUNTY,Masonry
104146,SANTA ROSA COUNTY,Wood
219971,SANTA ROSA COUNTY,Masonry
473040,SANTA ROSA COUNTY,Masonry
194464,SANTA ROSA COUNTY,Masonry
776152,SANTA ROSA COUNTY,Wood
213192,SANTA ROSA COUNTY,Wood
795400,SANTA ROSA COUNTY,Wood
475971,SANTA ROSA COUNTY,Masonry
813395,SANTA ROSA COUNTY,Wood
300000,SANTA ROSA COUNTY,Masonry
484268,SANTA ROSA COUNTY,Wood
388821,SANTA ROSA COUNTY,Wood
777226,SANTA ROSA COUNTY,Wood
102704,SANTA ROSA COUNTY,Masonry
956155,SANTA ROSA COUNTY,Reinforced Masonry
393305,SANTA ROSA COUNTY,Steel Frame
739747,SANTA ROSA COUNTY,Wood
668705,SANTA ROSA COUNTY,Masonry
553581,SANTA ROSA COUNTY,Wood
706527,SANTA ROSA COUNTY,Wood
167845,SANTA ROSA COUNTY,Wood
398702,SANTA ROSA COUNTY,Wood
530021,SANTA ROSA COUNTY,Wood
524990,SANTA ROSA COUNTY,Wood
607816,SANTA ROSA COUNTY,Wood
356393,SANTA ROSA COUNTY,Wood
790980,SANTA ROSA COUNTY,Wood
956147,SANTA ROSA COUNTY,Wood
521788,SANTA ROSA COUNTY,Wood
791808,SANTA ROSA COUNTY,Wood
596304,SANTA ROSA COUNTY,Wood
192308,SANTA ROSA COUNTY,Wood
326129,SANTA ROSA COUNTY,Wood
384473,SANTA ROSA COUNTY,Wood
646717,SANTA ROSA COUNTY,Wood
334269,SANTA ROSA COUNTY,Wood
695891,SANTA ROSA COUNTY,Wood
733041,SANTA ROSA COUNTY,Wood
619336,SANTA ROSA COUNTY,Wood
448852,SANTA ROSA COUNTY,Wood
180291,SANTA ROSA COUNTY,Wood
525561,SANTA ROSA COUNTY,Reinforced Masonry
810634,SANTA ROSA COUNTY,Reinforced Masonry
234832,SANTA ROSA COUNTY,Masonry
632920,SANTA ROSA COUNTY,Wood
526271,SANTA ROSA COUNTY,Wood
153859,SANTA ROSA COUNTY,Masonry
207815,SANTA ROSA COUNTY,Masonry
234424,SANTA ROSA COUNTY,Wood
803935,SANTA ROSA COUNTY,Wood
810487,SANTA ROSA COUNTY,Wood
670556,SANTA ROSA COUNTY,Wood
912875,SANTA ROSA COUNTY,Wood
997386,SANTA ROSA COUNTY,Wood
262122,SANTA ROSA COUNTY,Wood
600159,SANTA ROSA COUNTY,Wood
909669,SANTA ROSA COUNTY,Wood
915246,SANTA ROSA COUNTY,Wood
687124,SANTA ROSA COUNTY,Wood
395949,SANTA ROSA COUNTY,Wood
191823,SANTA ROSA COUNTY,Wood
560157,SANTA ROSA COUNTY,Wood
532762,SANTA ROSA COUNTY,Wood
640576,SANTA ROSA COUNTY,Wood
551112,SANTA ROSA COUNTY,Wood
850776,SANTA ROSA COUNTY,Wood
193295,SANTA ROSA COUNTY,Wood
865528,SANTA ROSA COUNTY,Wood
468474,SANTA ROSA COUNTY,Wood
663329,SANTA ROSA COUNTY,Wood
739572,SANTA ROSA COUNTY,Wood
399640,SANTA ROSA COUNTY,Wood
297720,SANTA ROSA COUNTY,Wood
959210,SANTA ROSA COUNTY,Wood
505093,SANTA ROSA COUNTY,Wood
975723,SANTA ROSA COUNTY,Wood
789620,SANTA ROSA COUNTY,Wood
170890,SANTA ROSA COUNTY,Wood
959312,SANTA ROSA COUNTY,Wood
454558,SANTA ROSA COUNTY,Wood
392368,SANTA ROSA COUNTY,Wood
591461,SANTA ROSA COUNTY,Wood
903652,SANTA ROSA COUNTY,Wood
459577,SANTA ROSA COUNTY,Wood
986176,SANTA ROSA COUNTY,Wood
981429,SANTA ROSA COUNTY,Wood
758732,SANTA ROSA COUNTY,Wood
191882,SANTA ROSA COUNTY,Wood
388923,SANTA ROSA COUNTY,Wood
350404,SANTA ROSA COUNTY,Wood
777076,SANTA ROSA COUNTY,Wood
285861,SANTA ROSA COUNTY,Wood
353159,SANTA ROSA COUNTY,Wood
976511,SANTA ROSA COUNTY,Wood
841424,SANTA ROSA COUNTY,Wood
991031,SANTA ROSA COUNTY,Wood
290176,SANTA ROSA COUNTY,Wood
486230,SANTA ROSA COUNTY,Wood
107435,SANTA ROSA COUNTY,Wood
980784,SANTA ROSA COUNTY,Wood
294545,SANTA ROSA COUNTY,Wood
300248,SANTA ROSA COUNTY,Wood
378427,SANTA ROSA COUNTY,Wood
488606,SANTA ROSA COUNTY,Wood
648189,SANTA ROSA COUNTY,Wood
110804,SANTA ROSA COUNTY,Wood
931243,SANTA ROSA COUNTY,Wood
953845,SANTA ROSA COUNTY,Wood
536433,SANTA ROSA COUNTY,Wood
857669,SANTA ROSA COUNTY,Wood
349503,SANTA ROSA COUNTY,Wood
573523,SANTA ROSA COUNTY,Reinforced Concrete
569452,SANTA ROSA COUNTY,Wood
795622,SANTA ROSA COUNTY,Wood
404160,SANTA ROSA COUNTY,Wood
756137,SANTA ROSA COUNTY,Wood
576412,SANTA ROSA COUNTY,Wood
311096,SANTA ROSA COUNTY,Wood
670818,SANTA ROSA COUNTY,Wood
848738,SANTA ROSA COUNTY,Wood
509871,SANTA ROSA COUNTY,Wood
473882,SANTA ROSA COUNTY,Wood
627214,SANTA ROSA COUNTY,Wood
825428,SANTA ROSA COUNTY,Wood
471165,SANTA ROSA COUNTY,Wood
908252,SANTA ROSA COUNTY,Wood
392837,SANTA ROSA COUNTY,Wood
561746,SANTA ROSA COUNTY,Wood
802356,SANTA ROSA COUNTY,Wood
298240,SANTA ROSA COUNTY,Wood
696593,SANTA ROSA COUNTY,Wood
121792,SANTA ROSA COUNTY,Wood
509409,SANTA ROSA COUNTY,Wood
116039,SANTA ROSA COUNTY,Wood
211219,SANTA ROSA COUNTY,Wood
685946,SANTA ROSA COUNTY,Wood
398212,SANTA ROSA COUNTY,Wood
946459,SANTA ROSA COUNTY,Wood
423809,SANTA ROSA COUNTY,Wood
807639,SANTA ROSA COUNTY,Wood
506516,SANTA ROSA COUNTY,Wood
291241,SANTA ROSA COUNTY,Wood
321797,SANTA ROSA COUNTY,Wood
157277,SANTA ROSA COUNTY,Wood
126880,SANTA ROSA COUNTY,Wood
994642,SANTA ROSA COUNTY,Wood
909635,SANTA ROSA COUNTY,Wood
547255,SANTA ROSA COUNTY,Wood
320892,SANTA ROSA COUNTY,Wood
172125,SANTA ROSA COUNTY,Wood
399607,SANTA ROSA COUNTY,Wood
695506,SANTA ROSA COUNTY,Wood
358427,SANTA ROSA COUNTY,Wood
109132,SANTA ROSA COUNTY,Wood
278163,SANTA ROSA COUNTY,Wood
139831,SANTA ROSA COUNTY,Wood
906640,SANTA ROSA COUNTY,Wood
683169,SANTA ROSA COUNTY,Wood
864607,SANTA ROSA COUNTY,Wood
331363,SANTA ROSA COUNTY,Wood
134435,SANTA ROSA COUNTY,Wood
755865,SANTA ROSA COUNTY,Wood
624515,SANTA ROSA COUNTY,Reinforced Concrete
717944,SANTA ROSA COUNTY,Masonry
391459,SANTA ROSA COUNTY,Masonry
544036,SANTA ROSA COUNTY,Reinforced Concrete
659457,SANTA ROSA COUNTY,Reinforced Masonry
791236,SANTA ROSA COUNTY,Masonry
787166,SANTA ROSA COUNTY,Wood
865920,OKALOOSA COUNTY,Masonry
628535,OKALOOSA COUNTY,Reinforced Masonry
150950,OKALOOSA COUNTY,Reinforced Masonry
877473,OKALOOSA COUNTY,Wood
526048,OKALOOSA COUNTY,Wood
862379,OKALOOSA COUNTY,Wood
404252,OKALOOSA COUNTY,Wood
825493,OKALOOSA COUNTY,Reinforced Masonry
906003,OKALOOSA COUNTY,Reinforced Masonry
893163,OKALOOSA COUNTY,Masonry
184460,OKALOOSA COUNTY,Masonry
187517,OKALOOSA COUNTY,Masonry
328516,OKALOOSA COUNTY,Masonry
501153,OKALOOSA COUNTY,Wood
783760,OKALOOSA COUNTY,Wood
330663,OKALOOSA COUNTY,Wood
200656,OKALOOSA COUNTY,Wood
502150,OKALOOSA COUNTY,Wood
327799,OKALOOSA COUNTY,Masonry
145044,OKALOOSA COUNTY,Wood
193568,OKALOOSA COUNTY,Wood
867203,OKALOOSA COUNTY,Wood
111787,OKALOOSA COUNTY,Wood
145798,OKALOOSA COUNTY,Masonry
240741,OKALOOSA COUNTY,Reinforced Masonry
145630,OKALOOSA COUNTY,Reinforced Masonry
442809,OKALOOSA COUNTY,Wood
792743,OKALOOSA COUNTY,Wood
326350,OKALOOSA COUNTY,Wood
154223,OKALOOSA COUNTY,Wood
295811,OKALOOSA COUNTY,Wood
604119,OKALOOSA COUNTY,Wood
361864,OKALOOSA COUNTY,Wood
138291,OKALOOSA COUNTY,Wood
529869,OKALOOSA COUNTY,Wood
767791,OKALOOSA COUNTY,Wood
841775,OKALOOSA COUNTY,Wood
959269,OKALOOSA COUNTY,Wood
750566,OKALOOSA COUNTY,Wood
783304,OKALOOSA COUNTY,Wood
946777,OKALOOSA COUNTY,Wood
873761,OKALOOSA COUNTY,Wood
932438,OKALOOSA COUNTY,Wood
632141,OKALOOSA COUNTY,Wood
478955,OKALOOSA COUNTY,Wood
710560,OKALOOSA COUNTY,Wood
875217,OKALOOSA COUNTY,Wood
842350,OKALOOSA COUNTY,Wood
228846,OKALOOSA COUNTY,Wood
895297,OKALOOSA COUNTY,Wood
870003,OKALOOSA COUNTY,Wood
420511,OKALOOSA COUNTY,Wood
435132,OKALOOSA COUNTY,Wood
925639,OKALOOSA COUNTY,Wood
969614,OKALOOSA COUNTY,Wood
721865,OKALOOSA COUNTY,Wood
547627,OKALOOSA COUNTY,Wood
355629,OKALOOSA COUNTY,Wood
246859,OKALOOSA COUNTY,Wood
957372,OKALOOSA COUNTY,Wood
747095,OKALOOSA COUNTY,Wood
210184,OKALOOSA COUNTY,Wood
987414,OKALOOSA COUNTY,Wood
254297,OKALOOSA COUNTY,Wood
553584,OKALOOSA COUNTY,Wood
912207,OKALOOSA COUNTY,Wood
665048,OKALOOSA COUNTY,Reinforced Masonry
615564,OKALOOSA COUNTY,Masonry
476218,OKALOOSA COUNTY,Wood
885049,OKALOOSA COUNTY,Wood
238247,OKALOOSA COUNTY,Wood
350036,OKALOOSA COUNTY,Wood
320422,OKALOOSA COUNTY,Wood
846222,OKALOOSA COUNTY,Wood
957757,OKALOOSA COUNTY,Wood
205007,OKALOOSA COUNTY,Wood
233730,OKALOOSA COUNTY,Wood
109930,OKALOOSA COUNTY,Wood
682132,OKALOOSA COUNTY,Wood
640718,OKALOOSA COUNTY,Wood
993230,OKALOOSA COUNTY,Wood
120989,OKALOOSA COUNTY,Wood
683575,OKALOOSA COUNTY,Wood
458202,OKALOOSA COUNTY,Wood
229864,OKALOOSA COUNTY,Wood
526442,OKALOOSA COUNTY,Wood
954993,OKALOOSA COUNTY,Wood
141726,OKALOOSA COUNTY,Wood
856226,OKALOOSA COUNTY,Wood
580983,OKALOOSA COUNTY,Wood
670848,OKALOOSA COUNTY,Wood
685016,OKALOOSA COUNTY,Wood
490498,OKALOOSA COUNTY,Wood
451327,OKALOOSA COUNTY,Wood
669571,OKALOOSA COUNTY,Wood
649831,OKALOOSA COUNTY,Wood
318731,OKALOOSA COUNTY,Wood
858473,OKALOOSA COUNTY,Wood
368650,OKALOOSA COUNTY,Wood
298341,OKALOOSA COUNTY,Wood
498305,OKALOOSA COUNTY,Wood
131042,OKALOOSA COUNTY,Wood
804314,OKALOOSA COUNTY,Wood
275886,OKALOOSA COUNTY,Wood
946547,OKALOOSA COUNTY,Wood
772949,OKALOOSA COUNTY,Masonry
106553,OKALOOSA COUNTY,Masonry
637432,OKALOOSA COUNTY,Wood
909959,OKALOOSA COUNTY,Wood
641958,OKALOOSA COUNTY,Wood
720427,OKALOOSA COUNTY,Wood
229242,OKALOOSA COUNTY,Wood
524247,OKALOOSA COUNTY,Wood
645258,OKALOOSA COUNTY,Wood
782534,OKALOOSA COUNTY,Wood
338884,OKALOOSA COUNTY,Wood
404209,OKALOOSA COUNTY,Wood
340958,OKALOOSA COUNTY,Wood
578926,OKALOOSA COUNTY,Wood
840957,OKALOOSA COUNTY,Wood
300291,OKALOOSA COUNTY,Wood
850100,OKALOOSA COUNTY,Wood
783870,OKALOOSA COUNTY,Wood
343364,OKALOOSA COUNTY,Wood
849425,OKALOOSA COUNTY,Wood
149285,OKALOOSA COUNTY,Wood
760937,OKALOOSA COUNTY,Wood
778232,OKALOOSA COUNTY,Wood
298769,OKALOOSA COUNTY,Wood
539301,WALTON COUNTY,Reinforced Concrete
206928,WALTON COUNTY,Wood
942915,WALTON COUNTY,Wood
621915,WALTON COUNTY,Wood
940778,WALTON COUNTY,Wood
844233,WALTON COUNTY,Wood
801013,WALTON COUNTY,Wood
910900,WALTON COUNTY,Wood
532590,WALTON COUNTY,Wood
974852,WALTON COUNTY,Wood
495104,WALTON COUNTY,Wood
549843,WALTON COUNTY,Wood
910583,WALTON COUNTY,Wood
100403,WALTON COUNTY,Wood
557147,WALTON COUNTY,Wood
748799,OKALOOSA COUNTY,Wood
475195,OKALOOSA COUNTY,Wood
481876,OKALOOSA COUNTY,Wood
331854,OKALOOSA COUNTY,Wood
918906,OKALOOSA COUNTY,Wood
195300,OKALOOSA COUNTY,Wood
764505,OKALOOSA COUNTY,Wood
328062,OKALOOSA COUNTY,Wood
395337,OKALOOSA COUNTY,Wood
634509,OKALOOSA COUNTY,Wood
360378,OKALOOSA COUNTY,Wood
455587,OKALOOSA COUNTY,Wood
846769,OKALOOSA COUNTY,Wood
624848,OKALOOSA COUNTY,Wood
509268,OKALOOSA COUNTY,Wood
439158,OKALOOSA COUNTY,Wood
626346,OKALOOSA COUNTY,Wood
351176,OKALOOSA COUNTY,Wood
336501,OKALOOSA COUNTY,Wood
256242,OKALOOSA COUNTY,Wood
452440,OKALOOSA COUNTY,Wood
148006,OKALOOSA COUNTY,Wood
916929,OKALOOSA COUNTY,Wood
186361,OKALOOSA COUNTY,Wood
229477,OKALOOSA COUNTY,Wood
432963,OKALOOSA COUNTY,Wood
625563,OKALOOSA COUNTY,Wood
990474,OKALOOSA COUNTY,Wood
345118,OKALOOSA COUNTY,Wood
898561,OKALOOSA COUNTY,Wood
922769,OKALOOSA COUNTY,Wood
344207,OKALOOSA COUNTY,Wood
597755,OKALOOSA COUNTY,Wood
153304,OKALOOSA COUNTY,Wood
431241,OKALOOSA COUNTY,Wood
276728,OKALOOSA COUNTY,Wood
202954,OKALOOSA COUNTY,Wood
531599,OKALOOSA COUNTY,Wood
909063,OKALOOSA COUNTY,Wood
825464,OKALOOSA COUNTY,Wood
971650,OKALOOSA COUNTY,Wood
982905,OKALOOSA COUNTY,Wood
609786,OKALOOSA COUNTY,Wood
170948,OKALOOSA COUNTY,Wood
354481,OKALOOSA COUNTY,Wood
827417,OKALOOSA COUNTY,Wood
376889,OKALOOSA COUNTY,Wood
132030,OKALOOSA COUNTY,Masonry
421049,OKALOOSA COUNTY,Wood
615625,OKALOOSA COUNTY,Masonry
117523,OKALOOSA COUNTY,Wood
947811,OKALOOSA COUNTY,Wood
794964,OKALOOSA COUNTY,Wood
512239,OKALOOSA COUNTY,Wood
580809,OKALOOSA COUNTY,Wood
437739,OKALOOSA COUNTY,Wood
735790,OKALOOSA COUNTY,Wood
944568,OKALOOSA COUNTY,Wood
226778,OKALOOSA COUNTY,Wood
403345,OKALOOSA COUNTY,Wood
474875,OKALOOSA COUNTY,Wood
309069,OKALOOSA COUNTY,Wood
796808,OKALOOSA COUNTY,Wood
231513,OKALOOSA COUNTY,Wood
931748,OKALOOSA COUNTY,Wood
593075,OKALOOSA COUNTY,Wood
234224,OKALOOSA COUNTY,Wood
226313,OKALOOSA COUNTY,Wood
397411,OKALOOSA COUNTY,Wood
284344,OKALOOSA COUNTY,Wood
271324,OKALOOSA COUNTY,Wood
546950,OKALOOSA COUNTY,Wood
465909,OKALOOSA COUNTY,Wood
141250,OKALOOSA COUNTY,Wood
834837,OKALOOSA COUNTY,Wood
554495,OKALOOSA COUNTY,Masonry
130387,OKALOOSA COUNTY,Masonry
501303,OKALOOSA COUNTY,Reinforced Masonry
153902,OKALOOSA COUNTY,Wood
386789,OKALOOSA COUNTY,Wood
396529,OKALOOSA COUNTY,Reinforced Masonry
558908,OKALOOSA COUNTY,Wood
975746,OKALOOSA COUNTY,Wood
530186,OKALOOSA COUNTY,Wood
526245,OKALOOSA COUNTY,Masonry
567522,OKALOOSA COUNTY,Masonry
815637,OKALOOSA COUNTY,Masonry
313891,OKALOOSA COUNTY,Wood
437959,OKALOOSA COUNTY,Wood
775498,OKALOOSA COUNTY,Masonry
124389,OKALOOSA COUNTY,Wood
864943,OKALOOSA COUNTY,Wood
117047,OKALOOSA COUNTY,Wood
309855,OKALOOSA COUNTY,Wood
495763,OKALOOSA COUNTY,Wood
535340,OKALOOSA COUNTY,Wood
718948,OKALOOSA COUNTY,Wood
348792,OKALOOSA COUNTY,Reinforced Masonry
694140,OKALOOSA COUNTY,Wood
341797,OKALOOSA COUNTY,Wood
967963,OKALOOSA COUNTY,Wood
285633,OKALOOSA COUNTY,Wood
274087,OKALOOSA COUNTY,Wood
559918,OKALOOSA COUNTY,Wood
736025,OKALOOSA COUNTY,Wood
284309,OKALOOSA COUNTY,Wood
869349,OKALOOSA COUNTY,Wood
873782,OKALOOSA COUNTY,Wood
279205,OKALOOSA COUNTY,Wood
496127,OKALOOSA COUNTY,Wood
514607,OKALOOSA COUNTY,Wood
162081,OKALOOSA COUNTY,Wood
159824,OKALOOSA COUNTY,Wood
493968,OKALOOSA COUNTY,Wood
945743,OKALOOSA COUNTY,Wood
760775,OKALOOSA COUNTY,Wood
102971,OKALOOSA COUNTY,Reinforced Masonry
147230,OKALOOSA COUNTY,Masonry
614300,OKALOOSA COUNTY,Wood
474818,OKALOOSA COUNTY,Wood
821986,OKALOOSA COUNTY,Wood
943749,OKALOOSA COUNTY,Wood
677949,OKALOOSA COUNTY,Wood
907228,OKALOOSA COUNTY,Wood
760845,OKALOOSA COUNTY,Wood
507459,OKALOOSA COUNTY,Wood
152624,OKALOOSA COUNTY,Wood
415469,OKALOOSA COUNTY,Wood
535785,OKALOOSA COUNTY,Wood
129728,OKALOOSA COUNTY,Wood
150788,OKALOOSA COUNTY,Wood
477404,OKALOOSA COUNTY,Wood
694132,OKALOOSA COUNTY,Wood
486824,OKALOOSA COUNTY,Wood
358321,OKALOOSA COUNTY,Masonry
995734,OKALOOSA COUNTY,Masonry
958972,OKALOOSA COUNTY,Masonry
834182,OKALOOSA COUNTY,Wood
732255,SANTA ROSA COUNTY,Wood
645389,SANTA ROSA COUNTY,Wood
381050,SANTA ROSA COUNTY,Wood
643586,SANTA ROSA COUNTY,Wood
435384,SANTA ROSA COUNTY,Wood
195444,SANTA ROSA COUNTY,Wood
996247,SANTA ROSA COUNTY,Wood
880785,SANTA ROSA COUNTY,Wood
392208,SANTA ROSA COUNTY,Wood
870582,SANTA ROSA COUNTY,Wood
404046,SANTA ROSA COUNTY,Wood
208920,SANTA ROSA COUNTY,Wood
174960,SANTA ROSA COUNTY,Wood
176974,SANTA ROSA COUNTY,Wood
515568,SANTA ROSA COUNTY,Reinforced Concrete
140532,SANTA ROSA COUNTY,Masonry
355026,SANTA ROSA COUNTY,Wood
205320,SANTA ROSA COUNTY,Wood
310228,SANTA ROSA COUNTY,Wood
774425,SANTA ROSA COUNTY,Wood
235570,SANTA ROSA COUNTY,Wood
906680,SANTA ROSA COUNTY,Wood
174861,SANTA ROSA COUNTY,Wood
846136,SANTA ROSA COUNTY,Masonry
922695,SANTA ROSA COUNTY,Wood
364052,SANTA ROSA COUNTY,Wood
407700,SANTA ROSA COUNTY,Wood
851762,SANTA ROSA COUNTY,Wood
269363,SANTA ROSA COUNTY,Wood
669448,SANTA ROSA COUNTY,Wood
308466,SANTA ROSA COUNTY,Wood
480277,SANTA ROSA COUNTY,Wood
442523,SANTA ROSA COUNTY,Wood
416225,SANTA ROSA COUNTY,Wood
532636,SANTA ROSA COUNTY,Wood
474970,SANTA ROSA COUNTY,Wood
798116,SANTA ROSA COUNTY,Wood
553486,SANTA ROSA COUNTY,Wood
608607,SANTA ROSA COUNTY,Wood
548484,SANTA ROSA COUNTY,Wood
179639,SANTA ROSA COUNTY,Wood
178352,ESCAMBIA COUNTY,Wood
960418,ALACHUA COUNTY,Masonry
483647,ALACHUA COUNTY,Masonry
615347,ALACHUA COUNTY,Wood
328237,ALACHUA COUNTY,Wood
995149,ALACHUA COUNTY,Reinforced Masonry
226372,ALACHUA COUNTY,Reinforced Masonry
721898,ALACHUA COUNTY,Reinforced Masonry
683939,ALACHUA COUNTY,Masonry
654831,ALACHUA COUNTY,Masonry
917542,ALACHUA COUNTY,Wood
516711,ALACHUA COUNTY,Wood
647100,ALACHUA COUNTY,Wood
762166,ALACHUA COUNTY,Wood
990679,ALACHUA COUNTY,Wood
477443,ALACHUA COUNTY,Wood
169864,ALACHUA COUNTY,Wood
341239,ALACHUA COUNTY,Wood
199916,ALACHUA COUNTY,Wood
577601,ALACHUA COUNTY,Wood
921124,ALACHUA COUNTY,Wood
975294,ALACHUA COUNTY,Wood
737759,ALACHUA COUNTY,Wood
648728,ALACHUA COUNTY,Wood
523443,ALACHUA COUNTY,Masonry
427213,ALACHUA COUNTY,Wood
291887,ALACHUA COUNTY,Wood
965097,ALACHUA COUNTY,Masonry
439465,ALACHUA COUNTY,Masonry
922270,ALACHUA COUNTY,Reinforced Masonry
465003,ALACHUA COUNTY,Reinforced Masonry
886578,ALACHUA COUNTY,Wood
186520,ALACHUA COUNTY,Masonry
875607,ALACHUA COUNTY,Wood
749897,ALACHUA COUNTY,Masonry
329371,ALACHUA COUNTY,Masonry
623029,ALACHUA COUNTY,Masonry
497320,ALACHUA COUNTY,Reinforced Masonry
852161,ALACHUA COUNTY,Wood
306813,ALACHUA COUNTY,Wood
762302,ALACHUA COUNTY,Wood
889890,ALACHUA COUNTY,Wood
705918,ALACHUA COUNTY,Reinforced Masonry
890870,ALACHUA COUNTY,Wood
913330,ALACHUA COUNTY,Masonry
149875,ALACHUA COUNTY,Wood
565831,ALACHUA COUNTY,Wood
419422,ALACHUA COUNTY,Wood
891381,ALACHUA COUNTY,Masonry
430681,ALACHUA COUNTY,Reinforced Concrete
958059,ALACHUA COUNTY,Reinforced Concrete
359966,ALACHUA COUNTY,Reinforced Masonry
962361,ALACHUA COUNTY,Reinforced Masonry
754300,ALACHUA COUNTY,Wood
634380,ALACHUA COUNTY,Wood
151809,ALACHUA COUNTY,Wood
787153,ALACHUA COUNTY,Wood
349661,ALACHUA COUNTY,Wood
698325,ALACHUA COUNTY,Wood
123476,ALACHUA COUNTY,Wood
167040,ALACHUA COUNTY,Wood
990587,ALACHUA COUNTY,Wood
810886,ALACHUA COUNTY,Wood
584029,ALACHUA COUNTY,Wood
675911,ALACHUA COUNTY,Wood
232888,ALACHUA COUNTY,Wood
396806,ALACHUA COUNTY,Wood
974212,ALACHUA COUNTY,Wood
873959,ALACHUA COUNTY,Wood
388226,ALACHUA COUNTY,Wood
742214,ALACHUA COUNTY,Wood
646266,ALACHUA COUNTY,Wood
409880,ALACHUA COUNTY,Wood
792471,ALACHUA COUNTY,Wood
769724,ALACHUA COUNTY,Wood
441177,ALACHUA COUNTY,Wood
264124,ALACHUA COUNTY,Wood
494493,ALACHUA COUNTY,Wood
972124,ALACHUA COUNTY,Wood
566824,ALACHUA COUNTY,Wood
576161,ALACHUA COUNTY,Wood
641911,ALACHUA COUNTY,Wood
281183,ALACHUA COUNTY,Wood
549182,ALACHUA COUNTY,Wood
178648,ALACHUA COUNTY,Reinforced Masonry
341590,ALACHUA COUNTY,Wood
698723,ALACHUA COUNTY,Reinforced Masonry
140122,ALACHUA COUNTY,Wood
788507,ALACHUA COUNTY,Wood
583384,ALACHUA COUNTY,Masonry
864721,ALACHUA COUNTY,Wood
425792,ALACHUA COUNTY,Masonry
288641,ALACHUA COUNTY,Masonry
135751,ALACHUA COUNTY,Wood
929316,ALACHUA COUNTY,Wood
661407,ALACHUA COUNTY,Wood
354337,ALACHUA COUNTY,Wood
408695,ALACHUA COUNTY,Wood
146577,ALACHUA COUNTY,Wood
671832,ALACHUA COUNTY,Wood
518922,ALACHUA COUNTY,Wood
257977,ALACHUA COUNTY,Wood
272736,ALACHUA COUNTY,Masonry
173417,ALACHUA COUNTY,Wood
282732,ALACHUA COUNTY,Wood
882954,ALACHUA COUNTY,Wood
972609,ALACHUA COUNTY,Wood
842548,ALACHUA COUNTY,Wood
569513,ALACHUA COUNTY,Wood
763515,ALACHUA COUNTY,Wood
946725,ALACHUA COUNTY,Wood
306789,ALACHUA COUNTY,Wood
101381,ALACHUA COUNTY,Wood
661711,ALACHUA COUNTY,Wood
739879,ALACHUA COUNTY,Wood
466434,ALACHUA COUNTY,Wood
826231,ALACHUA COUNTY,Wood
267760,ALACHUA COUNTY,Wood
594777,ALACHUA COUNTY,Wood
803607,ALACHUA COUNTY,Wood
833571,ALACHUA COUNTY,Masonry
875891,ALACHUA COUNTY,Wood
216251,ALACHUA COUNTY,Wood
753452,ALACHUA COUNTY,Wood
603714,ALACHUA COUNTY,Wood
112230,ALACHUA COUNTY,Wood
600066,ALACHUA COUNTY,Wood
478050,ALACHUA COUNTY,Wood
226347,ALACHUA COUNTY,Masonry
359369,ALACHUA COUNTY,Masonry
200578,ALACHUA COUNTY,Wood
932554,ALACHUA COUNTY,Wood
473435,ALACHUA COUNTY,Wood
252725,ALACHUA COUNTY,Wood
537880,ALACHUA COUNTY,Wood
428137,ALACHUA COUNTY,Wood
929421,ALACHUA COUNTY,Wood
634984,ALACHUA COUNTY,Wood
638668,ALACHUA COUNTY,Wood
557196,ALACHUA COUNTY,Wood
326846,ALACHUA COUNTY,Wood
659309,ALACHUA COUNTY,Wood
616764,ALACHUA COUNTY,Wood
159692,ALACHUA COUNTY,Wood
286449,ALACHUA COUNTY,Reinforced Masonry
358366,ALACHUA COUNTY,Reinforced Masonry
191070,ALACHUA COUNTY,Reinforced Masonry
905890,ALACHUA COUNTY,Wood
635426,ALACHUA COUNTY,Wood
467832,ALACHUA COUNTY,Wood
449881,ALACHUA COUNTY,Wood
695557,ALACHUA COUNTY,Wood
797867,ALACHUA COUNTY,Wood
302811,ALACHUA COUNTY,Wood
674310,ALACHUA COUNTY,Wood
965749,ALACHUA COUNTY,Wood
620591,ALACHUA COUNTY,Wood
800843,ALACHUA COUNTY,Masonry
591840,ALACHUA COUNTY,Wood
546524,ALACHUA COUNTY,Wood
778761,ALACHUA COUNTY,Masonry
697309,ALACHUA COUNTY,Wood
259672,ALACHUA COUNTY,Wood
673241,ALACHUA COUNTY,Wood
811376,ALACHUA COUNTY,Wood
417110,ALACHUA COUNTY,Wood
242390,ALACHUA COUNTY,Wood
106068,ALACHUA COUNTY,Wood
709190,ALACHUA COUNTY,Wood
821777,ALACHUA COUNTY,Wood
723156,ALACHUA COUNTY,Wood
115836,ALACHUA COUNTY,Wood
394964,ALACHUA COUNTY,Masonry
580666,ALACHUA COUNTY,Wood
240185,ALACHUA COUNTY,Masonry
158920,ALACHUA COUNTY,Steel Frame
363581,ALACHUA COUNTY,Reinforced Masonry
647946,ALACHUA COUNTY,Wood
753330,ALACHUA COUNTY,Reinforced Concrete
159715,ALACHUA COUNTY,Masonry
662571,ALACHUA COUNTY,Reinforced Concrete
980975,ALACHUA COUNTY,Masonry
946781,ALACHUA COUNTY,Wood
171559,ALACHUA COUNTY,Wood
104015,ALACHUA COUNTY,Reinforced Concrete
761971,ALACHUA COUNTY,Reinforced Concrete
335137,ALACHUA COUNTY,Masonry
626377,ALACHUA COUNTY,Masonry
548918,ALACHUA COUNTY,Wood
479302,ALACHUA COUNTY,Wood
857110,ALACHUA COUNTY,Wood
555475,ALACHUA COUNTY,Wood
121735,ALACHUA COUNTY,Reinforced Masonry
693493,ALACHUA COUNTY,Reinforced Masonry
272251,ALACHUA COUNTY,Masonry
191025,ALACHUA COUNTY,Reinforced Masonry
303864,ALACHUA COUNTY,Reinforced Masonry
271303,ALACHUA COUNTY,Masonry
264486,ALACHUA COUNTY,Reinforced Masonry
101761,ALACHUA COUNTY,Reinforced Masonry
160750,ALACHUA COUNTY,Masonry
269286,ALACHUA COUNTY,Reinforced Concrete
152487,ALACHUA COUNTY,Wood
460681,ALACHUA COUNTY,Wood
107182,ALACHUA COUNTY,Wood
952099,ALACHUA COUNTY,Wood
248122,ALACHUA COUNTY,Masonry
280990,ALACHUA COUNTY,Wood
776278,ALACHUA COUNTY,Wood
633527,ALACHUA COUNTY,Wood
539649,ALACHUA COUNTY,Reinforced Masonry
603309,ALACHUA COUNTY,Wood
730896,ALACHUA COUNTY,Wood
567699,ALACHUA COUNTY,Wood
678338,ALACHUA COUNTY,Wood
717018,ALACHUA COUNTY,Wood
907207,ALACHUA COUNTY,Wood
934775,ALACHUA COUNTY,Wood
938230,ALACHUA COUNTY,Wood
322055,ALACHUA COUNTY,Wood
459174,ALACHUA COUNTY,Wood
432513,ALACHUA COUNTY,Wood
108397,ALACHUA COUNTY,Wood
896862,ALACHUA COUNTY,Wood
523078,ALACHUA COUNTY,Wood
730942,ALACHUA COUNTY,Wood
827463,ALACHUA COUNTY,Wood
948681,ALACHUA COUNTY,Wood
383191,ALACHUA COUNTY,Wood
655236,ALACHUA COUNTY,Wood
351583,ALACHUA COUNTY,Wood
137220,ALACHUA COUNTY,Wood
114113,ALACHUA COUNTY,Wood
768441,ALACHUA COUNTY,Wood
312213,ALACHUA COUNTY,Wood
977860,ALACHUA COUNTY,Wood
608101,ALACHUA COUNTY,Wood
552171,ALACHUA COUNTY,Wood
678362,ALACHUA COUNTY,Wood
418558,ALACHUA COUNTY,Wood
940231,ALACHUA COUNTY,Wood
218519,ALACHUA COUNTY,Wood
781215,ALACHUA COUNTY,Wood
588663,ALACHUA COUNTY,Wood
655732,ALACHUA COUNTY,Wood
405379,ALACHUA COUNTY,Wood
515075,ALACHUA COUNTY,Wood
234266,ALACHUA COUNTY,Wood
323621,ALACHUA COUNTY,Masonry
929105,ALACHUA COUNTY,Masonry
956164,ALACHUA COUNTY,Wood
813036,ALACHUA COUNTY,Wood
990851,ALACHUA COUNTY,Wood
535511,ALACHUA COUNTY,Wood
890246,ALACHUA COUNTY,Wood
598873,ALACHUA COUNTY,Wood
299888,ALACHUA COUNTY,Wood
844182,ALACHUA COUNTY,Wood
239001,ALACHUA COUNTY,Wood
307039,ALACHUA COUNTY,Wood
268797,ALACHUA COUNTY,Wood
760794,ALACHUA COUNTY,Wood
968260,ALACHUA COUNTY,Wood
383866,ALACHUA COUNTY,Wood
684478,ALACHUA COUNTY,Wood
219764,ALACHUA COUNTY,Reinforced Masonry
969863,ALACHUA COUNTY,Reinforced Masonry
712528,ALACHUA COUNTY,Wood
417948,ALACHUA COUNTY,Wood
806093,ALACHUA COUNTY,Wood
467212,ALACHUA COUNTY,Wood
254027,ALACHUA COUNTY,Wood
785975,ALACHUA COUNTY,Wood
998177,ALACHUA COUNTY,Wood
403793,ALACHUA COUNTY,Wood
516287,ALACHUA COUNTY,Wood
568934,ALACHUA COUNTY,Wood
479378,ALACHUA COUNTY,Wood
717958,ALACHUA COUNTY,Wood
930113,ALACHUA COUNTY,Wood
693734,ALACHUA COUNTY,Wood
561124,ALACHUA COUNTY,Wood
403709,ALACHUA COUNTY,Masonry
562981,ALACHUA COUNTY,Masonry
997366,ALACHUA COUNTY,Wood
181044,ALACHUA COUNTY,Masonry
295361,ALACHUA COUNTY,Wood
696421,ALACHUA COUNTY,Reinforced Concrete
606752,ALACHUA COUNTY,Masonry
491001,ALACHUA COUNTY,Wood
668604,ALACHUA COUNTY,Wood
245484,ALACHUA COUNTY,Wood
506031,ALACHUA COUNTY,Masonry
694474,ALACHUA COUNTY,Masonry
959917,ALACHUA COUNTY,Masonry
449074,ALACHUA COUNTY,Wood
190984,ALACHUA COUNTY,Wood
714597,ALACHUA COUNTY,Wood
325865,ALACHUA COUNTY,Wood
783424,ALACHUA COUNTY,Wood
554287,ALACHUA COUNTY,Wood
485320,ALACHUA COUNTY,Wood
174774,ALACHUA COUNTY,Wood
184386,ALACHUA COUNTY,Wood
486753,ALACHUA COUNTY,Wood
162758,ALACHUA COUNTY,Reinforced Concrete
783235,ALACHUA COUNTY,Reinforced Concrete
458013,ALACHUA COUNTY,Reinforced Masonry
677211,ALACHUA COUNTY,Wood
556156,ALACHUA COUNTY,Wood
820559,ALACHUA COUNTY,Wood
785830,ALACHUA COUNTY,Reinforced Masonry
940202,ALACHUA COUNTY,Reinforced Concrete
415632,ALACHUA COUNTY,Wood
757333,ALACHUA COUNTY,Wood
520269,ALACHUA COUNTY,Wood
714890,ALACHUA COUNTY,Wood
684881,ALACHUA COUNTY,Wood
459270,ALACHUA COUNTY,Reinforced Concrete
949187,ALACHUA COUNTY,Steel Frame
722732,ALACHUA COUNTY,Masonry
674676,ALACHUA COUNTY,Wood
496660,ALACHUA COUNTY,Wood
918252,ALACHUA COUNTY,Reinforced Masonry
576093,ALACHUA COUNTY,Reinforced Masonry
408999,ALACHUA COUNTY,Reinforced Masonry
640809,ALACHUA COUNTY,Wood
638144,ALACHUA COUNTY,Wood
536908,ALACHUA COUNTY,Wood
889145,ALACHUA COUNTY,Wood
381188,ALACHUA COUNTY,Wood
580051,ALACHUA COUNTY,Wood
564004,ALACHUA COUNTY,Wood
280904,ALACHUA COUNTY,Wood
277196,ALACHUA COUNTY,Wood
112920,ALACHUA COUNTY,Wood
868425,ALACHUA COUNTY,Wood
228933,ALACHUA COUNTY,Wood
744201,ALACHUA COUNTY,Wood
684033,ALACHUA COUNTY,Masonry
426696,ALACHUA COUNTY,Masonry
859979,ALACHUA COUNTY,Masonry
501540,ALACHUA COUNTY,Masonry
520363,ALACHUA COUNTY,Wood
240761,ALACHUA COUNTY,Wood
596544,ALACHUA COUNTY,Wood
285066,ALACHUA COUNTY,Wood
674371,ALACHUA COUNTY,Wood
907366,ALACHUA COUNTY,Wood
552441,ALACHUA COUNTY,Wood
873978,ALACHUA COUNTY,Wood
174896,ALACHUA COUNTY,Wood
189156,ALACHUA COUNTY,Wood
377750,ALACHUA COUNTY,Wood
661127,ALACHUA COUNTY,Wood
879323,ALACHUA COUNTY,Wood
330436,ALACHUA COUNTY,Wood
633859,ALACHUA COUNTY,Wood
309393,ALACHUA COUNTY,Wood
403163,ALACHUA COUNTY,Wood
490810,ALACHUA COUNTY,Wood
854133,ALACHUA COUNTY,Wood
311668,ALACHUA COUNTY,Reinforced Masonry
215045,ALACHUA COUNTY,Reinforced Masonry
551311,ALACHUA COUNTY,Wood
777089,ALACHUA COUNTY,Wood
492425,ALACHUA COUNTY,Wood
182439,ALACHUA COUNTY,Wood
103067,ALACHUA COUNTY,Wood
969367,ALACHUA COUNTY,Wood
743314,ALACHUA COUNTY,Wood
257348,ALACHUA COUNTY,Wood
114275,ALACHUA COUNTY,Reinforced Concrete
999597,ALACHUA COUNTY,Reinforced Masonry
557111,ALACHUA COUNTY,Wood
439231,ALACHUA COUNTY,Wood
115105,ALACHUA COUNTY,Wood
713555,ALACHUA COUNTY,Wood
814658,ALACHUA COUNTY,Masonry
457328,ALACHUA COUNTY,Reinforced Masonry
212733,ALACHUA COUNTY,Reinforced Concrete
604090,ALACHUA COUNTY,Masonry
250051,ALACHUA COUNTY,Masonry
379823,ALACHUA COUNTY,Reinforced Concrete
976680,ALACHUA COUNTY,Reinforced Concrete
620752,ALACHUA COUNTY,Reinforced Masonry
370443,ALACHUA COUNTY,Wood
487510,ALACHUA COUNTY,Wood
928708,ALACHUA COUNTY,Wood
735813,ALACHUA COUNTY,Wood
305016,ALACHUA COUNTY,Wood
343801,ALACHUA COUNTY,Reinforced Concrete
572009,ALACHUA COUNTY,Wood
202174,ALACHUA COUNTY,Wood
543040,ALACHUA COUNTY,Wood
678597,ALACHUA COUNTY,Reinforced Masonry
612148,ALACHUA COUNTY,Wood
947456,ALACHUA COUNTY,Wood
174405,ALACHUA COUNTY,Wood
313566,ALACHUA COUNTY,Wood
693595,ALACHUA COUNTY,Wood
509721,ALACHUA COUNTY,Wood
651633,ALACHUA COUNTY,Wood
640745,ALACHUA COUNTY,Wood
585488,ALACHUA COUNTY,Wood
589804,ALACHUA COUNTY,Reinforced Concrete
799278,ALACHUA COUNTY,Wood
803051,ALACHUA COUNTY,Wood
619573,ALACHUA COUNTY,Wood
278352,ALACHUA COUNTY,Masonry
568560,ALACHUA COUNTY,Wood
804103,ALACHUA COUNTY,Masonry
640514,ALACHUA COUNTY,Wood
386349,ALACHUA COUNTY,Wood
903984,ALACHUA COUNTY,Masonry
894741,ALACHUA COUNTY,Reinforced Masonry
898724,ALACHUA COUNTY,Reinforced Masonry
482736,ALACHUA COUNTY,Reinforced Masonry
721985,ALACHUA COUNTY,Wood
323081,ALACHUA COUNTY,Wood
356029,ALACHUA COUNTY,Wood
174036,ALACHUA COUNTY,Wood
823719,ALACHUA COUNTY,Wood
192019,ALACHUA COUNTY,Reinforced Masonry
561779,ALACHUA COUNTY,Wood
401148,ALACHUA COUNTY,Wood
468927,ALACHUA COUNTY,Wood
102109,ALACHUA COUNTY,Wood
612143,ALACHUA COUNTY,Wood
878080,ALACHUA COUNTY,Wood
531633,ALACHUA COUNTY,Wood
648713,ALACHUA COUNTY,Wood
950054,ALACHUA COUNTY,Wood
323233,ALACHUA COUNTY,Wood
475441,ALACHUA COUNTY,Wood
823255,ALACHUA COUNTY,Wood
227635,ALACHUA COUNTY,Wood
234030,ALACHUA COUNTY,Wood
766163,ALACHUA COUNTY,Wood
425667,ALACHUA COUNTY,Wood
190127,ALACHUA COUNTY,Wood
540331,ALACHUA COUNTY,Wood
166627,ALACHUA COUNTY,Wood
667299,ALACHUA COUNTY,Wood
473816,ALACHUA COUNTY,Wood
173462,ALACHUA COUNTY,Wood
996781,ALACHUA COUNTY,Wood
927042,ALACHUA COUNTY,Masonry
260263,ALACHUA COUNTY,Reinforced Masonry
989667,ALACHUA COUNTY,Reinforced Masonry
880211,ALACHUA COUNTY,Masonry
703749,ALACHUA COUNTY,Wood
338320,ALACHUA COUNTY,Wood
923432,ALACHUA COUNTY,Wood
973207,ALACHUA COUNTY,Wood
214577,ALACHUA COUNTY,Wood
301415,ALACHUA COUNTY,Wood
776964,ALACHUA COUNTY,Wood
526260,ALACHUA COUNTY,Wood
401430,ALACHUA COUNTY,Wood
323950,ALACHUA COUNTY,Wood
319753,ALACHUA COUNTY,Wood
793105,ALACHUA COUNTY,Wood
921342,ALACHUA COUNTY,Wood
859188,ALACHUA COUNTY,Wood
473382,ALACHUA COUNTY,Wood
583408,ALACHUA COUNTY,Reinforced Masonry
751104,ALACHUA COUNTY,Wood
747124,ALACHUA COUNTY,Wood
541041,ALACHUA COUNTY,Wood
529087,ALACHUA COUNTY,Masonry
774884,ALACHUA COUNTY,Masonry
267261,ALACHUA COUNTY,Masonry
767463,ALACHUA COUNTY,Reinforced Masonry
417329,ALACHUA COUNTY,Wood
719400,ALACHUA COUNTY,Wood
503707,ALACHUA COUNTY,Wood
149572,ALACHUA COUNTY,Wood
972666,ALACHUA COUNTY,Wood
147086,ALACHUA COUNTY,Wood
774345,ALACHUA COUNTY,Wood
999293,ALACHUA COUNTY,Wood
575489,ALACHUA COUNTY,Wood
532136,ALACHUA COUNTY,Wood
666776,ALACHUA COUNTY,Wood
389721,ALACHUA COUNTY,Masonry
834123,ALACHUA COUNTY,Reinforced Masonry
280925,ALACHUA COUNTY,Wood
333300,ALACHUA COUNTY,Wood
519484,ALACHUA COUNTY,Wood
672503,ALACHUA COUNTY,Wood
528228,ALACHUA COUNTY,Wood
991190,ALACHUA COUNTY,Wood
791087,ALACHUA COUNTY,Wood
615611,ALACHUA COUNTY,Wood
868055,ALACHUA COUNTY,Wood
658542,ALACHUA COUNTY,Masonry
925996,ALACHUA COUNTY,Masonry
228557,ALACHUA COUNTY,Wood
139513,ALACHUA COUNTY,Wood
625351,ALACHUA COUNTY,Wood
265398,ALACHUA COUNTY,Wood
841935,ALACHUA COUNTY,Wood
445936,ALACHUA COUNTY,Wood
825567,ALACHUA COUNTY,Wood
775658,ALACHUA COUNTY,Wood
205189,ALACHUA COUNTY,Wood
836316,ALACHUA COUNTY,Wood
543969,ALACHUA COUNTY,Reinforced Masonry
227521,ALACHUA COUNTY,Masonry
411858,ALACHUA COUNTY,Wood
484763,ALACHUA COUNTY,Wood
439517,ALACHUA COUNTY,Reinforced Masonry
972236,ALACHUA COUNTY,Wood
739886,ALACHUA COUNTY,Wood
887678,ALACHUA COUNTY,Wood
171105,ALACHUA COUNTY,Wood
635702,ALACHUA COUNTY,Wood
712747,ALACHUA COUNTY,Wood
766205,ALACHUA COUNTY,Masonry
432029,ALACHUA COUNTY,Masonry
161979,ALACHUA COUNTY,Masonry
412298,ALACHUA COUNTY,Wood
334991,ALACHUA COUNTY,Wood
909029,ALACHUA COUNTY,Wood
146935,ALACHUA COUNTY,Wood
964319,ALACHUA COUNTY,Reinforced Masonry
686557,ALACHUA COUNTY,Masonry
725940,ALACHUA COUNTY,Masonry
449820,ALACHUA COUNTY,Masonry
790049,ALACHUA COUNTY,Masonry
299544,ALACHUA COUNTY,Wood
891998,ALACHUA COUNTY,Wood
763789,ALACHUA COUNTY,Wood
214316,ALACHUA COUNTY,Wood
255822,ALACHUA COUNTY,Wood
682037,ALACHUA COUNTY,Wood
419379,ALACHUA COUNTY,Reinforced Masonry
731377,ALACHUA COUNTY,Wood
502349,ALACHUA COUNTY,Masonry
774225,ALACHUA COUNTY,Wood
518763,ALACHUA COUNTY,Reinforced Masonry
777479,ALACHUA COUNTY,Wood
289033,ALACHUA COUNTY,Wood
283696,ALACHUA COUNTY,Wood
136248,ALACHUA COUNTY,Wood
494556,ALACHUA COUNTY,Wood
227958,ALACHUA COUNTY,Wood
570186,ALACHUA COUNTY,Wood
461702,ALACHUA COUNTY,Wood
738344,ALACHUA COUNTY,Masonry
984050,ALACHUA COUNTY,Masonry
691806,ALACHUA COUNTY,Wood
835882,ALACHUA COUNTY,Wood
514421,ALACHUA COUNTY,Wood
834021,ALACHUA COUNTY,Masonry
919777,ALACHUA COUNTY,Wood
872803,ALACHUA COUNTY,Wood
875809,ALACHUA COUNTY,Wood
760988,ALACHUA COUNTY,Wood
487845,ALACHUA COUNTY,Masonry
907214,ALACHUA COUNTY,Wood
776889,ALACHUA COUNTY,Reinforced Masonry
432360,ALACHUA COUNTY,Wood
145152,ALACHUA COUNTY,Wood
130784,ALACHUA COUNTY,Wood
272473,ALACHUA COUNTY,Wood
190634,ALACHUA COUNTY,Wood
300531,ALACHUA COUNTY,Wood
538652,ALACHUA COUNTY,Wood
221565,ALACHUA COUNTY,Wood
589180,ALACHUA COUNTY,Wood
583782,ALACHUA COUNTY,Wood
154712,ALACHUA COUNTY,Wood
248362,ALACHUA COUNTY,Wood
755778,ALACHUA COUNTY,Masonry
919884,ALACHUA COUNTY,Wood
618786,ALACHUA COUNTY,Wood
294994,ALACHUA COUNTY,Wood
754042,ALACHUA COUNTY,Wood
740050,ALACHUA COUNTY,Wood
604869,ALACHUA COUNTY,Wood
937348,ALACHUA COUNTY,Wood
692323,ALACHUA COUNTY,Wood
904868,ALACHUA COUNTY,Wood
722320,ALACHUA COUNTY,Wood
438319,ALACHUA COUNTY,Wood
525811,ALACHUA COUNTY,Masonry
375817,ALACHUA COUNTY,Wood
424724,ALACHUA COUNTY,Wood
699820,ALACHUA COUNTY,Masonry
734741,ALACHUA COUNTY,Wood
531391,ALACHUA COUNTY,Wood
469405,ALACHUA COUNTY,Wood
442495,ALACHUA COUNTY,Wood
491596,ALACHUA COUNTY,Reinforced Masonry
295092,ALACHUA COUNTY,Masonry
653208,MARION COUNTY,Wood
627781,MARION COUNTY,Wood
653410,MARION COUNTY,Wood
511270,ALACHUA COUNTY,Masonry
836129,ALACHUA COUNTY,Wood
450711,ALACHUA COUNTY,Reinforced Masonry
612112,ALACHUA COUNTY,Reinforced Masonry
762561,ALACHUA COUNTY,Masonry
471975,ALACHUA COUNTY,Wood
755809,ALACHUA COUNTY,Wood
852229,ALACHUA COUNTY,Wood
314536,ALACHUA COUNTY,Wood
530545,ALACHUA COUNTY,Wood
839718,ALACHUA COUNTY,Masonry
282837,ALACHUA COUNTY,Wood
502013,ALACHUA COUNTY,Wood
305142,ALACHUA COUNTY,Wood
235541,ALACHUA COUNTY,Wood
394065,ALACHUA COUNTY,Wood
994938,ALACHUA COUNTY,Wood
605933,ALACHUA COUNTY,Wood
754910,ALACHUA COUNTY,Wood
236192,GILCHRIST COUNTY,Wood
246882,GILCHRIST COUNTY,Wood
917616,GILCHRIST COUNTY,Wood
367269,LEVY COUNTY,Wood
567443,LEVY COUNTY,Wood
134515,LEVY COUNTY,Wood
762748,LEVY COUNTY,Wood
979862,LEVY COUNTY,Wood
950850,LEVY COUNTY,Wood
464580,LEVY COUNTY,Wood
669163,LEVY COUNTY,Wood
814060,LEVY COUNTY,Wood
542480,LEVY COUNTY,Masonry
277609,LEVY COUNTY,Wood
971575,LEVY COUNTY,Wood
694544,LEVY COUNTY,Wood
393309,LEVY COUNTY,Wood
296382,LEVY COUNTY,Wood
425763,LEVY COUNTY,Wood
995962,LEVY COUNTY,Wood
505490,LEVY COUNTY,Wood
647401,BRADFORD COUNTY,Wood
715126,BRADFORD COUNTY,Wood
194039,LEVY COUNTY,Wood
949729,LEVY COUNTY,Wood
477702,LEVY COUNTY,Wood
677912,LEVY COUNTY,Masonry
836650,LEVY COUNTY,Wood
358072,LEVY COUNTY,Wood
976201,LEVY COUNTY,Wood
272179,LEVY COUNTY,Wood
481307,LEVY COUNTY,Wood
330988,LEVY COUNTY,Wood
437839,LEVY COUNTY,Wood
583741,LEVY COUNTY,Masonry
176332,LEVY COUNTY,Masonry
190227,LEVY COUNTY,Masonry
163701,LEVY COUNTY,Wood
696893,LEVY COUNTY,Wood
146582,LEVY COUNTY,Wood
345426,LEVY COUNTY,Masonry
598225,LEVY COUNTY,Wood
471999,LEVY COUNTY,Masonry
959619,LEVY COUNTY,Wood
663973,LEVY COUNTY,Wood
573884,LEVY COUNTY,Wood
319782,LEVY COUNTY,Wood
277922,LEVY COUNTY,Wood
747997,LEVY COUNTY,Wood
529507,LEVY COUNTY,Wood
688301,LEVY COUNTY,Masonry
478152,LEVY COUNTY,Wood
642306,LEVY COUNTY,Wood
558716,LEVY COUNTY,Masonry
293715,LEVY COUNTY,Wood
248008,LEVY COUNTY,Wood
689377,LEVY COUNTY,Wood
707170,LEVY COUNTY,Wood
862166,LEVY COUNTY,Wood
259349,LEVY COUNTY,Wood
518086,LEVY COUNTY,Wood
484700,LEVY COUNTY,Wood
858239,LEVY COUNTY,Wood
195053,LEVY COUNTY,Wood
826720,LEVY COUNTY,Wood
181557,LEVY COUNTY,Wood
669704,LEVY COUNTY,Wood
243916,LEVY COUNTY,Wood
171533,LEVY COUNTY,Wood
352258,LEVY COUNTY,Wood
584138,LEVY COUNTY,Wood
553714,LEVY COUNTY,Wood
186005,DIXIE COUNTY,Wood
277120,DIXIE COUNTY,Wood
756839,DIXIE COUNTY,Wood
299885,DIXIE COUNTY,Masonry
136247,DIXIE COUNTY,Wood
816302,DIXIE COUNTY,Wood
484040,DIXIE COUNTY,Wood
211679,DIXIE COUNTY,Masonry
753353,DIXIE COUNTY,Reinforced Masonry
337722,DIXIE COUNTY,Wood
283055,DIXIE COUNTY,Masonry
751834,DIXIE COUNTY,Wood
924989,DIXIE COUNTY,Wood
501302,DIXIE COUNTY,Wood
559660,DIXIE COUNTY,Reinforced Masonry
920101,DIXIE COUNTY,Masonry
827303,DIXIE COUNTY,Wood
659884,DIXIE COUNTY,Wood
318544,DIXIE COUNTY,Wood
511815,DIXIE COUNTY,Wood
959935,DIXIE COUNTY,Wood
386181,MARION COUNTY,Wood
104307,ALACHUA COUNTY,Wood
255261,ALACHUA COUNTY,Wood
168106,ALACHUA COUNTY,Wood
146087,PUTNAM COUNTY,Wood
248177,ALACHUA COUNTY,Wood
770346,ALACHUA COUNTY,Wood
582037,ALACHUA COUNTY,Wood
273959,ALACHUA COUNTY,Wood
193644,ALACHUA COUNTY,Wood
401448,ALACHUA COUNTY,Wood
904608,ALACHUA COUNTY,Reinforced Masonry
114088,ALACHUA COUNTY,Masonry
629284,ALACHUA COUNTY,Wood
890709,ALACHUA COUNTY,Masonry
688839,ALACHUA COUNTY,Wood
584214,ALACHUA COUNTY,Wood
425376,ALACHUA COUNTY,Wood
914371,ALACHUA COUNTY,Wood
753894,ALACHUA COUNTY,Wood
589278,ALACHUA COUNTY,Wood
990090,ALACHUA COUNTY,Wood
153612,ALACHUA COUNTY,Wood
809701,ALACHUA COUNTY,Wood
165530,ALACHUA COUNTY,Wood
374955,ALACHUA COUNTY,Wood
858776,ALACHUA COUNTY,Wood
438650,PUTNAM COUNTY,Wood
318256,PUTNAM COUNTY,Wood
481733,PUTNAM COUNTY,Wood
716773,PUTNAM COUNTY,Wood
227236,PUTNAM COUNTY,Wood
733703,PUTNAM COUNTY,Wood
760512,PUTNAM COUNTY,Wood
922931,ALACHUA COUNTY,Wood
414676,PUTNAM COUNTY,Wood
283227,PUTNAM COUNTY,Wood
564818,ALACHUA COUNTY,Wood
501053,ALACHUA COUNTY,Wood
331820,ALACHUA COUNTY,Wood
215002,PUTNAM COUNTY,Wood
373267,PUTNAM COUNTY,Wood
599506,PUTNAM COUNTY,Wood
802283,PUTNAM COUNTY,Wood
861782,PUTNAM COUNTY,Masonry
993403,ALACHUA COUNTY,Wood
596719,PUTNAM COUNTY,Wood
806052,PUTNAM COUNTY,Wood
788553,PUTNAM COUNTY,Wood
209469,PUTNAM COUNTY,Wood
884605,PUTNAM COUNTY,Wood
688889,PUTNAM COUNTY,Wood
866154,PUTNAM COUNTY,Wood
168204,ALACHUA COUNTY,Masonry
773718,ALACHUA COUNTY,Wood
138643,ALACHUA COUNTY,Wood
722333,ALACHUA COUNTY,Wood
724875,ALACHUA COUNTY,Wood
773871,ALACHUA COUNTY,Wood
214296,ALACHUA COUNTY,Wood
571225,ALACHUA COUNTY,Wood
241601,ALACHUA COUNTY,Wood
735423,ALACHUA COUNTY,Wood
881273,ALACHUA COUNTY,Wood
714858,ALACHUA COUNTY,Wood
120667,ALACHUA COUNTY,Wood
269602,ALACHUA COUNTY,Wood
478249,ALACHUA COUNTY,Masonry
531488,ALACHUA COUNTY,Wood
747370,ALACHUA COUNTY,Wood
799531,ALACHUA COUNTY,Wood
435758,ALACHUA COUNTY,Wood
537729,ALACHUA COUNTY,Wood
568044,ALACHUA COUNTY,Masonry
872479,ALACHUA COUNTY,Masonry
330458,ALACHUA COUNTY,Wood
665134,ALACHUA COUNTY,Wood
173110,ALACHUA COUNTY,Wood
384225,ALACHUA COUNTY,Masonry
729334,ALACHUA COUNTY,Wood
517870,ALACHUA COUNTY,Wood
213566,ALACHUA COUNTY,Wood
695321,ALACHUA COUNTY,Wood
480664,ALACHUA COUNTY,Wood
608422,ALACHUA COUNTY,Wood
936648,ALACHUA COUNTY,Wood
110174,ALACHUA COUNTY,Wood
378971,ALACHUA COUNTY,Wood
155111,ALACHUA COUNTY,Wood
141199,ALACHUA COUNTY,Wood
324939,ALACHUA COUNTY,Wood
579360,ALACHUA COUNTY,Wood
946484,ALACHUA COUNTY,Reinforced Masonry
490596,ALACHUA COUNTY,Reinforced Masonry
984466,ALACHUA COUNTY,Wood
694369,ALACHUA COUNTY,Wood
490831,ALACHUA COUNTY,Wood
929540,ALACHUA COUNTY,Wood
264647,ALACHUA COUNTY,Wood
931364,ALACHUA COUNTY,Wood
237017,ALACHUA COUNTY,Wood
656546,ALACHUA COUNTY,Wood
951004,ALACHUA COUNTY,Wood
819861,ALACHUA COUNTY,Wood
473686,ALACHUA COUNTY,Wood
637651,ALACHUA COUNTY,Wood
688438,ALACHUA COUNTY,Wood
484767,ALACHUA COUNTY,Wood
266479,ALACHUA COUNTY,Wood
758229,ALACHUA COUNTY,Wood
286882,ALACHUA COUNTY,Wood
721224,ALACHUA COUNTY,Wood
357526,ALACHUA COUNTY,Wood
471283,ALACHUA COUNTY,Wood
843111,ALACHUA COUNTY,Wood
387071,ALACHUA COUNTY,Wood
640343,ALACHUA COUNTY,Wood
582060,ALACHUA COUNTY,Masonry
820364,ALACHUA COUNTY,Wood
625958,ALACHUA COUNTY,Wood
201427,ALACHUA COUNTY,Wood
253466,ALACHUA COUNTY,Reinforced Masonry
598335,ALACHUA COUNTY,Reinforced Masonry
944896,ALACHUA COUNTY,Wood
346388,ALACHUA COUNTY,Wood
605170,ALACHUA COUNTY,Wood
269438,ALACHUA COUNTY,Wood
433895,ALACHUA COUNTY,Wood
765606,ALACHUA COUNTY,Wood
682863,ALACHUA COUNTY,Wood
291804,ALACHUA COUNTY,Wood
220809,ALACHUA COUNTY,Wood
498368,ALACHUA COUNTY,Wood
262743,ALACHUA COUNTY,Wood
712339,ALACHUA COUNTY,Masonry
324913,ALACHUA COUNTY,Masonry
415217,ALACHUA COUNTY,Wood
503903,ALACHUA COUNTY,Wood
552955,ALACHUA COUNTY,Wood
464818,ALACHUA COUNTY,Wood
600018,ALACHUA COUNTY,Wood
302222,ALACHUA COUNTY,Wood
420605,ALACHUA COUNTY,Wood
301045,ALACHUA COUNTY,Wood
259906,ALACHUA COUNTY,Wood
221378,ALACHUA COUNTY,Wood
150874,ALACHUA COUNTY,Wood
368266,ALACHUA COUNTY,Wood
121963,ALACHUA COUNTY,Reinforced Concrete
318296,ALACHUA COUNTY,Wood
500078,ALACHUA COUNTY,Wood
201284,ALACHUA COUNTY,Wood
126900,ALACHUA COUNTY,Wood
504747,ALACHUA COUNTY,Wood
142216,ALACHUA COUNTY,Wood
654171,ALACHUA COUNTY,Wood
207069,ALACHUA COUNTY,Wood
305813,ALACHUA COUNTY,Wood
252986,ALACHUA COUNTY,Wood
587738,ALACHUA COUNTY,Wood
559257,ALACHUA COUNTY,Wood
630829,ALACHUA COUNTY,Wood
170435,ALACHUA COUNTY,Wood
446110,ALACHUA COUNTY,Wood
126764,ALACHUA COUNTY,Wood
699614,ALACHUA COUNTY,Wood
651695,ALACHUA COUNTY,Masonry
388933,ALACHUA COUNTY,Wood
495236,ALACHUA COUNTY,Wood
482055,ALACHUA COUNTY,Wood
659171,ALACHUA COUNTY,Masonry
725260,ALACHUA COUNTY,Wood
831292,ALACHUA COUNTY,Wood
864086,ALACHUA COUNTY,Wood
518164,ALACHUA COUNTY,Wood
480208,ALACHUA COUNTY,Wood
136434,ALACHUA COUNTY,Wood
305521,ALACHUA COUNTY,Wood
661198,ALACHUA COUNTY,Wood
543851,ALACHUA COUNTY,Wood
267867,ALACHUA COUNTY,Wood
457985,ALACHUA COUNTY,Wood
168548,ALACHUA COUNTY,Masonry
185865,ALACHUA COUNTY,Masonry
301194,ALACHUA COUNTY,Wood
976776,ALACHUA COUNTY,Wood
152276,ALACHUA COUNTY,Wood
871875,ALACHUA COUNTY,Wood
924057,ALACHUA COUNTY,Wood
446667,ALACHUA COUNTY,Wood
953842,ALACHUA COUNTY,Reinforced Masonry
588692,ALACHUA COUNTY,Wood
313609,ALACHUA COUNTY,Wood
166937,ALACHUA COUNTY,Wood
659005,ALACHUA COUNTY,Wood
133729,ALACHUA COUNTY,Wood
511474,ALACHUA COUNTY,Wood
697765,ALACHUA COUNTY,Wood
954416,ALACHUA COUNTY,Wood
838781,ALACHUA COUNTY,Wood
218842,ALACHUA COUNTY,Reinforced Masonry
571395,ALACHUA COUNTY,Reinforced Masonry
301366,COLUMBIA COUNTY,Reinforced Masonry
387968,ALACHUA COUNTY,Masonry
724440,ALACHUA COUNTY,Wood
581637,ALACHUA COUNTY,Wood
185905,ALACHUA COUNTY,Wood
477964,ALACHUA COUNTY,Wood
361719,ALACHUA COUNTY,Wood
741020,ALACHUA COUNTY,Masonry
501178,ALACHUA COUNTY,Wood
465335,ALACHUA COUNTY,Wood
546320,ALACHUA COUNTY,Masonry
439420,ALACHUA COUNTY,Masonry
864039,ALACHUA COUNTY,Wood
300236,ALACHUA COUNTY,Wood
701602,ALACHUA COUNTY,Wood
362064,ALACHUA COUNTY,Wood
260827,ALACHUA COUNTY,Wood
685917,ALACHUA COUNTY,Wood
136694,ALACHUA COUNTY,Wood
542241,ALACHUA COUNTY,Wood
206988,ALACHUA COUNTY,Wood
899207,ALACHUA COUNTY,Wood
698395,ALACHUA COUNTY,Wood
972134,ALACHUA COUNTY,Wood
936616,ALACHUA COUNTY,Wood
129496,ALACHUA COUNTY,Wood
976139,ALACHUA COUNTY,Wood
251860,ALACHUA COUNTY,Wood
540333,ALACHUA COUNTY,Wood
542421,ALACHUA COUNTY,Wood
433804,ALACHUA COUNTY,Wood
770274,ALACHUA COUNTY,Wood
415424,ALACHUA COUNTY,Wood
771709,ALACHUA COUNTY,Masonry
285787,ALACHUA COUNTY,Masonry
815920,ALACHUA COUNTY,Masonry
791792,ALACHUA COUNTY,Masonry
828529,ALACHUA COUNTY,Masonry
127522,ALACHUA COUNTY,Wood
460976,ALACHUA COUNTY,Masonry
616700,ALACHUA COUNTY,Masonry
656210,ALACHUA COUNTY,Wood
418722,ALACHUA COUNTY,Wood
532196,ALACHUA COUNTY,Wood
167286,ALACHUA COUNTY,Wood
536834,ALACHUA COUNTY,Wood
694034,ALACHUA COUNTY,Masonry
557119,ALACHUA COUNTY,Wood
594214,ALACHUA COUNTY,Wood
106447,ALACHUA COUNTY,Wood
284125,ALACHUA COUNTY,Wood
655202,ALACHUA COUNTY,Wood
956632,ALACHUA COUNTY,Wood
646935,DIXIE COUNTY,Masonry
805105,DIXIE COUNTY,Wood
747568,DIXIE COUNTY,Wood
535709,DIXIE COUNTY,Wood
581041,ALACHUA COUNTY,Reinforced Masonry
660667,ALACHUA COUNTY,Wood
233865,ALACHUA COUNTY,Reinforced Masonry
212800,ALACHUA COUNTY,Wood
408901,ALACHUA COUNTY,Wood
296771,ALACHUA COUNTY,Wood
138288,ALACHUA COUNTY,Wood
750982,ALACHUA COUNTY,Wood
905318,ALACHUA COUNTY,Wood
662289,ALACHUA COUNTY,Wood
764386,ALACHUA COUNTY,Wood
424964,ALACHUA COUNTY,Wood
306022,ALACHUA COUNTY,Wood
431081,ALACHUA COUNTY,Wood
519923,ALACHUA COUNTY,Wood
823053,ALACHUA COUNTY,Wood
646658,ALACHUA COUNTY,Wood
268806,ALACHUA COUNTY,Wood
576903,ALACHUA COUNTY,Wood
120617,ALACHUA COUNTY,Masonry
739346,ALACHUA COUNTY,Masonry
176905,ALACHUA COUNTY,Masonry
881403,CLAY COUNTY,Wood
890018,CLAY COUNTY,Wood
298166,CLAY COUNTY,Masonry
201251,CLAY COUNTY,Wood
484359,CLAY COUNTY,Wood
230940,CLAY COUNTY,Wood
672013,CLAY COUNTY,Wood
315790,CLAY COUNTY,Wood
323040,CLAY COUNTY,Wood
858397,CLAY COUNTY,Wood
413161,CLAY COUNTY,Wood
506347,CLAY COUNTY,Masonry
767514,CLAY COUNTY,Wood
632481,CLAY COUNTY,Wood
703886,CLAY COUNTY,Wood
992295,CLAY COUNTY,Wood
662150,CLAY COUNTY,Wood
810240,ALACHUA COUNTY,Wood
570805,MARION COUNTY,Wood
426375,MARION COUNTY,Wood
847430,MARION COUNTY,Wood
729735,ALACHUA COUNTY,Wood
361660,ALACHUA COUNTY,Wood
305757,PUTNAM COUNTY,Masonry
106478,MARION COUNTY,Wood
876369,ALACHUA COUNTY,Wood
586559,ALACHUA COUNTY,Wood
751981,MARION COUNTY,Wood
726513,ALACHUA COUNTY,Wood
446471,ALACHUA COUNTY,Wood
711093,ALACHUA COUNTY,Wood
343094,ALACHUA COUNTY,Masonry
638391,MARION COUNTY,Wood
235507,MARION COUNTY,Wood
698136,LEVY COUNTY,Masonry
876161,ALACHUA COUNTY,Masonry
539269,ALACHUA COUNTY,Reinforced Masonry
132747,ALACHUA COUNTY,Wood
277402,ALACHUA COUNTY,Wood
896805,ALACHUA COUNTY,Masonry
273019,ALACHUA COUNTY,Wood
768471,ALACHUA COUNTY,Wood
633213,ALACHUA COUNTY,Wood
453462,ALACHUA COUNTY,Wood
274159,ALACHUA COUNTY,Wood
429609,ALACHUA COUNTY,Wood
869566,ALACHUA COUNTY,Reinforced Masonry
333942,ALACHUA COUNTY,Wood
387575,ALACHUA COUNTY,Masonry
290904,ALACHUA COUNTY,Masonry
972222,ALACHUA COUNTY,Wood
879685,ALACHUA COUNTY,Wood
953191,ALACHUA COUNTY,Wood
521304,ALACHUA COUNTY,Wood
830680,ALACHUA COUNTY,Wood
439619,ALACHUA COUNTY,Wood
104374,ALACHUA COUNTY,Wood
837140,ALACHUA COUNTY,Wood
903742,ALACHUA COUNTY,Wood
518796,ALACHUA COUNTY,Wood
710822,ALACHUA COUNTY,Wood
870208,ALACHUA COUNTY,Wood
481611,ALACHUA COUNTY,Wood
176635,ALACHUA COUNTY,Wood
410016,ALACHUA COUNTY,Wood
620223,ALACHUA COUNTY,Wood
543942,ALACHUA COUNTY,Wood
819173,ALACHUA COUNTY,Wood
393536,ALACHUA COUNTY,Wood
381133,ALACHUA COUNTY,Wood
868538,ALACHUA COUNTY,Wood
786415,ALACHUA COUNTY,Wood
664665,ALACHUA COUNTY,Wood
459492,ALACHUA COUNTY,Wood
928371,ALACHUA COUNTY,Wood
776180,ALACHUA COUNTY,Reinforced Masonry
625662,ALACHUA COUNTY,Wood
645413,ALACHUA COUNTY,Wood
592202,ALACHUA COUNTY,Wood
330131,ALACHUA COUNTY,Masonry
349576,ALACHUA COUNTY,Wood
193853,ALACHUA COUNTY,Wood
856637,ALACHUA COUNTY,Wood
574062,ALACHUA COUNTY,Wood
565871,ALACHUA COUNTY,Wood
520968,ALACHUA COUNTY,Wood
780794,ALACHUA COUNTY,Wood
412864,ALACHUA COUNTY,Wood
139123,ALACHUA COUNTY,Wood
700522,ALACHUA COUNTY,Wood
816239,ALACHUA COUNTY,Wood
430786,ALACHUA COUNTY,Wood
783574,ALACHUA COUNTY,Wood
773306,ALACHUA COUNTY,Reinforced Concrete
907794,ALACHUA COUNTY,Wood
448405,ALACHUA COUNTY,Wood
634073,ALACHUA COUNTY,Wood
725495,ALACHUA COUNTY,Wood
617731,ALACHUA COUNTY,Wood
423691,ALACHUA COUNTY,Wood
885786,ALACHUA COUNTY,Wood
662352,ALACHUA COUNTY,Wood
472175,ALACHUA COUNTY,Wood
711972,ALACHUA COUNTY,Wood
570139,ALACHUA COUNTY,Wood
689910,ALACHUA COUNTY,Wood
818955,MARION COUNTY,Masonry
141014,DIXIE COUNTY,Wood
744296,DIXIE COUNTY,Wood
310528,DIXIE COUNTY,Wood
553445,DIXIE COUNTY,Wood
643885,DIXIE COUNTY,Wood
434073,DIXIE COUNTY,Wood
874806,DIXIE COUNTY,Wood
437207,DIXIE COUNTY,Wood
414688,DIXIE COUNTY,Wood
200837,DIXIE COUNTY,Wood
878797,DIXIE COUNTY,Wood
890540,DIXIE COUNTY,Wood
320663,DIXIE COUNTY,Masonry
424313,DIXIE COUNTY,Wood
763644,DIXIE COUNTY,Wood
266529,LEVY COUNTY,Masonry
107496,MARION COUNTY,Wood
550768,MARION COUNTY,Wood
549765,MARION COUNTY,Wood
444395,MARION COUNTY,Wood
370819,MARION COUNTY,Masonry
775235,MARION COUNTY,Wood
539443,MARION COUNTY,Reinforced Masonry
318847,MARION COUNTY,Reinforced Masonry
800870,MARION COUNTY,Wood
102520,MARION COUNTY,Masonry
714060,MARION COUNTY,Wood
701476,MARION COUNTY,Wood
732949,GILCHRIST COUNTY,Masonry
328456,GILCHRIST COUNTY,Wood
853914,LEVY COUNTY,Masonry
259426,LEVY COUNTY,Wood
708797,LEVY COUNTY,Masonry
442200,GILCHRIST COUNTY,Wood
409540,GILCHRIST COUNTY,Wood
871096,GILCHRIST COUNTY,Wood
789151,GILCHRIST COUNTY,Wood
941813,GILCHRIST COUNTY,Wood
750055,GILCHRIST COUNTY,Wood
191365,GILCHRIST COUNTY,Wood
636585,GILCHRIST COUNTY,Wood
365020,GILCHRIST COUNTY,Wood
560625,GILCHRIST COUNTY,Wood
357094,GILCHRIST COUNTY,Wood
335514,GILCHRIST COUNTY,Wood
914559,GILCHRIST COUNTY,Wood
418218,GILCHRIST COUNTY,Masonry
849344,GILCHRIST COUNTY,Wood
222081,GILCHRIST COUNTY,Wood
976893,GILCHRIST COUNTY,Wood
270844,GILCHRIST COUNTY,Masonry
312422,GILCHRIST COUNTY,Reinforced Masonry
467960,GILCHRIST COUNTY,Wood
647854,GILCHRIST COUNTY,Wood
160665,GILCHRIST COUNTY,Wood
352051,GILCHRIST COUNTY,Wood
151509,GILCHRIST COUNTY,Masonry
997841,GILCHRIST COUNTY,Masonry
699237,GILCHRIST COUNTY,Wood
246833,GILCHRIST COUNTY,Wood
860564,GILCHRIST COUNTY,Wood
350442,GILCHRIST COUNTY,Wood
618365,GILCHRIST COUNTY,Wood
150582,GILCHRIST COUNTY,Wood
826562,GILCHRIST COUNTY,Wood
434248,GILCHRIST COUNTY,Wood
917073,GILCHRIST COUNTY,Wood
574629,ALACHUA COUNTY,Wood
686094,ALACHUA COUNTY,Wood
727522,ALACHUA COUNTY,Wood
982658,ALACHUA COUNTY,Wood
571177,ALACHUA COUNTY,Wood
405221,ALACHUA COUNTY,Wood
194198,ALACHUA COUNTY,Wood
878537,ALACHUA COUNTY,Wood
588495,ALACHUA COUNTY,Wood
240327,ALACHUA COUNTY,Wood
885801,ALACHUA COUNTY,Masonry
705356,ALACHUA COUNTY,Masonry
489529,ALACHUA COUNTY,Wood
955456,ALACHUA COUNTY,Wood
859480,ALACHUA COUNTY,Wood
949412,ALACHUA COUNTY,Wood
358084,ALACHUA COUNTY,Wood
317251,ALACHUA COUNTY,Wood
539088,ALACHUA COUNTY,Wood
430677,ALACHUA COUNTY,Wood
954464,ALACHUA COUNTY,Wood
954200,ALACHUA COUNTY,Wood
340013,ALACHUA COUNTY,Wood
902627,ALACHUA COUNTY,Wood
244270,ALACHUA COUNTY,Wood
692767,LEVY COUNTY,Wood
236365,LEVY COUNTY,Wood
674266,LEVY COUNTY,Wood
963308,LEVY COUNTY,Wood
518598,LEVY COUNTY,Masonry
260452,LEVY COUNTY,Wood
595278,LEVY COUNTY,Wood
485751,LEVY COUNTY,Masonry
406077,LEVY COUNTY,Masonry
169135,LEVY COUNTY,Masonry
923201,LEVY COUNTY,Wood
236457,LEVY COUNTY,Wood
635375,LEVY COUNTY,Wood
841093,LEVY COUNTY,Wood
106808,LEVY COUNTY,Wood
575168,LEVY COUNTY,Wood
948916,LEVY COUNTY,Masonry
918005,LEVY COUNTY,Wood
841064,LEVY COUNTY,Masonry
768728,LEVY COUNTY,Masonry
157694,LEVY COUNTY,Wood
318100,LEVY COUNTY,Wood
641131,LEVY COUNTY,Wood
763425,LEVY COUNTY,Wood
306265,LEVY COUNTY,Wood
176815,LEVY COUNTY,Wood
155232,LEVY COUNTY,Wood
928765,LEVY COUNTY,Wood
266856,LEVY COUNTY,Masonry
682970,LEVY COUNTY,Wood
341048,LEVY COUNTY,Wood
528194,LEVY COUNTY,Wood
368540,LEVY COUNTY,Wood
443196,LEVY COUNTY,Wood
977611,LEVY COUNTY,Wood
590702,LEVY COUNTY,Wood
285156,LEVY COUNTY,Wood
716575,LEVY COUNTY,Wood
903196,LEVY COUNTY,Wood
152699,LEVY COUNTY,Wood
759180,LEVY COUNTY,Wood
323973,LEVY COUNTY,Wood
441617,UNION COUNTY,Wood
662856,UNION COUNTY,Wood
278686,UNION COUNTY,Wood
362461,UNION COUNTY,Wood
238689,UNION COUNTY,Wood
645337,UNION COUNTY,Wood
527641,UNION COUNTY,Wood
408207,SEMINOLE COUNTY,Masonry
587161,SEMINOLE COUNTY,Masonry
578298,SEMINOLE COUNTY,Masonry
537063,SEMINOLE COUNTY,Masonry
579394,SEMINOLE COUNTY,Wood
404377,SEMINOLE COUNTY,Wood
738597,SEMINOLE COUNTY,Wood
410879,SEMINOLE COUNTY,Wood
362908,SEMINOLE COUNTY,Wood
454976,SEMINOLE COUNTY,Reinforced Masonry
338215,SEMINOLE COUNTY,Masonry
875118,SEMINOLE COUNTY,Masonry
226240,SEMINOLE COUNTY,Wood
977459,SEMINOLE COUNTY,Wood
209130,SEMINOLE COUNTY,Wood
750680,SEMINOLE COUNTY,Wood
238441,SEMINOLE COUNTY,Reinforced Masonry
266782,SEMINOLE COUNTY,Reinforced Concrete
759677,SEMINOLE COUNTY,Reinforced Masonry
402439,SEMINOLE COUNTY,Wood
496891,SEMINOLE COUNTY,Masonry
751880,SEMINOLE COUNTY,Wood
180339,SEMINOLE COUNTY,Steel Frame
739543,SEMINOLE COUNTY,Masonry
538388,SEMINOLE COUNTY,Masonry
407948,SEMINOLE COUNTY,Wood
453870,SEMINOLE COUNTY,Wood
899599,SEMINOLE COUNTY,Reinforced Masonry
957107,SEMINOLE COUNTY,Reinforced Concrete
364806,SEMINOLE COUNTY,Masonry
730960,SEMINOLE COUNTY,Reinforced Masonry
388639,SEMINOLE COUNTY,Wood
651762,SEMINOLE COUNTY,Wood
239767,SEMINOLE COUNTY,Wood
785452,SEMINOLE COUNTY,Wood
866634,SEMINOLE COUNTY,Wood
356785,SEMINOLE COUNTY,Wood
791177,SEMINOLE COUNTY,Wood
189065,SEMINOLE COUNTY,Wood
567288,SEMINOLE COUNTY,Masonry
696429,SEMINOLE COUNTY,Wood
173593,SEMINOLE COUNTY,Wood
483231,SEMINOLE COUNTY,Wood
524817,SEMINOLE COUNTY,Masonry
433858,SEMINOLE COUNTY,Wood
515847,SEMINOLE COUNTY,Masonry
248527,SEMINOLE COUNTY,Wood
244185,SEMINOLE COUNTY,Wood
887660,SEMINOLE COUNTY,Wood
190270,SEMINOLE COUNTY,Wood
627292,SEMINOLE COUNTY,Wood
752292,SEMINOLE COUNTY,Masonry
411702,SEMINOLE COUNTY,Wood
261824,SEMINOLE COUNTY,Reinforced Masonry
172743,SEMINOLE COUNTY,Reinforced Masonry
714106,SEMINOLE COUNTY,Masonry
296935,SEMINOLE COUNTY,Masonry
897942,SEMINOLE COUNTY,Masonry
717358,SEMINOLE COUNTY,Wood
296886,SEMINOLE COUNTY,Wood
616578,SEMINOLE COUNTY,Wood
426860,SEMINOLE COUNTY,Wood
830485,SEMINOLE COUNTY,Wood
104261,SEMINOLE COUNTY,Wood
857087,SEMINOLE COUNTY,Masonry
492109,SEMINOLE COUNTY,Reinforced Masonry
849286,SEMINOLE COUNTY,Reinforced Masonry
278776,SEMINOLE COUNTY,Reinforced Masonry
904598,SEMINOLE COUNTY,Masonry
461375,SEMINOLE COUNTY,Wood
786935,SEMINOLE COUNTY,Wood
301004,SEMINOLE COUNTY,Masonry
645551,SEMINOLE COUNTY,Wood
279775,SEMINOLE COUNTY,Wood
550127,SEMINOLE COUNTY,Reinforced Concrete
823812,SEMINOLE COUNTY,Reinforced Masonry
373214,SEMINOLE COUNTY,Masonry
484207,SEMINOLE COUNTY,Wood
941547,LAKE COUNTY,Wood
817319,ORANGE COUNTY,Wood
565163,SEMINOLE COUNTY,Masonry
141265,SEMINOLE COUNTY,Masonry
930249,ORANGE COUNTY,Reinforced Masonry
911805,ORANGE COUNTY,Reinforced Masonry
911763,ORANGE COUNTY,Masonry
142784,SEMINOLE COUNTY,Wood
556390,ORANGE COUNTY,Wood
425483,ORANGE COUNTY,Wood
318253,ORANGE COUNTY,Wood
388452,ORANGE COUNTY,Wood
915061,ORANGE COUNTY,Masonry
989895,ORANGE COUNTY,Reinforced Masonry
125162,ORANGE COUNTY,Steel Frame
476358,ORANGE COUNTY,Wood
998680,ORANGE COUNTY,Masonry
549390,ORANGE COUNTY,Reinforced Concrete
665681,ORANGE COUNTY,Masonry
621938,ORANGE COUNTY,Wood
569906,ORANGE COUNTY,Wood
294008,ORANGE COUNTY,Wood
571609,ORANGE COUNTY,Wood
778282,ORANGE COUNTY,Reinforced Concrete
744182,ORANGE COUNTY,Reinforced Masonry
745134,ORANGE COUNTY,Wood
353350,ORANGE COUNTY,Wood
557528,ORANGE COUNTY,Masonry
763161,ORANGE COUNTY,Wood
930513,ORANGE COUNTY,Masonry
841442,ORANGE COUNTY,Masonry
885447,ORANGE COUNTY,Masonry
180711,ORANGE COUNTY,Masonry
260465,ORANGE COUNTY,Reinforced Masonry
724130,SEMINOLE COUNTY,Masonry
880772,SEMINOLE COUNTY,Masonry
178547,ORANGE COUNTY,Wood
551695,ORANGE COUNTY,Wood
337414,ORANGE COUNTY,Wood
340476,ORANGE COUNTY,Masonry
280104,ORANGE COUNTY,Reinforced Masonry
223125,ORANGE COUNTY,Reinforced Masonry
875284,ORANGE COUNTY,Wood
937883,ORANGE COUNTY,Masonry
315866,ORANGE COUNTY,Masonry
533719,ORANGE COUNTY,Wood
887719,ORANGE COUNTY,Wood
438446,ORANGE COUNTY,Masonry
576068,ORANGE COUNTY,Wood
983120,ORANGE COUNTY,Reinforced Masonry
204739,ORANGE COUNTY,Wood
658834,ORANGE COUNTY,Wood
749495,ORANGE COUNTY,Wood
791969,ORANGE COUNTY,Masonry
944565,ORANGE COUNTY,Masonry
568249,ORANGE COUNTY,Wood
378896,ORANGE COUNTY,Wood
599617,ORANGE COUNTY,Wood
858588,ORANGE COUNTY,Wood
503246,ORANGE COUNTY,Wood
400493,ORANGE COUNTY,Wood
656053,ORANGE COUNTY,Wood
626583,ORANGE COUNTY,Wood
615681,ORANGE COUNTY,Wood
867867,ORANGE COUNTY,Wood
177430,ORANGE COUNTY,Wood
334615,ORANGE COUNTY,Wood
796849,ORANGE COUNTY,Masonry
718741,ORANGE COUNTY,Wood
229197,ORANGE COUNTY,Wood
310068,ORANGE COUNTY,Reinforced Masonry
240511,ORANGE COUNTY,Masonry
665070,ORANGE COUNTY,Masonry
390990,ORANGE COUNTY,Wood
410634,ORANGE COUNTY,Wood
659748,ORANGE COUNTY,Wood
395107,ORANGE COUNTY,Wood
682596,SEMINOLE COUNTY,Wood
981521,SEMINOLE COUNTY,Wood
723412,SEMINOLE COUNTY,Wood
546812,SEMINOLE COUNTY,Wood
579109,SEMINOLE COUNTY,Wood
703881,SEMINOLE COUNTY,Masonry
222608,SEMINOLE COUNTY,Wood
502705,SEMINOLE COUNTY,Masonry
798574,SEMINOLE COUNTY,Masonry
183731,SEMINOLE COUNTY,Masonry
138804,SEMINOLE COUNTY,Masonry
876858,SEMINOLE COUNTY,Wood
639108,SEMINOLE COUNTY,Wood
980390,SEMINOLE COUNTY,Wood
814008,SEMINOLE COUNTY,Wood
219829,SEMINOLE COUNTY,Wood
634473,SEMINOLE COUNTY,Masonry
471728,SEMINOLE COUNTY,Wood
577016,SEMINOLE COUNTY,Masonry
543773,SEMINOLE COUNTY,Wood
468842,SEMINOLE COUNTY,Reinforced Masonry
477009,SEMINOLE COUNTY,Wood
702221,SEMINOLE COUNTY,Wood
451547,SEMINOLE COUNTY,Wood
381251,SEMINOLE COUNTY,Wood
814778,SEMINOLE COUNTY,Wood
436177,SEMINOLE COUNTY,Wood
422270,SEMINOLE COUNTY,Wood
899033,SEMINOLE COUNTY,Wood
960443,SEMINOLE COUNTY,Wood
779063,SEMINOLE COUNTY,Wood
455228,SEMINOLE COUNTY,Wood
658749,SEMINOLE COUNTY,Wood
871275,SEMINOLE COUNTY,Wood
332589,SEMINOLE COUNTY,Wood
547574,SEMINOLE COUNTY,Wood
177428,SEMINOLE COUNTY,Wood
947369,SEMINOLE COUNTY,Wood
453235,SEMINOLE COUNTY,Wood
788602,SEMINOLE COUNTY,Masonry
743535,SEMINOLE COUNTY,Wood
935053,SEMINOLE COUNTY,Wood
812288,SEMINOLE COUNTY,Wood
303006,SEMINOLE COUNTY,Reinforced Masonry
580379,SEMINOLE COUNTY,Masonry
446311,SEMINOLE COUNTY,Wood
782245,SEMINOLE COUNTY,Wood
508328,SEMINOLE COUNTY,Wood
928701,SEMINOLE COUNTY,Wood
153920,SEMINOLE COUNTY,Wood
444812,SEMINOLE COUNTY,Wood
734386,SEMINOLE COUNTY,Wood
736510,SEMINOLE COUNTY,Wood
153703,SEMINOLE COUNTY,Wood
399167,SEMINOLE COUNTY,Wood
804950,SEMINOLE COUNTY,Wood
561857,SEMINOLE COUNTY,Wood
663430,SEMINOLE COUNTY,Wood
506115,SEMINOLE COUNTY,Wood
361754,SEMINOLE COUNTY,Wood
236203,SEMINOLE COUNTY,Wood
150135,SEMINOLE COUNTY,Wood
204804,SEMINOLE COUNTY,Wood
313605,SEMINOLE COUNTY,Wood
855449,SEMINOLE COUNTY,Wood
794748,SEMINOLE COUNTY,Wood
107051,SEMINOLE COUNTY,Wood
183602,SEMINOLE COUNTY,Wood
498491,SEMINOLE COUNTY,Wood
702253,SEMINOLE COUNTY,Wood
319385,SEMINOLE COUNTY,Wood
596894,SEMINOLE COUNTY,Wood
772433,SEMINOLE COUNTY,Wood
517203,SEMINOLE COUNTY,Wood
411653,SEMINOLE COUNTY,Wood
456625,SEMINOLE COUNTY,Wood
900269,SEMINOLE COUNTY,Wood
214401,SEMINOLE COUNTY,Wood
417975,SEMINOLE COUNTY,Wood
493066,SEMINOLE COUNTY,Masonry
822643,SEMINOLE COUNTY,Wood
477281,SEMINOLE COUNTY,Masonry
713004,SEMINOLE COUNTY,Wood
859645,SEMINOLE COUNTY,Masonry
354217,SEMINOLE COUNTY,Masonry
316833,SEMINOLE COUNTY,Wood
560360,SEMINOLE COUNTY,Wood
205495,SEMINOLE COUNTY,Wood
894651,SEMINOLE COUNTY,Masonry
785598,SEMINOLE COUNTY,Masonry
845083,SEMINOLE COUNTY,Masonry
630973,SEMINOLE COUNTY,Masonry
178266,SEMINOLE COUNTY,Wood
474414,SEMINOLE COUNTY,Masonry
190421,SEMINOLE COUNTY,Wood
619191,SEMINOLE COUNTY,Wood
398298,SEMINOLE COUNTY,Wood
987070,SEMINOLE COUNTY,Wood
179662,SEMINOLE COUNTY,Wood
740875,SEMINOLE COUNTY,Wood
669752,SEMINOLE COUNTY,Wood
717318,SEMINOLE COUNTY,Wood
753485,SEMINOLE COUNTY,Wood
218589,SEMINOLE COUNTY,Wood
797016,SEMINOLE COUNTY,Wood
666109,SEMINOLE COUNTY,Wood
581344,SEMINOLE COUNTY,Wood
496111,SEMINOLE COUNTY,Wood
258139,SEMINOLE COUNTY,Wood
673015,SEMINOLE COUNTY,Wood
652869,SEMINOLE COUNTY,Wood
955115,SEMINOLE COUNTY,Wood
196125,SEMINOLE COUNTY,Wood
591714,SEMINOLE COUNTY,Wood
558323,SEMINOLE COUNTY,Wood
758909,SEMINOLE COUNTY,Wood
458681,SEMINOLE COUNTY,Wood
854459,SEMINOLE COUNTY,Wood
854703,SEMINOLE COUNTY,Wood
770733,SEMINOLE COUNTY,Wood
847896,SEMINOLE COUNTY,Wood
463800,SEMINOLE COUNTY,Wood
571317,SEMINOLE COUNTY,Wood
354908,SEMINOLE COUNTY,Wood
586642,SEMINOLE COUNTY,Wood
160249,SEMINOLE COUNTY,Wood
528823,SEMINOLE COUNTY,Wood
358339,SEMINOLE COUNTY,Wood
339127,SEMINOLE COUNTY,Wood
215597,SEMINOLE COUNTY,Masonry
204263,SEMINOLE COUNTY,Reinforced Concrete
351114,SEMINOLE COUNTY,Masonry
108618,SEMINOLE COUNTY,Masonry
561269,SEMINOLE COUNTY,Masonry
705290,SEMINOLE COUNTY,Reinforced Masonry
208802,SEMINOLE COUNTY,Masonry
782643,SEMINOLE COUNTY,Wood
648136,SEMINOLE COUNTY,Masonry
512912,SEMINOLE COUNTY,Masonry
105883,SEMINOLE COUNTY,Reinforced Masonry
698725,SEMINOLE COUNTY,Masonry
269604,SEMINOLE COUNTY,Masonry
150736,SEMINOLE COUNTY,Masonry
931796,SEMINOLE COUNTY,Masonry
958825,SEMINOLE COUNTY,Wood
487364,SEMINOLE COUNTY,Reinforced Masonry
231834,SEMINOLE COUNTY,Wood
583499,SEMINOLE COUNTY,Masonry
889978,SEMINOLE COUNTY,Masonry
216609,SEMINOLE COUNTY,Wood
182675,SEMINOLE COUNTY,Masonry
842179,SEMINOLE COUNTY,Masonry
637024,SEMINOLE COUNTY,Masonry
458457,SEMINOLE COUNTY,Wood
303988,SEMINOLE COUNTY,Masonry
460850,SEMINOLE COUNTY,Wood
444202,SEMINOLE COUNTY,Wood
993870,SEMINOLE COUNTY,Wood
904351,SEMINOLE COUNTY,Wood
937993,SEMINOLE COUNTY,Wood
928692,SEMINOLE COUNTY,Wood
854873,SEMINOLE COUNTY,Wood
924217,SEMINOLE COUNTY,Wood
469422,SEMINOLE COUNTY,Wood
486613,SEMINOLE COUNTY,Wood
717438,SEMINOLE COUNTY,Masonry
716372,SEMINOLE COUNTY,Wood
728231,SEMINOLE COUNTY,Wood
912939,SEMINOLE COUNTY,Masonry
817375,SEMINOLE COUNTY,Wood
158157,SEMINOLE COUNTY,Masonry
959746,SEMINOLE COUNTY,Wood
743800,SEMINOLE COUNTY,Wood
168316,SEMINOLE COUNTY,Wood
690436,SEMINOLE COUNTY,Wood
365572,SEMINOLE COUNTY,Wood
457610,SEMINOLE COUNTY,Wood
995820,SEMINOLE COUNTY,Wood
175507,SEMINOLE COUNTY,Wood
881231,SEMINOLE COUNTY,Wood
379254,SEMINOLE COUNTY,Wood
224118,SEMINOLE COUNTY,Wood
877164,SEMINOLE COUNTY,Wood
755627,SEMINOLE COUNTY,Wood
178367,SEMINOLE COUNTY,Wood
793743,SEMINOLE COUNTY,Wood
596798,SEMINOLE COUNTY,Wood
603973,SEMINOLE COUNTY,Wood
151105,SEMINOLE COUNTY,Wood
998959,SEMINOLE COUNTY,Wood
337349,SEMINOLE COUNTY,Wood
539184,SEMINOLE COUNTY,Wood
132038,SEMINOLE COUNTY,Wood
499151,SEMINOLE COUNTY,Masonry
984705,SEMINOLE COUNTY,Wood
215062,SEMINOLE COUNTY,Wood
513075,SEMINOLE COUNTY,Wood
686858,SEMINOLE COUNTY,Wood
921368,SEMINOLE COUNTY,Wood
264122,SEMINOLE COUNTY,Masonry
579231,SEMINOLE COUNTY,Wood
271013,SEMINOLE COUNTY,Wood
781328,SEMINOLE COUNTY,Wood
955339,SEMINOLE COUNTY,Wood
278435,SEMINOLE COUNTY,Wood
527744,SEMINOLE COUNTY,Wood
942421,SEMINOLE COUNTY,Wood
419674,SEMINOLE COUNTY,Wood
400777,SEMINOLE COUNTY,Wood
846517,SEMINOLE COUNTY,Wood
249574,SEMINOLE COUNTY,Wood
553254,SEMINOLE COUNTY,Wood
687564,SEMINOLE COUNTY,Masonry
808190,SEMINOLE COUNTY,Masonry
597743,SEMINOLE COUNTY,Reinforced Concrete
614920,SEMINOLE COUNTY,Masonry
739587,SEMINOLE COUNTY,Masonry
308869,SEMINOLE COUNTY,Reinforced Masonry
883600,SEMINOLE COUNTY,Reinforced Masonry
661728,SEMINOLE COUNTY,Reinforced Masonry
155165,SEMINOLE COUNTY,Wood
180308,SEMINOLE COUNTY,Wood
946232,SEMINOLE COUNTY,Reinforced Concrete
834920,SEMINOLE COUNTY,Masonry
439387,SEMINOLE COUNTY,Masonry
831974,SEMINOLE COUNTY,Reinforced Masonry
466485,SEMINOLE COUNTY,Masonry
411190,SEMINOLE COUNTY,Masonry
476709,SEMINOLE COUNTY,Masonry
263455,SEMINOLE COUNTY,Wood
854234,SEMINOLE COUNTY,Masonry
483318,SEMINOLE COUNTY,Masonry
256283,SEMINOLE COUNTY,Reinforced Masonry
904090,SEMINOLE COUNTY,Reinforced Masonry
531764,SEMINOLE COUNTY,Masonry
771057,SEMINOLE COUNTY,Wood
730427,SEMINOLE COUNTY,Wood
352088,SEMINOLE COUNTY,Wood
864800,SEMINOLE COUNTY,Masonry
433395,SEMINOLE COUNTY,Masonry
298799,SEMINOLE COUNTY,Wood
960988,ORANGE COUNTY,Wood
327073,ORANGE COUNTY,Masonry
876180,ORANGE COUNTY,Wood
777412,ORANGE COUNTY,Wood
350454,ORANGE COUNTY,Wood
775875,ORANGE COUNTY,Wood
864601,ORANGE COUNTY,Wood
628207,ORANGE COUNTY,Wood
405765,ORANGE COUNTY,Wood
462992,ORANGE COUNTY,Wood
382162,ORANGE COUNTY,Wood
689962,ORANGE COUNTY,Masonry
292711,ORANGE COUNTY,Wood
481966,ORANGE COUNTY,Wood
679807,ORANGE COUNTY,Wood
452104,ORANGE COUNTY,Masonry
752086,ORANGE COUNTY,Wood
941330,ORANGE COUNTY,Reinforced Concrete
586393,ORANGE COUNTY,Wood
877691,ORANGE COUNTY,Masonry
491207,ORANGE COUNTY,Masonry
981595,ORANGE COUNTY,Masonry
775893,ORANGE COUNTY,Masonry
849156,ORANGE COUNTY,Wood
919714,ORANGE COUNTY,Wood
782729,ORANGE COUNTY,Wood
435278,ORANGE COUNTY,Reinforced Masonry
159815,ORANGE COUNTY,Masonry
282075,ORANGE COUNTY,Wood
166767,ORANGE COUNTY,Wood
122391,ORANGE COUNTY,Wood
265123,ORANGE COUNTY,Wood
559754,ORANGE COUNTY,Wood
241837,ORANGE COUNTY,Reinforced Concrete
889530,ORANGE COUNTY,Reinforced Masonry
705524,ORANGE COUNTY,Wood
705236,ORANGE COUNTY,Reinforced Concrete
658529,ORANGE COUNTY,Reinforced Concrete
501961,ORANGE COUNTY,Steel Frame
650684,VOLUSIA COUNTY,Masonry
824793,VOLUSIA COUNTY,Wood
811629,VOLUSIA COUNTY,Masonry
355253,VOLUSIA COUNTY,Masonry
850212,VOLUSIA COUNTY,Wood
948730,VOLUSIA COUNTY,Masonry
328093,VOLUSIA COUNTY,Masonry
222750,VOLUSIA COUNTY,Wood
650061,VOLUSIA COUNTY,Wood
114474,VOLUSIA COUNTY,Wood
929794,VOLUSIA COUNTY,Wood
216776,VOLUSIA COUNTY,Wood
126595,VOLUSIA COUNTY,Wood
207624,VOLUSIA COUNTY,Wood
147811,VOLUSIA COUNTY,Wood
395351,VOLUSIA COUNTY,Wood
816706,VOLUSIA COUNTY,Wood
230307,VOLUSIA COUNTY,Wood
369178,VOLUSIA COUNTY,Wood
840985,VOLUSIA COUNTY,Wood
778781,VOLUSIA COUNTY,Wood
796126,VOLUSIA COUNTY,Wood
750616,VOLUSIA COUNTY,Wood
922976,VOLUSIA COUNTY,Wood
727788,VOLUSIA COUNTY,Wood
895085,VOLUSIA COUNTY,Wood
214667,VOLUSIA COUNTY,Wood
320129,VOLUSIA COUNTY,Wood
273067,VOLUSIA COUNTY,Wood
859439,VOLUSIA COUNTY,Wood
384747,VOLUSIA COUNTY,Wood
265481,VOLUSIA COUNTY,Wood
672561,VOLUSIA COUNTY,Wood
711217,VOLUSIA COUNTY,Wood
278200,VOLUSIA COUNTY,Wood
615893,VOLUSIA COUNTY,Wood
709139,VOLUSIA COUNTY,Wood
877098,VOLUSIA COUNTY,Wood
897656,VOLUSIA COUNTY,Wood
943291,VOLUSIA COUNTY,Wood
517863,VOLUSIA COUNTY,Wood
635443,VOLUSIA COUNTY,Wood
663891,VOLUSIA COUNTY,Wood
610109,VOLUSIA COUNTY,Wood
266792,VOLUSIA COUNTY,Wood
327850,VOLUSIA COUNTY,Wood
943983,VOLUSIA COUNTY,Wood
859904,VOLUSIA COUNTY,Wood
824282,VOLUSIA COUNTY,Wood
458417,VOLUSIA COUNTY,Wood
102629,VOLUSIA COUNTY,Wood
918370,VOLUSIA COUNTY,Wood
804631,VOLUSIA COUNTY,Wood
905992,VOLUSIA COUNTY,Wood
669524,VOLUSIA COUNTY,Wood
945137,VOLUSIA COUNTY,Wood
170048,VOLUSIA COUNTY,Wood
609228,VOLUSIA COUNTY,Wood
886832,VOLUSIA COUNTY,Wood
422968,VOLUSIA COUNTY,Wood
772064,VOLUSIA COUNTY,Wood
100406,VOLUSIA COUNTY,Wood
676030,VOLUSIA COUNTY,Wood
360421,VOLUSIA COUNTY,Wood
787081,VOLUSIA COUNTY,Wood
409016,VOLUSIA COUNTY,Wood
486177,VOLUSIA COUNTY,Wood
653675,VOLUSIA COUNTY,Wood
267104,VOLUSIA COUNTY,Wood
499487,VOLUSIA COUNTY,Wood
150111,VOLUSIA COUNTY,Wood
576448,VOLUSIA COUNTY,Reinforced Masonry
739874,VOLUSIA COUNTY,Masonry
914224,VOLUSIA COUNTY,Wood
963608,VOLUSIA COUNTY,Wood
716028,VOLUSIA COUNTY,Masonry
158357,VOLUSIA COUNTY,Masonry
204672,VOLUSIA COUNTY,Wood
196580,VOLUSIA COUNTY,Wood
237367,VOLUSIA COUNTY,Wood
266823,SEMINOLE COUNTY,Masonry
752535,SEMINOLE COUNTY,Masonry
757259,SEMINOLE COUNTY,Masonry
364611,SEMINOLE COUNTY,Masonry
693984,SEMINOLE COUNTY,Masonry
557784,SEMINOLE COUNTY,Masonry
146979,SEMINOLE COUNTY,Masonry
713631,SEMINOLE COUNTY,Masonry
564756,SEMINOLE COUNTY,Wood
812199,SEMINOLE COUNTY,Wood
840542,SEMINOLE COUNTY,Wood
104806,SEMINOLE COUNTY,Wood
738393,SEMINOLE COUNTY,Wood
450124,SEMINOLE COUNTY,Wood
789219,SEMINOLE COUNTY,Wood
791844,SEMINOLE COUNTY,Masonry
151810,SEMINOLE COUNTY,Masonry
833672,SEMINOLE COUNTY,Masonry
543396,SEMINOLE COUNTY,Reinforced Masonry
599471,SEMINOLE COUNTY,Reinforced Masonry
379343,SEMINOLE COUNTY,Reinforced Masonry
293904,SEMINOLE COUNTY,Wood
132127,SEMINOLE COUNTY,Wood
709767,SEMINOLE COUNTY,Wood
383835,SEMINOLE COUNTY,Masonry
240105,SEMINOLE COUNTY,Wood
895382,SEMINOLE COUNTY,Wood
208198,SEMINOLE COUNTY,Reinforced Masonry
544186,SEMINOLE COUNTY,Reinforced Concrete
478059,SEMINOLE COUNTY,Wood
653530,SEMINOLE COUNTY,Masonry
581493,SEMINOLE COUNTY,Masonry
532164,SEMINOLE COUNTY,Wood
992071,SEMINOLE COUNTY,Wood
571519,SEMINOLE COUNTY,Masonry
462693,SEMINOLE COUNTY,Masonry
251655,SEMINOLE COUNTY,Wood
425458,SEMINOLE COUNTY,Masonry
773823,SEMINOLE COUNTY,Masonry
858567,SEMINOLE COUNTY,Wood
762658,SEMINOLE COUNTY,Reinforced Masonry
437728,SEMINOLE COUNTY,Masonry
313588,SEMINOLE COUNTY,Masonry
645460,SEMINOLE COUNTY,Masonry
992617,SEMINOLE COUNTY,Masonry
418380,SEMINOLE COUNTY,Wood
999741,SEMINOLE COUNTY,Wood
275152,SEMINOLE COUNTY,Wood
548500,SEMINOLE COUNTY,Wood
196745,SEMINOLE COUNTY,Wood
696619,SEMINOLE COUNTY,Wood
480512,SEMINOLE COUNTY,Wood
810147,SEMINOLE COUNTY,Wood
273195,SEMINOLE COUNTY,Masonry
160327,SEMINOLE COUNTY,Masonry
621578,SEMINOLE COUNTY,Wood
618222,SEMINOLE COUNTY,Wood
583738,SEMINOLE COUNTY,Masonry
651331,SEMINOLE COUNTY,Wood
437686,SEMINOLE COUNTY,Wood
254272,SEMINOLE COUNTY,Wood
675633,SEMINOLE COUNTY,Wood
663636,SEMINOLE COUNTY,Wood
565313,SEMINOLE COUNTY,Wood
257905,SEMINOLE COUNTY,Wood
468991,SEMINOLE COUNTY,Masonry
265637,SEMINOLE COUNTY,Reinforced Concrete
890581,SEMINOLE COUNTY,Reinforced Masonry
573907,SEMINOLE COUNTY,Masonry
975456,SEMINOLE COUNTY,Reinforced Masonry
835857,SEMINOLE COUNTY,Reinforced Concrete
980254,SEMINOLE COUNTY,Reinforced Masonry
342482,SEMINOLE COUNTY,Reinforced Concrete
894017,SEMINOLE COUNTY,Masonry
922460,SEMINOLE COUNTY,Masonry
762742,SEMINOLE COUNTY,Masonry
182971,SEMINOLE COUNTY,Masonry
165828,SEMINOLE COUNTY,Wood
914569,SEMINOLE COUNTY,Reinforced Masonry
408779,SEMINOLE COUNTY,Reinforced Masonry
541011,SEMINOLE COUNTY,Reinforced Masonry
559069,SEMINOLE COUNTY,Wood
989621,SEMINOLE COUNTY,Wood
647082,SEMINOLE COUNTY,Masonry
277742,SEMINOLE COUNTY,Wood
254306,SEMINOLE COUNTY,Reinforced Masonry
299967,SEMINOLE COUNTY,Masonry
384809,SEMINOLE COUNTY,Masonry
596247,SEMINOLE COUNTY,Masonry
969408,SEMINOLE COUNTY,Reinforced Masonry
923840,SEMINOLE COUNTY,Masonry
152028,SEMINOLE COUNTY,Masonry
494047,SEMINOLE COUNTY,Wood
879420,SEMINOLE COUNTY,Wood
142754,SEMINOLE COUNTY,Masonry
452401,SEMINOLE COUNTY,Wood
533721,SEMINOLE COUNTY,Wood
216361,SEMINOLE COUNTY,Masonry
723319,SEMINOLE COUNTY,Masonry
458128,SEMINOLE COUNTY,Masonry
362583,SEMINOLE COUNTY,Masonry
597266,SEMINOLE COUNTY,Masonry
183346,SEMINOLE COUNTY,Reinforced Masonry
879414,VOLUSIA COUNTY,Wood
391573,VOLUSIA COUNTY,Reinforced Masonry
830766,VOLUSIA COUNTY,Masonry
529679,VOLUSIA COUNTY,Wood
382187,VOLUSIA COUNTY,Wood
105406,VOLUSIA COUNTY,Wood
396196,VOLUSIA COUNTY,Reinforced Masonry
606759,VOLUSIA COUNTY,Reinforced Masonry
947951,VOLUSIA COUNTY,Masonry
277809,VOLUSIA COUNTY,Masonry
190319,VOLUSIA COUNTY,Reinforced Masonry
538114,VOLUSIA COUNTY,Wood
351299,VOLUSIA COUNTY,Masonry
543315,VOLUSIA COUNTY,Reinforced Masonry
560348,VOLUSIA COUNTY,Reinforced Masonry
966714,VOLUSIA COUNTY,Masonry
864195,VOLUSIA COUNTY,Wood
941985,VOLUSIA COUNTY,Wood
120551,VOLUSIA COUNTY,Masonry
746369,VOLUSIA COUNTY,Masonry
919045,VOLUSIA COUNTY,Masonry
556306,VOLUSIA COUNTY,Masonry
148010,VOLUSIA COUNTY,Masonry
222845,VOLUSIA COUNTY,Masonry
187623,VOLUSIA COUNTY,Reinforced Concrete
133300,VOLUSIA COUNTY,Masonry
712435,VOLUSIA COUNTY,Reinforced Masonry
741505,VOLUSIA COUNTY,Wood
136047,VOLUSIA COUNTY,Reinforced Masonry
655600,VOLUSIA COUNTY,Wood
915200,VOLUSIA COUNTY,Masonry
715975,VOLUSIA COUNTY,Wood
695144,VOLUSIA COUNTY,Wood
859535,VOLUSIA COUNTY,Wood
730550,VOLUSIA COUNTY,Wood
238020,VOLUSIA COUNTY,Masonry
813725,VOLUSIA COUNTY,Masonry
331124,VOLUSIA COUNTY,Wood
463311,VOLUSIA COUNTY,Reinforced Masonry
694006,VOLUSIA COUNTY,Wood
621123,VOLUSIA COUNTY,Masonry
863196,VOLUSIA COUNTY,Wood
786615,VOLUSIA COUNTY,Masonry
656031,VOLUSIA COUNTY,Masonry
170947,VOLUSIA COUNTY,Wood
631965,VOLUSIA COUNTY,Wood
638133,VOLUSIA COUNTY,Wood
745305,VOLUSIA COUNTY,Masonry
169390,VOLUSIA COUNTY,Wood
964634,VOLUSIA COUNTY,Wood
198525,VOLUSIA COUNTY,Masonry
536414,VOLUSIA COUNTY,Wood
721657,VOLUSIA COUNTY,Reinforced Masonry
527425,VOLUSIA COUNTY,Masonry
429571,VOLUSIA COUNTY,Masonry
292378,VOLUSIA COUNTY,Wood
668065,VOLUSIA COUNTY,Wood
312042,VOLUSIA COUNTY,Reinforced Masonry
916939,VOLUSIA COUNTY,Wood
790656,VOLUSIA COUNTY,Wood
283590,VOLUSIA COUNTY,Wood
610159,VOLUSIA COUNTY,Wood
486421,VOLUSIA COUNTY,Wood
945096,VOLUSIA COUNTY,Wood
399038,VOLUSIA COUNTY,Wood
367827,VOLUSIA COUNTY,Wood
579830,VOLUSIA COUNTY,Masonry
306050,VOLUSIA COUNTY,Wood
264110,VOLUSIA COUNTY,Wood
635501,VOLUSIA COUNTY,Masonry
238242,VOLUSIA COUNTY,Masonry
299763,VOLUSIA COUNTY,Masonry
979896,VOLUSIA COUNTY,Masonry
461666,VOLUSIA COUNTY,Masonry
807804,VOLUSIA COUNTY,Masonry
211173,VOLUSIA COUNTY,Reinforced Masonry
959466,VOLUSIA COUNTY,Wood
231532,VOLUSIA COUNTY,Reinforced Masonry
770470,VOLUSIA COUNTY,Wood
294229,VOLUSIA COUNTY,Masonry
774741,VOLUSIA COUNTY,Reinforced Masonry
139991,VOLUSIA COUNTY,Reinforced Masonry
693820,VOLUSIA COUNTY,Reinforced Masonry
989069,VOLUSIA COUNTY,Reinforced Masonry
804053,VOLUSIA COUNTY,Wood
483810,VOLUSIA COUNTY,Wood
604953,VOLUSIA COUNTY,Wood
741671,VOLUSIA COUNTY,Reinforced Masonry
155003,VOLUSIA COUNTY,Reinforced Masonry
424544,VOLUSIA COUNTY,Masonry
427227,VOLUSIA COUNTY,Reinforced Masonry
914107,VOLUSIA COUNTY,Wood
357509,VOLUSIA COUNTY,Masonry
192429,VOLUSIA COUNTY,Reinforced Masonry
183250,VOLUSIA COUNTY,Wood
106282,VOLUSIA COUNTY,Masonry
732266,VOLUSIA COUNTY,Wood
332303,VOLUSIA COUNTY,Masonry
862049,VOLUSIA COUNTY,Masonry
805179,VOLUSIA COUNTY,Wood
270133,VOLUSIA COUNTY,Wood
324098,VOLUSIA COUNTY,Masonry
308001,VOLUSIA COUNTY,Masonry
964793,VOLUSIA COUNTY,Masonry
925188,VOLUSIA COUNTY,Reinforced Concrete
244068,VOLUSIA COUNTY,Wood
142480,VOLUSIA COUNTY,Reinforced Concrete
631264,VOLUSIA COUNTY,Steel Frame
109567,VOLUSIA COUNTY,Reinforced Masonry
436907,VOLUSIA COUNTY,Masonry
351895,VOLUSIA COUNTY,Reinforced Masonry
359580,VOLUSIA COUNTY,Wood
285385,VOLUSIA COUNTY,Wood
829699,VOLUSIA COUNTY,Wood
430448,VOLUSIA COUNTY,Wood
992607,VOLUSIA COUNTY,Wood
503381,VOLUSIA COUNTY,Wood
126134,VOLUSIA COUNTY,Masonry
447229,VOLUSIA COUNTY,Wood
447474,VOLUSIA COUNTY,Wood
876796,VOLUSIA COUNTY,Wood
559664,VOLUSIA COUNTY,Wood
168946,VOLUSIA COUNTY,Wood
940004,VOLUSIA COUNTY,Wood
841937,VOLUSIA COUNTY,Masonry
462164,VOLUSIA COUNTY,Masonry
731298,VOLUSIA COUNTY,Masonry
887745,VOLUSIA COUNTY,Wood
664130,VOLUSIA COUNTY,Wood
878508,VOLUSIA COUNTY,Wood
457960,VOLUSIA COUNTY,Wood
829503,VOLUSIA COUNTY,Wood
483922,VOLUSIA COUNTY,Wood
831205,VOLUSIA COUNTY,Wood
586857,VOLUSIA COUNTY,Masonry
260410,VOLUSIA COUNTY,Masonry
767388,VOLUSIA COUNTY,Masonry
411732,VOLUSIA COUNTY,Wood
780941,VOLUSIA COUNTY,Wood
207071,VOLUSIA COUNTY,Wood
218694,VOLUSIA COUNTY,Masonry
243854,VOLUSIA COUNTY,Reinforced Masonry
608442,VOLUSIA COUNTY,Masonry
456720,VOLUSIA COUNTY,Masonry
178194,VOLUSIA COUNTY,Masonry
865159,VOLUSIA COUNTY,Masonry
601654,VOLUSIA COUNTY,Masonry
913647,VOLUSIA COUNTY,Masonry
276766,VOLUSIA COUNTY,Masonry
159726,VOLUSIA COUNTY,Masonry
636308,VOLUSIA COUNTY,Masonry
902378,VOLUSIA COUNTY,Masonry
644508,VOLUSIA COUNTY,Masonry
938058,VOLUSIA COUNTY,Masonry
789878,VOLUSIA COUNTY,Masonry
608728,VOLUSIA COUNTY,Wood
566075,VOLUSIA COUNTY,Wood
294096,VOLUSIA COUNTY,Wood
391242,VOLUSIA COUNTY,Wood
779894,VOLUSIA COUNTY,Wood
531533,VOLUSIA COUNTY,Wood
854363,VOLUSIA COUNTY,Wood
558161,VOLUSIA COUNTY,Wood
156671,VOLUSIA COUNTY,Wood
182153,VOLUSIA COUNTY,Masonry
947656,VOLUSIA COUNTY,Wood
852607,VOLUSIA COUNTY,Wood
826611,VOLUSIA COUNTY,Wood
772188,VOLUSIA COUNTY,Wood
211810,VOLUSIA COUNTY,Wood
961787,VOLUSIA COUNTY,Masonry
554250,VOLUSIA COUNTY,Masonry
429564,VOLUSIA COUNTY,Wood
745859,VOLUSIA COUNTY,Masonry
750464,VOLUSIA COUNTY,Reinforced Masonry
354954,VOLUSIA COUNTY,Masonry
709542,VOLUSIA COUNTY,Reinforced Masonry
606580,VOLUSIA COUNTY,Reinforced Masonry
498816,VOLUSIA COUNTY,Reinforced Masonry
525008,VOLUSIA COUNTY,Reinforced Masonry
156299,VOLUSIA COUNTY,Reinforced Masonry
812058,VOLUSIA COUNTY,Masonry
250218,VOLUSIA COUNTY,Masonry
183179,VOLUSIA COUNTY,Reinforced Masonry
368263,VOLUSIA COUNTY,Reinforced Masonry
886923,VOLUSIA COUNTY,Masonry
859408,VOLUSIA COUNTY,Masonry
258050,VOLUSIA COUNTY,Masonry
963534,VOLUSIA COUNTY,Wood
392422,VOLUSIA COUNTY,Masonry
426607,VOLUSIA COUNTY,Reinforced Masonry
587737,VOLUSIA COUNTY,Masonry
166275,VOLUSIA COUNTY,Reinforced Masonry
446151,VOLUSIA COUNTY,Reinforced Masonry
757424,VOLUSIA COUNTY,Masonry
435954,VOLUSIA COUNTY,Reinforced Masonry
949303,VOLUSIA COUNTY,Wood
755023,VOLUSIA COUNTY,Reinforced Masonry
867885,VOLUSIA COUNTY,Masonry
942889,VOLUSIA COUNTY,Reinforced Masonry
412509,VOLUSIA COUNTY,Reinforced Masonry
553687,VOLUSIA COUNTY,Reinforced Masonry
447026,VOLUSIA COUNTY,Reinforced Masonry
903968,VOLUSIA COUNTY,Reinforced Masonry
734331,VOLUSIA COUNTY,Reinforced Masonry
827598,VOLUSIA COUNTY,Reinforced Masonry
707219,VOLUSIA COUNTY,Masonry
788927,VOLUSIA COUNTY,Reinforced Masonry
947337,VOLUSIA COUNTY,Reinforced Masonry
673112,VOLUSIA COUNTY,Reinforced Masonry
358311,VOLUSIA COUNTY,Wood
603345,VOLUSIA COUNTY,Reinforced Masonry
968941,VOLUSIA COUNTY,Reinforced Masonry
135329,VOLUSIA COUNTY,Masonry
220344,VOLUSIA COUNTY,Wood
693063,VOLUSIA COUNTY,Wood
620982,VOLUSIA COUNTY,Wood
343063,VOLUSIA COUNTY,Wood
390550,VOLUSIA COUNTY,Masonry
799838,VOLUSIA COUNTY,Reinforced Masonry
293920,VOLUSIA COUNTY,Wood
732968,VOLUSIA COUNTY,Wood
344472,VOLUSIA COUNTY,Wood
129179,VOLUSIA COUNTY,Wood
794736,VOLUSIA COUNTY,Wood
450796,VOLUSIA COUNTY,Wood
919820,VOLUSIA COUNTY,Masonry
681429,VOLUSIA COUNTY,Wood
265561,VOLUSIA COUNTY,Wood
853924,VOLUSIA COUNTY,Wood
288417,VOLUSIA COUNTY,Wood
173470,VOLUSIA COUNTY,Wood
562608,VOLUSIA COUNTY,Wood
310267,VOLUSIA COUNTY,Wood
425288,VOLUSIA COUNTY,Wood
394177,VOLUSIA COUNTY,Wood
585522,VOLUSIA COUNTY,Wood
298309,VOLUSIA COUNTY,Wood
398741,VOLUSIA COUNTY,Masonry
509160,VOLUSIA COUNTY,Wood
889314,VOLUSIA COUNTY,Wood
968405,VOLUSIA COUNTY,Wood
521895,VOLUSIA COUNTY,Wood
171129,VOLUSIA COUNTY,Wood
413886,VOLUSIA COUNTY,Wood
889141,VOLUSIA COUNTY,Wood
737163,VOLUSIA COUNTY,Wood
234164,VOLUSIA COUNTY,Masonry
695478,VOLUSIA COUNTY,Wood
896742,VOLUSIA COUNTY,Wood
544538,VOLUSIA COUNTY,Wood
139386,VOLUSIA COUNTY,Wood
838550,VOLUSIA COUNTY,Masonry
516594,VOLUSIA COUNTY,Wood
906860,VOLUSIA COUNTY,Wood
845265,VOLUSIA COUNTY,Wood
505270,VOLUSIA COUNTY,Wood
298990,VOLUSIA COUNTY,Wood
828240,VOLUSIA COUNTY,Masonry
811501,VOLUSIA COUNTY,Wood
412498,VOLUSIA COUNTY,Wood
591326,VOLUSIA COUNTY,Wood
764777,VOLUSIA COUNTY,Wood
881702,VOLUSIA COUNTY,Wood
996356,VOLUSIA COUNTY,Wood
603053,VOLUSIA COUNTY,Masonry
163770,LAKE COUNTY,Wood
150253,LAKE COUNTY,Wood
250831,LAKE COUNTY,Wood
559942,LAKE COUNTY,Reinforced Masonry
451903,LAKE COUNTY,Wood
920929,LAKE COUNTY,Masonry
310100,LAKE COUNTY,Masonry
435102,LAKE COUNTY,Wood
204719,LAKE COUNTY,Wood
411022,LAKE COUNTY,Masonry
338711,LAKE COUNTY,Masonry
915565,LAKE COUNTY,Masonry
671785,LAKE COUNTY,Reinforced Masonry
503920,LAKE COUNTY,Reinforced Masonry
732828,LAKE COUNTY,Masonry
125058,LAKE COUNTY,Masonry
327351,LAKE COUNTY,Reinforced Masonry
876405,LAKE COUNTY,Masonry
204060,LAKE COUNTY,Masonry
248138,LAKE COUNTY,Reinforced Masonry
712038,LAKE COUNTY,Masonry
903500,LAKE COUNTY,Masonry
431606,LAKE COUNTY,Wood
751058,LAKE COUNTY,Masonry
310467,LAKE COUNTY,Masonry
820709,LAKE COUNTY,Masonry
255982,LAKE COUNTY,Wood
267354,LAKE COUNTY,Wood
264809,LAKE COUNTY,Wood
647621,LAKE COUNTY,Wood
732722,LAKE COUNTY,Wood
463986,LAKE COUNTY,Wood
823084,LAKE COUNTY,Wood
807540,LAKE COUNTY,Wood
767260,LAKE COUNTY,Wood
614268,LAKE COUNTY,Wood
106764,LAKE COUNTY,Wood
155995,SEMINOLE COUNTY,Wood
101438,SEMINOLE COUNTY,Masonry
641492,SEMINOLE COUNTY,Wood
580551,SEMINOLE COUNTY,Reinforced Concrete
637588,SEMINOLE COUNTY,Masonry
347052,SEMINOLE COUNTY,Masonry
687356,SEMINOLE COUNTY,Masonry
733020,SEMINOLE COUNTY,Wood
334542,SEMINOLE COUNTY,Masonry
328236,SEMINOLE COUNTY,Wood
922466,SEMINOLE COUNTY,Wood
314937,SEMINOLE COUNTY,Wood
275117,SEMINOLE COUNTY,Wood
195767,SEMINOLE COUNTY,Wood
260892,SEMINOLE COUNTY,Wood
230842,SEMINOLE COUNTY,Wood
438770,SEMINOLE COUNTY,Wood
773092,SEMINOLE COUNTY,Wood
731372,SEMINOLE COUNTY,Wood
128514,SEMINOLE COUNTY,Reinforced Masonry
869060,SEMINOLE COUNTY,Masonry
793337,SEMINOLE COUNTY,Reinforced Masonry
879888,SEMINOLE COUNTY,Masonry
651855,SEMINOLE COUNTY,Wood
816548,SEMINOLE COUNTY,Masonry
255186,LAKE COUNTY,Reinforced Masonry
891174,LAKE COUNTY,Masonry
764421,LAKE COUNTY,Reinforced Masonry
212589,LAKE COUNTY,Reinforced Masonry
501355,LAKE COUNTY,Wood
967607,LAKE COUNTY,Wood
298040,LAKE COUNTY,Masonry
331224,LAKE COUNTY,Wood
395689,VOLUSIA COUNTY,Reinforced Concrete
626320,VOLUSIA COUNTY,Wood
517850,VOLUSIA COUNTY,Reinforced Masonry
602231,VOLUSIA COUNTY,Wood
528973,VOLUSIA COUNTY,Wood
661379,VOLUSIA COUNTY,Masonry
510961,VOLUSIA COUNTY,Reinforced Masonry
293174,VOLUSIA COUNTY,Reinforced Masonry
241412,VOLUSIA COUNTY,Masonry
842297,VOLUSIA COUNTY,Masonry
775327,VOLUSIA COUNTY,Reinforced Masonry
967123,VOLUSIA COUNTY,Reinforced Masonry
527311,VOLUSIA COUNTY,Reinforced Masonry
483107,VOLUSIA COUNTY,Reinforced Masonry
449978,VOLUSIA COUNTY,Reinforced Masonry
896552,VOLUSIA COUNTY,Wood
920389,VOLUSIA COUNTY,Reinforced Masonry
647733,VOLUSIA COUNTY,Masonry
605217,VOLUSIA COUNTY,Masonry
293281,VOLUSIA COUNTY,Wood
400331,VOLUSIA COUNTY,Masonry
127276,VOLUSIA COUNTY,Wood
947492,VOLUSIA COUNTY,Wood
514143,VOLUSIA COUNTY,Wood
979112,VOLUSIA COUNTY,Wood
140442,VOLUSIA COUNTY,Wood
916108,VOLUSIA COUNTY,Wood
203143,VOLUSIA COUNTY,Wood
813448,VOLUSIA COUNTY,Masonry
545946,VOLUSIA COUNTY,Masonry
623239,VOLUSIA COUNTY,Wood
856786,VOLUSIA COUNTY,Wood
864986,VOLUSIA COUNTY,Wood
783495,VOLUSIA COUNTY,Masonry
575748,VOLUSIA COUNTY,Wood
137274,VOLUSIA COUNTY,Wood
307837,VOLUSIA COUNTY,Wood
415003,VOLUSIA COUNTY,Wood
124570,VOLUSIA COUNTY,Wood
883195,VOLUSIA COUNTY,Wood
523950,VOLUSIA COUNTY,Wood
248273,VOLUSIA COUNTY,Wood
378198,VOLUSIA COUNTY,Wood
729623,VOLUSIA COUNTY,Wood
497108,VOLUSIA COUNTY,Wood
680585,VOLUSIA COUNTY,Wood
345374,VOLUSIA COUNTY,Wood
418995,VOLUSIA COUNTY,Wood
119373,VOLUSIA COUNTY,Wood
604444,VOLUSIA COUNTY,Wood
309039,VOLUSIA COUNTY,Wood
380341,VOLUSIA COUNTY,Wood
163451,VOLUSIA COUNTY,Wood
115896,VOLUSIA COUNTY,Wood
340233,VOLUSIA COUNTY,Masonry
511210,VOLUSIA COUNTY,Wood
407381,VOLUSIA COUNTY,Wood
804005,VOLUSIA COUNTY,Wood
765808,VOLUSIA COUNTY,Wood
458119,VOLUSIA COUNTY,Wood
360091,VOLUSIA COUNTY,Wood
417359,VOLUSIA COUNTY,Wood
549898,VOLUSIA COUNTY,Wood
993018,VOLUSIA COUNTY,Wood
432060,VOLUSIA COUNTY,Wood
988990,VOLUSIA COUNTY,Wood
809577,VOLUSIA COUNTY,Wood
853211,VOLUSIA COUNTY,Wood
532102,VOLUSIA COUNTY,Wood
806139,VOLUSIA COUNTY,Wood
428712,VOLUSIA COUNTY,Wood
600765,VOLUSIA COUNTY,Wood
243050,VOLUSIA COUNTY,Masonry
106813,VOLUSIA COUNTY,Wood
155276,VOLUSIA COUNTY,Wood
348028,VOLUSIA COUNTY,Masonry
239098,VOLUSIA COUNTY,Wood
542061,VOLUSIA COUNTY,Wood
694722,VOLUSIA COUNTY,Reinforced Masonry
334023,VOLUSIA COUNTY,Wood
940827,VOLUSIA COUNTY,Reinforced Masonry
887560,SEMINOLE COUNTY,Masonry
293561,SEMINOLE COUNTY,Wood
511700,SEMINOLE COUNTY,Wood
754963,SEMINOLE COUNTY,Wood
266568,SEMINOLE COUNTY,Wood
207674,SEMINOLE COUNTY,Wood
864396,SEMINOLE COUNTY,Masonry
950846,SEMINOLE COUNTY,Wood
210918,SEMINOLE COUNTY,Masonry
730888,SEMINOLE COUNTY,Masonry
622614,SEMINOLE COUNTY,Wood
888373,SEMINOLE COUNTY,Wood
706188,SEMINOLE COUNTY,Masonry
743318,SEMINOLE COUNTY,Wood
137430,SEMINOLE COUNTY,Wood
222214,SEMINOLE COUNTY,Wood
116373,SEMINOLE COUNTY,Masonry
727787,SEMINOLE COUNTY,Reinforced Masonry
752275,SEMINOLE COUNTY,Reinforced Masonry
707335,SEMINOLE COUNTY,Wood
452968,SEMINOLE COUNTY,Wood
559984,SEMINOLE COUNTY,Wood
715867,SEMINOLE COUNTY,Wood
711539,SEMINOLE COUNTY,Masonry
550965,SEMINOLE COUNTY,Reinforced Concrete
524379,SEMINOLE COUNTY,Steel Frame
987572,SEMINOLE COUNTY,Wood
491880,SEMINOLE COUNTY,Masonry
246956,SEMINOLE COUNTY,Wood
669400,SEMINOLE COUNTY,Masonry
511386,SEMINOLE COUNTY,Masonry
621385,SEMINOLE COUNTY,Masonry
277138,SEMINOLE COUNTY,Masonry
266167,SEMINOLE COUNTY,Masonry
868307,SEMINOLE COUNTY,Masonry
410566,SEMINOLE COUNTY,Masonry
976742,SEMINOLE COUNTY,Masonry
774540,SEMINOLE COUNTY,Masonry
492709,SEMINOLE COUNTY,Masonry
926868,SEMINOLE COUNTY,Masonry
105173,SEMINOLE COUNTY,Masonry
380185,SEMINOLE COUNTY,Masonry
525920,SEMINOLE COUNTY,Masonry
506760,SEMINOLE COUNTY,Masonry
585284,SEMINOLE COUNTY,Masonry
198801,SEMINOLE COUNTY,Reinforced Masonry
541921,SEMINOLE COUNTY,Masonry
761227,SEMINOLE COUNTY,Masonry
519023,SEMINOLE COUNTY,Reinforced Masonry
941302,SEMINOLE COUNTY,Masonry
903568,SEMINOLE COUNTY,Masonry
228432,SEMINOLE COUNTY,Masonry
717110,SEMINOLE COUNTY,Masonry
870830,SEMINOLE COUNTY,Masonry
721848,SEMINOLE COUNTY,Reinforced Masonry
924480,SEMINOLE COUNTY,Masonry
825289,SEMINOLE COUNTY,Reinforced Masonry
517037,SEMINOLE COUNTY,Wood
283436,SEMINOLE COUNTY,Wood
869166,SEMINOLE COUNTY,Reinforced Masonry
738831,SEMINOLE COUNTY,Reinforced Masonry
379851,SEMINOLE COUNTY,Wood
773046,SEMINOLE COUNTY,Wood
602622,SEMINOLE COUNTY,Masonry
766456,SEMINOLE COUNTY,Masonry
867603,SEMINOLE COUNTY,Masonry
903517,SEMINOLE COUNTY,Masonry
171418,SEMINOLE COUNTY,Reinforced Masonry
735593,SEMINOLE COUNTY,Wood
722410,SEMINOLE COUNTY,Wood
430574,SEMINOLE COUNTY,Wood
671413,SEMINOLE COUNTY,Wood
369778,SEMINOLE COUNTY,Masonry
112916,SEMINOLE COUNTY,Reinforced Masonry
733872,SEMINOLE COUNTY,Reinforced Masonry
777592,SEMINOLE COUNTY,Reinforced Masonry
290038,SEMINOLE COUNTY,Reinforced Masonry
931452,SEMINOLE COUNTY,Wood
330372,SEMINOLE COUNTY,Reinforced Masonry
918425,SEMINOLE COUNTY,Masonry
977290,SEMINOLE COUNTY,Reinforced Concrete
290135,SEMINOLE COUNTY,Wood
699220,SEMINOLE COUNTY,Reinforced Masonry
597312,SEMINOLE COUNTY,Wood
884309,SEMINOLE COUNTY,Wood
688276,SEMINOLE COUNTY,Wood
656647,SEMINOLE COUNTY,Wood
405268,SEMINOLE COUNTY,Reinforced Masonry
751181,SEMINOLE COUNTY,Masonry
544232,SEMINOLE COUNTY,Masonry
419259,SEMINOLE COUNTY,Wood
577072,SEMINOLE COUNTY,Wood
192115,SEMINOLE COUNTY,Masonry
429476,SEMINOLE COUNTY,Reinforced Masonry
406536,SEMINOLE COUNTY,Masonry
501643,SEMINOLE COUNTY,Masonry
274706,SEMINOLE COUNTY,Masonry
363474,SEMINOLE COUNTY,Wood
125893,SEMINOLE COUNTY,Masonry
754844,SEMINOLE COUNTY,Reinforced Masonry
308454,SEMINOLE COUNTY,Masonry
635841,SEMINOLE COUNTY,Masonry
266635,SEMINOLE COUNTY,Masonry
594311,SEMINOLE COUNTY,Wood
857709,SEMINOLE COUNTY,Masonry
118424,SEMINOLE COUNTY,Masonry
230678,SEMINOLE COUNTY,Masonry
334410,SEMINOLE COUNTY,Masonry
449697,SEMINOLE COUNTY,Wood
548135,SEMINOLE COUNTY,Wood
732503,SEMINOLE COUNTY,Reinforced Masonry
796310,SEMINOLE COUNTY,Reinforced Masonry
481639,SEMINOLE COUNTY,Reinforced Masonry
294460,SEMINOLE COUNTY,Reinforced Masonry
268508,SEMINOLE COUNTY,Masonry
235188,SEMINOLE COUNTY,Wood
132256,SEMINOLE COUNTY,Wood
170337,SEMINOLE COUNTY,Wood
257109,SEMINOLE COUNTY,Wood
478228,SEMINOLE COUNTY,Wood
811528,SEMINOLE COUNTY,Wood
595311,SEMINOLE COUNTY,Wood
701945,SEMINOLE COUNTY,Wood
411000,SEMINOLE COUNTY,Wood
348601,SEMINOLE COUNTY,Wood
247765,SEMINOLE COUNTY,Wood
407743,SEMINOLE COUNTY,Reinforced Concrete
354029,SEMINOLE COUNTY,Wood
636750,SEMINOLE COUNTY,Masonry
510237,SEMINOLE COUNTY,Masonry
376459,SEMINOLE COUNTY,Reinforced Masonry
923186,SEMINOLE COUNTY,Masonry
738548,SEMINOLE COUNTY,Masonry
984464,ORANGE COUNTY,Reinforced Concrete
973699,SEMINOLE COUNTY,Wood
257114,SEMINOLE COUNTY,Wood
433703,ORANGE COUNTY,Masonry
229226,ORANGE COUNTY,Reinforced Concrete
896669,ORANGE COUNTY,Reinforced Concrete
755666,ORANGE COUNTY,Reinforced Masonry
620235,ORANGE COUNTY,Wood
940773,ORANGE COUNTY,Reinforced Masonry
171169,ORANGE COUNTY,Wood
849978,ORANGE COUNTY,Steel Frame
152292,ORANGE COUNTY,Reinforced Masonry
644482,ORANGE COUNTY,Masonry
925060,ORANGE COUNTY,Wood
184327,ORANGE COUNTY,Wood
285465,ORANGE COUNTY,Masonry
110322,ORANGE COUNTY,Wood
130834,ORANGE COUNTY,Masonry
103072,ORANGE COUNTY,Masonry
664656,ORANGE COUNTY,Wood
203828,ORANGE COUNTY,Wood
732592,SEMINOLE COUNTY,Wood
315824,ORANGE COUNTY,Reinforced Concrete
940796,ORANGE COUNTY,Reinforced Masonry
931504,ORANGE COUNTY,Masonry
393907,ORANGE COUNTY,Reinforced Masonry
633860,ORANGE COUNTY,Wood
511402,ORANGE COUNTY,Masonry
162028,ORANGE COUNTY,Wood
331283,ORANGE COUNTY,Reinforced Masonry
647462,ORANGE COUNTY,Reinforced Masonry
901149,ORANGE COUNTY,Reinforced Concrete
236140,BREVARD COUNTY,Masonry
116135,BREVARD COUNTY,Wood
557938,BREVARD COUNTY,Wood
489026,BREVARD COUNTY,Wood
817269,BREVARD COUNTY,Masonry
936859,BREVARD COUNTY,Masonry
592936,BREVARD COUNTY,Masonry
114860,VOLUSIA COUNTY,Wood
435008,BREVARD COUNTY,Wood
365567,LAKE COUNTY,Reinforced Concrete
366017,ORANGE COUNTY,Masonry
669105,LAKE COUNTY,Wood
239146,LAKE COUNTY,Masonry
401893,LAKE COUNTY,Masonry
236390,LAKE COUNTY,Masonry
765219,LAKE COUNTY,Reinforced Masonry
871354,LAKE COUNTY,Wood
540473,LAKE COUNTY,Reinforced Masonry
483658,LAKE COUNTY,Masonry
577025,LAKE COUNTY,Reinforced Masonry
750617,LAKE COUNTY,Masonry
654255,LAKE COUNTY,Reinforced Masonry
959631,LAKE COUNTY,Reinforced Masonry
738079,LAKE COUNTY,Masonry
390988,LAKE COUNTY,Reinforced Masonry
534428,ORANGE COUNTY,Wood
672105,ORANGE COUNTY,Wood
783560,ORANGE COUNTY,Wood
514386,ORANGE COUNTY,Wood
562640,ORANGE COUNTY,Wood
273256,LAKE COUNTY,Wood
603831,LAKE COUNTY,Wood
811928,LAKE COUNTY,Reinforced Masonry
784804,LAKE COUNTY,Wood
268541,LAKE COUNTY,Wood
745646,LAKE COUNTY,Wood
551538,LAKE COUNTY,Wood
144060,LAKE COUNTY,Wood
854791,LAKE COUNTY,Wood
680088,LAKE COUNTY,Wood
381975,LAKE COUNTY,Wood
977481,LAKE COUNTY,Reinforced Masonry
968395,LAKE COUNTY,Wood
310900,LAKE COUNTY,Wood
847798,LAKE COUNTY,Wood
136045,LAKE COUNTY,Wood
184223,LAKE COUNTY,Wood
752812,LAKE COUNTY,Wood
813537,LAKE COUNTY,Wood
758391,LAKE COUNTY,Wood
774331,LAKE COUNTY,Masonry
844778,LAKE COUNTY,Wood
219166,LAKE COUNTY,Reinforced Masonry
456785,LAKE COUNTY,Masonry
803297,LAKE COUNTY,Wood
974165,LAKE COUNTY,Wood
893575,LAKE COUNTY,Wood
202449,LAKE COUNTY,Wood
435273,LAKE COUNTY,Wood
975225,LAKE COUNTY,Masonry
442832,LAKE COUNTY,Wood
666257,LAKE COUNTY,Wood
504999,LAKE COUNTY,Wood
673910,LAKE COUNTY,Wood
733695,LAKE COUNTY,Wood
251374,LAKE COUNTY,Wood
865958,LAKE COUNTY,Reinforced Masonry
869758,LAKE COUNTY,Wood
297560,LAKE COUNTY,Masonry
308451,LAKE COUNTY,Masonry
646456,LAKE COUNTY,Masonry
462193,LAKE COUNTY,Wood
302129,LAKE COUNTY,Wood
964840,LAKE COUNTY,Wood
401122,LAKE COUNTY,Wood
890136,LAKE COUNTY,Wood
880547,LAKE COUNTY,Wood
609414,LAKE COUNTY,Wood
427627,LAKE COUNTY,Wood
845231,LAKE COUNTY,Wood
610862,LAKE COUNTY,Wood
609781,LAKE COUNTY,Wood
640667,LAKE COUNTY,Wood
836031,LAKE COUNTY,Wood
385760,LAKE COUNTY,Wood
627769,LAKE COUNTY,Wood
168742,LAKE COUNTY,Wood
246297,LAKE COUNTY,Wood
859641,LAKE COUNTY,Wood
813949,LAKE COUNTY,Wood
714528,LAKE COUNTY,Wood
645635,LAKE COUNTY,Wood
638758,LAKE COUNTY,Wood
607412,LAKE COUNTY,Wood
729794,VOLUSIA COUNTY,Masonry
847521,VOLUSIA COUNTY,Masonry
809384,VOLUSIA COUNTY,Wood
575208,VOLUSIA COUNTY,Wood
484136,VOLUSIA COUNTY,Wood
713871,VOLUSIA COUNTY,Wood
724288,VOLUSIA COUNTY,Wood
400638,VOLUSIA COUNTY,Wood
573046,VOLUSIA COUNTY,Masonry
203023,VOLUSIA COUNTY,Wood
510098,VOLUSIA COUNTY,Wood
913390,VOLUSIA COUNTY,Wood
880129,VOLUSIA COUNTY,Wood
501376,VOLUSIA COUNTY,Wood
460482,VOLUSIA COUNTY,Wood
360398,VOLUSIA COUNTY,Wood
964104,VOLUSIA COUNTY,Wood
997120,VOLUSIA COUNTY,Wood
890477,VOLUSIA COUNTY,Wood
492062,VOLUSIA COUNTY,Masonry
575020,VOLUSIA COUNTY,Masonry
252320,VOLUSIA COUNTY,Wood
440052,VOLUSIA COUNTY,Wood
443067,VOLUSIA COUNTY,Masonry
878802,VOLUSIA COUNTY,Wood
506603,VOLUSIA COUNTY,Wood
958424,VOLUSIA COUNTY,Wood
129953,VOLUSIA COUNTY,Wood
107836,VOLUSIA COUNTY,Wood
869361,VOLUSIA COUNTY,Reinforced Masonry
930821,VOLUSIA COUNTY,Reinforced Masonry
133326,VOLUSIA COUNTY,Reinforced Masonry
580555,VOLUSIA COUNTY,Masonry
314690,VOLUSIA COUNTY,Wood
273399,VOLUSIA COUNTY,Wood
598857,VOLUSIA COUNTY,Wood
634472,VOLUSIA COUNTY,Reinforced Masonry
107953,VOLUSIA COUNTY,Reinforced Masonry
389792,VOLUSIA COUNTY,Reinforced Masonry
990084,VOLUSIA COUNTY,Wood
153828,VOLUSIA COUNTY,Reinforced Masonry
585347,VOLUSIA COUNTY,Reinforced Masonry
221409,VOLUSIA COUNTY,Reinforced Masonry
453952,VOLUSIA COUNTY,Masonry
988514,VOLUSIA COUNTY,Masonry
908607,VOLUSIA COUNTY,Masonry
687949,VOLUSIA COUNTY,Masonry
254884,VOLUSIA COUNTY,Masonry
592354,VOLUSIA COUNTY,Reinforced Masonry
335412,VOLUSIA COUNTY,Reinforced Masonry
524786,VOLUSIA COUNTY,Reinforced Masonry
444239,VOLUSIA COUNTY,Reinforced Concrete
767308,VOLUSIA COUNTY,Masonry
353352,VOLUSIA COUNTY,Wood
893445,VOLUSIA COUNTY,Wood
537889,VOLUSIA COUNTY,Wood
231972,VOLUSIA COUNTY,Wood
660931,VOLUSIA COUNTY,Wood
810572,VOLUSIA COUNTY,Masonry
452528,VOLUSIA COUNTY,Wood
813265,VOLUSIA COUNTY,Wood
629678,VOLUSIA COUNTY,Wood
546306,VOLUSIA COUNTY,Wood
343080,VOLUSIA COUNTY,Wood
273164,VOLUSIA COUNTY,Wood
488880,VOLUSIA COUNTY,Wood
165348,VOLUSIA COUNTY,Wood
775810,VOLUSIA COUNTY,Masonry
328109,VOLUSIA COUNTY,Wood
337625,VOLUSIA COUNTY,Wood
672518,VOLUSIA COUNTY,Masonry
823534,VOLUSIA COUNTY,Wood
328385,VOLUSIA COUNTY,Wood
656749,VOLUSIA COUNTY,Wood
142776,VOLUSIA COUNTY,Wood
961848,VOLUSIA COUNTY,Wood
375641,VOLUSIA COUNTY,Wood
264822,VOLUSIA COUNTY,Wood
685254,VOLUSIA COUNTY,Wood
367891,VOLUSIA COUNTY,Wood
696224,VOLUSIA COUNTY,Masonry
266735,VOLUSIA COUNTY,Masonry
233232,VOLUSIA COUNTY,Wood
245141,VOLUSIA COUNTY,Wood
222889,VOLUSIA COUNTY,Wood
628703,VOLUSIA COUNTY,Wood
968186,VOLUSIA COUNTY,Wood
319432,VOLUSIA COUNTY,Wood
305832,VOLUSIA COUNTY,Wood
230834,VOLUSIA COUNTY,Wood
375946,VOLUSIA COUNTY,Wood
619184,VOLUSIA COUNTY,Wood
205845,VOLUSIA COUNTY,Wood
597221,VOLUSIA COUNTY,Wood
278111,VOLUSIA COUNTY,Wood
265221,VOLUSIA COUNTY,Wood
651135,VOLUSIA COUNTY,Wood
552660,VOLUSIA COUNTY,Masonry
279206,VOLUSIA COUNTY,Wood
713410,VOLUSIA COUNTY,Wood
988621,VOLUSIA COUNTY,Masonry
710387,VOLUSIA COUNTY,Reinforced Masonry
331290,VOLUSIA COUNTY,Masonry
312131,VOLUSIA COUNTY,Wood
287317,VOLUSIA COUNTY,Wood
264254,VOLUSIA COUNTY,Masonry
287385,SEMINOLE COUNTY,Reinforced Masonry
464350,SEMINOLE COUNTY,Wood
401468,SEMINOLE COUNTY,Wood
721413,SEMINOLE COUNTY,Wood
901473,SEMINOLE COUNTY,Masonry
440440,SEMINOLE COUNTY,Wood
449688,SEMINOLE COUNTY,Wood
977624,SEMINOLE COUNTY,Masonry
357272,SEMINOLE COUNTY,Masonry
987489,SEMINOLE COUNTY,Masonry
981367,SEMINOLE COUNTY,Masonry
424320,SEMINOLE COUNTY,Masonry
820003,SEMINOLE COUNTY,Masonry
361102,SEMINOLE COUNTY,Masonry
395740,SEMINOLE COUNTY,Masonry
821296,SEMINOLE COUNTY,Masonry
515561,SEMINOLE COUNTY,Masonry
229597,SEMINOLE COUNTY,Masonry
202395,SEMINOLE COUNTY,Masonry
241134,SEMINOLE COUNTY,Masonry
118712,SEMINOLE COUNTY,Masonry
730829,SEMINOLE COUNTY,Reinforced Masonry
379399,SEMINOLE COUNTY,Reinforced Masonry
362476,SEMINOLE COUNTY,Reinforced Masonry
903807,SEMINOLE COUNTY,Reinforced Masonry
693834,SEMINOLE COUNTY,Reinforced Masonry
431325,SEMINOLE COUNTY,Masonry
570788,SEMINOLE COUNTY,Wood
756420,SEMINOLE COUNTY,Wood
157189,SEMINOLE COUNTY,Wood
866344,SEMINOLE COUNTY,Wood
864186,SEMINOLE COUNTY,Wood
311624,SEMINOLE COUNTY,Wood
840739,SEMINOLE COUNTY,Wood
745992,SEMINOLE COUNTY,Masonry
855437,SEMINOLE COUNTY,Reinforced Masonry
851026,SEMINOLE COUNTY,Masonry
188888,SEMINOLE COUNTY,Reinforced Concrete
310788,SEMINOLE COUNTY,Reinforced Masonry
496870,SEMINOLE COUNTY,Masonry
869511,SEMINOLE COUNTY,Masonry
220980,SEMINOLE COUNTY,Reinforced Masonry
925053,SEMINOLE COUNTY,Wood
434297,SEMINOLE COUNTY,Wood
422647,SEMINOLE COUNTY,Wood
848031,SEMINOLE COUNTY,Reinforced Concrete
930191,SEMINOLE COUNTY,Masonry
609202,SEMINOLE COUNTY,Masonry
843220,SEMINOLE COUNTY,Reinforced Concrete
286093,SEMINOLE COUNTY,Reinforced Masonry
538374,SEMINOLE COUNTY,Masonry
398862,SEMINOLE COUNTY,Reinforced Masonry
690340,SEMINOLE COUNTY,Reinforced Masonry
653763,SEMINOLE COUNTY,Masonry
751235,SEMINOLE COUNTY,Masonry
996776,SEMINOLE COUNTY,Masonry
300405,SEMINOLE COUNTY,Masonry
425877,SEMINOLE COUNTY,Reinforced Masonry
551140,SEMINOLE COUNTY,Reinforced Masonry
428123,SEMINOLE COUNTY,Wood
477451,SEMINOLE COUNTY,Wood
337409,SEMINOLE COUNTY,Masonry
305879,SEMINOLE COUNTY,Reinforced Masonry
113827,SEMINOLE COUNTY,Wood
667028,SEMINOLE COUNTY,Reinforced Masonry
636318,SEMINOLE COUNTY,Masonry
417820,SEMINOLE COUNTY,Reinforced Masonry
158691,SEMINOLE COUNTY,Wood
811869,SEMINOLE COUNTY,Masonry
161552,SEMINOLE COUNTY,Masonry
978417,SEMINOLE COUNTY,Wood
814911,SEMINOLE COUNTY,Reinforced Masonry
194963,SEMINOLE COUNTY,Reinforced Masonry
587277,SEMINOLE COUNTY,Wood
951420,SEMINOLE COUNTY,Wood
287262,SEMINOLE COUNTY,Wood
914195,SEMINOLE COUNTY,Wood
732721,SEMINOLE COUNTY,Reinforced Masonry
493297,SEMINOLE COUNTY,Wood
977006,SEMINOLE COUNTY,Wood
467529,SEMINOLE COUNTY,Reinforced Masonry
909448,SEMINOLE COUNTY,Masonry
886911,SEMINOLE COUNTY,Masonry
356639,SEMINOLE COUNTY,Wood
381928,SEMINOLE COUNTY,Wood
271725,SEMINOLE COUNTY,Wood
443271,SEMINOLE COUNTY,Masonry
944995,SEMINOLE COUNTY,Masonry
519929,SEMINOLE COUNTY,Reinforced Masonry
169231,SEMINOLE COUNTY,Wood
646855,SEMINOLE COUNTY,Reinforced Concrete
936358,SEMINOLE COUNTY,Masonry
504039,LAKE COUNTY,Masonry
296523,LAKE COUNTY,Wood
668862,LAKE COUNTY,Masonry
698568,LAKE COUNTY,Masonry
102522,SEMINOLE COUNTY,Masonry
398633,SEMINOLE COUNTY,Masonry
295932,SEMINOLE COUNTY,Reinforced Concrete
394133,SEMINOLE COUNTY,Masonry
346051,SEMINOLE COUNTY,Masonry
876836,SEMINOLE COUNTY,Masonry
481576,SEMINOLE COUNTY,Masonry
524245,SEMINOLE COUNTY,Wood
935037,SEMINOLE COUNTY,Masonry
476136,SEMINOLE COUNTY,Wood
981412,SEMINOLE COUNTY,Wood
468340,SEMINOLE COUNTY,Wood
232395,SEMINOLE COUNTY,Wood
838606,SEMINOLE COUNTY,Masonry
227098,SEMINOLE COUNTY,Reinforced Masonry
175264,SEMINOLE COUNTY,Wood
798642,SEMINOLE COUNTY,Wood
896874,SEMINOLE COUNTY,Wood
889548,SEMINOLE COUNTY,Wood
660052,SEMINOLE COUNTY,Wood
963513,SEMINOLE COUNTY,Wood
129384,SEMINOLE COUNTY,Wood
268707,SEMINOLE COUNTY,Wood
168012,SEMINOLE COUNTY,Wood
895258,SEMINOLE COUNTY,Masonry
841958,SEMINOLE COUNTY,Wood
642393,SEMINOLE COUNTY,Masonry
638258,SEMINOLE COUNTY,Reinforced Masonry
158784,SEMINOLE COUNTY,Wood
969279,SEMINOLE COUNTY,Masonry
857421,SEMINOLE COUNTY,Wood
715127,SEMINOLE COUNTY,Wood
687730,SEMINOLE COUNTY,Wood
888087,SEMINOLE COUNTY,Masonry
892109,SEMINOLE COUNTY,Masonry
725108,SEMINOLE COUNTY,Wood
315640,SEMINOLE COUNTY,Wood
165036,SEMINOLE COUNTY,Masonry
754841,SEMINOLE COUNTY,Masonry
662740,SEMINOLE COUNTY,Wood
219942,SEMINOLE COUNTY,Wood
115364,SEMINOLE COUNTY,Wood
837811,SEMINOLE COUNTY,Wood
697535,SEMINOLE COUNTY,Masonry
142189,SEMINOLE COUNTY,Wood
650438,SEMINOLE COUNTY,Masonry
533518,SEMINOLE COUNTY,Wood
106141,SEMINOLE COUNTY,Masonry
905230,SEMINOLE COUNTY,Wood
525447,SEMINOLE COUNTY,Wood
475645,SEMINOLE COUNTY,Wood
927540,SEMINOLE COUNTY,Wood
719812,SEMINOLE COUNTY,Wood
570682,SEMINOLE COUNTY,Wood
807569,SEMINOLE COUNTY,Wood
411559,SEMINOLE COUNTY,Wood
581141,SEMINOLE COUNTY,Wood
205968,SEMINOLE COUNTY,Wood
350629,SEMINOLE COUNTY,Wood
114312,SEMINOLE COUNTY,Wood
405161,SEMINOLE COUNTY,Wood
160136,SEMINOLE COUNTY,Wood
905747,SEMINOLE COUNTY,Wood
449754,SEMINOLE COUNTY,Masonry
546554,SEMINOLE COUNTY,Wood
317988,SEMINOLE COUNTY,Wood
287719,SEMINOLE COUNTY,Wood
672930,SEMINOLE COUNTY,Wood
104022,SEMINOLE COUNTY,Wood
295971,SEMINOLE COUNTY,Wood
140382,SEMINOLE COUNTY,Wood
670018,SEMINOLE COUNTY,Wood
383571,SEMINOLE COUNTY,Wood
944154,SEMINOLE COUNTY,Wood
847336,SEMINOLE COUNTY,Wood
314836,SEMINOLE COUNTY,Wood
145307,SEMINOLE COUNTY,Wood
406571,SEMINOLE COUNTY,Wood
697212,SEMINOLE COUNTY,Wood
419312,SEMINOLE COUNTY,Wood
625919,SEMINOLE COUNTY,Wood
838829,SEMINOLE COUNTY,Wood
168827,SEMINOLE COUNTY,Wood
945447,SEMINOLE COUNTY,Wood
497343,SEMINOLE COUNTY,Wood
964514,SEMINOLE COUNTY,Wood
872484,SEMINOLE COUNTY,Wood
417003,SEMINOLE COUNTY,Wood
830883,SEMINOLE COUNTY,Wood
879657,SEMINOLE COUNTY,Wood
992741,SEMINOLE COUNTY,Wood
475158,SEMINOLE COUNTY,Wood
334583,SEMINOLE COUNTY,Wood
107886,SEMINOLE COUNTY,Wood
235170,SEMINOLE COUNTY,Wood
642762,SEMINOLE COUNTY,Wood
910464,SEMINOLE COUNTY,Reinforced Masonry
200867,SEMINOLE COUNTY,Wood
394700,SEMINOLE COUNTY,Wood
878483,SEMINOLE COUNTY,Wood
882735,SEMINOLE COUNTY,Wood
950815,SEMINOLE COUNTY,Wood
513702,SEMINOLE COUNTY,Wood
453460,SEMINOLE COUNTY,Wood
505575,SEMINOLE COUNTY,Wood
964690,SEMINOLE COUNTY,Wood
276446,SEMINOLE COUNTY,Wood
229211,SEMINOLE COUNTY,Masonry
520052,SEMINOLE COUNTY,Wood
940174,SEMINOLE COUNTY,Wood
197505,SEMINOLE COUNTY,Masonry
433552,SEMINOLE COUNTY,Wood
937529,SEMINOLE COUNTY,Wood
340612,SEMINOLE COUNTY,Masonry
603535,SEMINOLE COUNTY,Wood
632078,SEMINOLE COUNTY,Wood
749548,SEMINOLE COUNTY,Wood
217938,SEMINOLE COUNTY,Wood
273191,SEMINOLE COUNTY,Wood
196251,SEMINOLE COUNTY,Wood
404024,SEMINOLE COUNTY,Wood
855739,SEMINOLE COUNTY,Wood
209459,SEMINOLE COUNTY,Wood
662793,SEMINOLE COUNTY,Wood
785434,SEMINOLE COUNTY,Masonry
402827,SEMINOLE COUNTY,Wood
250503,SEMINOLE COUNTY,Wood
371763,SEMINOLE COUNTY,Wood
213887,SEMINOLE COUNTY,Wood
718382,SEMINOLE COUNTY,Wood
311086,SEMINOLE COUNTY,Wood
770317,SEMINOLE COUNTY,Wood
537606,SEMINOLE COUNTY,Masonry
706926,SEMINOLE COUNTY,Masonry
923046,SEMINOLE COUNTY,Masonry
517715,SEMINOLE COUNTY,Masonry
712427,SEMINOLE COUNTY,Masonry
394994,SEMINOLE COUNTY,Wood
259478,SEMINOLE COUNTY,Wood
784832,SEMINOLE COUNTY,Wood
601415,SEMINOLE COUNTY,Wood
930600,SEMINOLE COUNTY,Masonry
497908,SEMINOLE COUNTY,Wood
282126,SEMINOLE COUNTY,Wood
966683,SEMINOLE COUNTY,Wood
168553,SEMINOLE COUNTY,Wood
994779,SEMINOLE COUNTY,Reinforced Masonry
193698,SEMINOLE COUNTY,Wood
176360,SEMINOLE COUNTY,Reinforced Masonry
202362,SEMINOLE COUNTY,Reinforced Masonry
897992,SEMINOLE COUNTY,Wood
383262,SEMINOLE COUNTY,Wood
345092,SEMINOLE COUNTY,Reinforced Masonry
367986,SEMINOLE COUNTY,Masonry
396809,SEMINOLE COUNTY,Wood
553541,SEMINOLE COUNTY,Wood
547823,SEMINOLE COUNTY,Reinforced Masonry
302757,SEMINOLE COUNTY,Wood
675635,SEMINOLE COUNTY,Wood
392548,SEMINOLE COUNTY,Wood
634816,SEMINOLE COUNTY,Wood
680367,SEMINOLE COUNTY,Wood
966587,SEMINOLE COUNTY,Wood
401238,SEMINOLE COUNTY,Wood
296948,SEMINOLE COUNTY,Wood
382790,SEMINOLE COUNTY,Wood
799855,SEMINOLE COUNTY,Masonry
338099,SEMINOLE COUNTY,Masonry
779105,SEMINOLE COUNTY,Masonry
633521,SEMINOLE COUNTY,Masonry
500636,SEMINOLE COUNTY,Masonry
608746,SEMINOLE COUNTY,Masonry
191334,SEMINOLE COUNTY,Reinforced Masonry
684107,SEMINOLE COUNTY,Masonry
623726,SEMINOLE COUNTY,Masonry
862067,SEMINOLE COUNTY,Masonry
188641,SEMINOLE COUNTY,Masonry
465690,SEMINOLE COUNTY,Masonry
458614,SEMINOLE COUNTY,Masonry
779012,SEMINOLE COUNTY,Masonry
853084,SEMINOLE COUNTY,Masonry
135457,SEMINOLE COUNTY,Reinforced Masonry
161434,SEMINOLE COUNTY,Reinforced Masonry
980576,SEMINOLE COUNTY,Reinforced Masonry
968067,SEMINOLE COUNTY,Masonry
226637,SEMINOLE COUNTY,Reinforced Masonry
422783,SEMINOLE COUNTY,Reinforced Masonry
414006,SEMINOLE COUNTY,Wood
500391,SEMINOLE COUNTY,Masonry
196636,SEMINOLE COUNTY,Wood
311197,SEMINOLE COUNTY,Reinforced Masonry
573577,SEMINOLE COUNTY,Wood
901789,SEMINOLE COUNTY,Wood
322393,SEMINOLE COUNTY,Wood
118531,SEMINOLE COUNTY,Masonry
117942,SEMINOLE COUNTY,Wood
529293,SEMINOLE COUNTY,Wood
138458,SEMINOLE COUNTY,Masonry
831042,SEMINOLE COUNTY,Masonry
508424,SEMINOLE COUNTY,Reinforced Concrete
524649,SEMINOLE COUNTY,Masonry
597633,SEMINOLE COUNTY,Reinforced Masonry
445121,SEMINOLE COUNTY,Wood
656754,SEMINOLE COUNTY,Masonry
735208,SEMINOLE COUNTY,Masonry
776406,SEMINOLE COUNTY,Masonry
694930,SEMINOLE COUNTY,Wood
718170,SEMINOLE COUNTY,Reinforced Masonry
919917,SEMINOLE COUNTY,Masonry
904211,SEMINOLE COUNTY,Reinforced Masonry
700802,SEMINOLE COUNTY,Masonry
474625,SEMINOLE COUNTY,Reinforced Masonry
677821,SEMINOLE COUNTY,Reinforced Concrete
825684,SEMINOLE COUNTY,Masonry
580189,SEMINOLE COUNTY,Wood
217633,SEMINOLE COUNTY,Masonry
913977,SEMINOLE COUNTY,Wood
129568,SEMINOLE COUNTY,Wood
259150,SEMINOLE COUNTY,Wood
761616,SEMINOLE COUNTY,Wood
327765,SEMINOLE COUNTY,Wood
559572,SEMINOLE COUNTY,Wood
490837,SEMINOLE COUNTY,Wood
570785,SEMINOLE COUNTY,Wood
296504,SEMINOLE COUNTY,Wood
779670,SEMINOLE COUNTY,Wood
842752,SEMINOLE COUNTY,Masonry
368132,SEMINOLE COUNTY,Wood
692840,SEMINOLE COUNTY,Wood
317062,SEMINOLE COUNTY,Masonry
894450,SEMINOLE COUNTY,Wood
322727,SEMINOLE COUNTY,Masonry
828709,SEMINOLE COUNTY,Reinforced Masonry
548348,SEMINOLE COUNTY,Wood
430462,SEMINOLE COUNTY,Wood
830898,SEMINOLE COUNTY,Wood
680709,SEMINOLE COUNTY,Wood
319508,SEMINOLE COUNTY,Masonry
390080,SEMINOLE COUNTY,Wood
423524,SEMINOLE COUNTY,Wood
683514,SEMINOLE COUNTY,Wood
441604,SEMINOLE COUNTY,Wood
188824,SEMINOLE COUNTY,Wood
107273,SEMINOLE COUNTY,Reinforced Masonry
397068,SEMINOLE COUNTY,Reinforced Concrete
627684,SEMINOLE COUNTY,Reinforced Masonry
803041,SEMINOLE COUNTY,Reinforced Masonry
665646,SEMINOLE COUNTY,Wood
835523,SEMINOLE COUNTY,Masonry
996237,SEMINOLE COUNTY,Steel Frame
634303,SEMINOLE COUNTY,Reinforced Concrete
568161,SEMINOLE COUNTY,Masonry
650721,SEMINOLE COUNTY,Reinforced Masonry
665843,SEMINOLE COUNTY,Wood
786335,SEMINOLE COUNTY,Reinforced Concrete
457986,SEMINOLE COUNTY,Reinforced Masonry
597838,SEMINOLE COUNTY,Reinforced Masonry
425372,SEMINOLE COUNTY,Reinforced Masonry
194875,SEMINOLE COUNTY,Reinforced Concrete
214116,SEMINOLE COUNTY,Reinforced Masonry
563709,SEMINOLE COUNTY,Reinforced Masonry
120745,SEMINOLE COUNTY,Reinforced Masonry
751228,SEMINOLE COUNTY,Masonry
852450,SEMINOLE COUNTY,Wood
510311,SEMINOLE COUNTY,Reinforced Concrete
271344,SEMINOLE COUNTY,Wood
295472,SEMINOLE COUNTY,Wood
781276,SEMINOLE COUNTY,Wood
310498,SEMINOLE COUNTY,Masonry
798369,SEMINOLE COUNTY,Masonry
464881,SEMINOLE COUNTY,Wood
145076,SEMINOLE COUNTY,Masonry
959563,SEMINOLE COUNTY,Wood
184831,SEMINOLE COUNTY,Reinforced Masonry
928881,SEMINOLE COUNTY,Reinforced Masonry
369073,SEMINOLE COUNTY,Wood
534452,SEMINOLE COUNTY,Masonry
536559,SEMINOLE COUNTY,Wood
343850,SEMINOLE COUNTY,Wood
653336,SEMINOLE COUNTY,Wood
596834,SEMINOLE COUNTY,Wood
452983,SEMINOLE COUNTY,Masonry
356057,SEMINOLE COUNTY,Wood
688037,SEMINOLE COUNTY,Wood
418740,SEMINOLE COUNTY,Wood
117706,SEMINOLE COUNTY,Wood
271251,SEMINOLE COUNTY,Masonry
368293,SEMINOLE COUNTY,Masonry
292951,SEMINOLE COUNTY,Masonry
934088,SEMINOLE COUNTY,Masonry
785354,SEMINOLE COUNTY,Masonry
843464,SEMINOLE COUNTY,Masonry
887376,SEMINOLE COUNTY,Masonry
671450,SEMINOLE COUNTY,Wood
734253,SEMINOLE COUNTY,Wood
270028,SEMINOLE COUNTY,Wood
634588,SEMINOLE COUNTY,Wood
179281,SEMINOLE COUNTY,Wood
485790,SEMINOLE COUNTY,Wood
354783,SEMINOLE COUNTY,Wood
861838,SEMINOLE COUNTY,Masonry
347228,SEMINOLE COUNTY,Masonry
691381,SEMINOLE COUNTY,Reinforced Masonry
144422,SEMINOLE COUNTY,Masonry
275546,SEMINOLE COUNTY,Reinforced Masonry
294480,SEMINOLE COUNTY,Reinforced Masonry
604548,SEMINOLE COUNTY,Masonry
289006,SEMINOLE COUNTY,Masonry
619934,SEMINOLE COUNTY,Wood
978969,SEMINOLE COUNTY,Wood
318704,SEMINOLE COUNTY,Wood
633938,SEMINOLE COUNTY,Reinforced Masonry
332843,SEMINOLE COUNTY,Masonry
699719,SEMINOLE COUNTY,Masonry
456237,SEMINOLE COUNTY,Wood
649851,SEMINOLE COUNTY,Masonry
443264,SEMINOLE COUNTY,Masonry
639591,SEMINOLE COUNTY,Wood
779438,SEMINOLE COUNTY,Reinforced Concrete
736316,SEMINOLE COUNTY,Reinforced Masonry
221862,SEMINOLE COUNTY,Reinforced Masonry
603843,SEMINOLE COUNTY,Masonry
828548,SEMINOLE COUNTY,Masonry
979480,SEMINOLE COUNTY,Masonry
678906,SEMINOLE COUNTY,Wood
688405,SEMINOLE COUNTY,Wood
362759,SEMINOLE COUNTY,Masonry
582363,SEMINOLE COUNTY,Wood
896662,SEMINOLE COUNTY,Masonry
880835,SEMINOLE COUNTY,Masonry
954096,SEMINOLE COUNTY,Masonry
109821,SEMINOLE COUNTY,Wood
566034,SEMINOLE COUNTY,Wood
858319,SEMINOLE COUNTY,Wood
774350,SEMINOLE COUNTY,Wood
957786,SEMINOLE COUNTY,Wood
940310,SEMINOLE COUNTY,Reinforced Masonry
513612,SEMINOLE COUNTY,Wood
301976,SEMINOLE COUNTY,Wood
272844,SEMINOLE COUNTY,Wood
849719,SEMINOLE COUNTY,Wood
126307,SEMINOLE COUNTY,Wood
750928,SEMINOLE COUNTY,Masonry
731925,SEMINOLE COUNTY,Masonry
737719,SEMINOLE COUNTY,Wood
459329,SEMINOLE COUNTY,Wood
320352,SEMINOLE COUNTY,Wood
968819,SEMINOLE COUNTY,Masonry
506911,SEMINOLE COUNTY,Wood
287899,SEMINOLE COUNTY,Wood
934546,SEMINOLE COUNTY,Masonry
373375,SEMINOLE COUNTY,Masonry
311383,SEMINOLE COUNTY,Masonry
255317,SEMINOLE COUNTY,Wood
356714,SEMINOLE COUNTY,Wood
258441,SEMINOLE COUNTY,Wood
195383,SEMINOLE COUNTY,Wood
636685,SEMINOLE COUNTY,Wood
151041,SEMINOLE COUNTY,Wood
184979,SEMINOLE COUNTY,Wood
356747,SEMINOLE COUNTY,Masonry
499418,SEMINOLE COUNTY,Reinforced Masonry
717481,SEMINOLE COUNTY,Wood
831366,SEMINOLE COUNTY,Wood
633472,LAKE COUNTY,Masonry
100318,LAKE COUNTY,Reinforced Concrete
604089,LAKE COUNTY,Masonry
180084,LAKE COUNTY,Reinforced Masonry
669200,LAKE COUNTY,Masonry
377946,LAKE COUNTY,Wood
812892,LAKE COUNTY,Wood
401801,LAKE COUNTY,Wood
928634,LAKE COUNTY,Wood
826267,LAKE COUNTY,Masonry
773172,LAKE COUNTY,Masonry
856747,LAKE COUNTY,Steel Frame
977900,LAKE COUNTY,Reinforced Masonry
764077,LAKE COUNTY,Reinforced Masonry
947320,LAKE COUNTY,Masonry
932422,LAKE COUNTY,Reinforced Concrete
143484,LAKE COUNTY,Masonry
773693,LAKE COUNTY,Wood
713756,LAKE COUNTY,Wood
608869,LAKE COUNTY,Masonry
223524,LAKE COUNTY,Reinforced Masonry
219392,LAKE COUNTY,Masonry
898329,LAKE COUNTY,Masonry
653946,LAKE COUNTY,Masonry
847621,LAKE COUNTY,Masonry
724543,LAKE COUNTY,Masonry
917903,LAKE COUNTY,Masonry
663766,LAKE COUNTY,Reinforced Masonry
286992,LAKE COUNTY,Masonry
577692,SEMINOLE COUNTY,Masonry
187411,SEMINOLE COUNTY,Wood
311604,SEMINOLE COUNTY,Wood
174177,SEMINOLE COUNTY,Wood
213448,SEMINOLE COUNTY,Wood
274935,SEMINOLE COUNTY,Wood
948820,SEMINOLE COUNTY,Reinforced Masonry
667338,SEMINOLE COUNTY,Masonry
179334,SEMINOLE COUNTY,Masonry
421877,SEMINOLE COUNTY,Wood
628435,SEMINOLE COUNTY,Wood
787484,SEMINOLE COUNTY,Reinforced Masonry
775248,SEMINOLE COUNTY,Masonry
836419,SEMINOLE COUNTY,Masonry
661371,SEMINOLE COUNTY,Masonry
233305,SEMINOLE COUNTY,Masonry
964831,SEMINOLE COUNTY,Masonry
491735,SEMINOLE COUNTY,Masonry
599909,SEMINOLE COUNTY,Wood
115759,SEMINOLE COUNTY,Masonry
103910,SEMINOLE COUNTY,Masonry
177552,SEMINOLE COUNTY,Wood
127480,SEMINOLE COUNTY,Masonry
420750,SEMINOLE COUNTY,Wood
526613,SEMINOLE COUNTY,Wood
136391,BREVARD COUNTY,Reinforced Concrete
934564,BREVARD COUNTY,Reinforced Masonry
969644,BREVARD COUNTY,Wood
182274,BREVARD COUNTY,Wood
121831,BREVARD COUNTY,Reinforced Masonry
701635,BREVARD COUNTY,Masonry
120330,BREVARD COUNTY,Wood
383635,BREVARD COUNTY,Wood
508475,BREVARD COUNTY,Masonry
680160,BREVARD COUNTY,Reinforced Masonry
418720,BREVARD COUNTY,Masonry
577287,BREVARD COUNTY,Masonry
873756,BREVARD COUNTY,Wood
176015,BREVARD COUNTY,Reinforced Masonry
452703,BREVARD COUNTY,Reinforced Masonry
128476,BREVARD COUNTY,Wood
360753,BREVARD COUNTY,Masonry
648013,BREVARD COUNTY,Reinforced Concrete
239707,BREVARD COUNTY,Reinforced Concrete
693367,BREVARD COUNTY,Wood
213596,BREVARD COUNTY,Reinforced Masonry
577914,BREVARD COUNTY,Masonry
781748,BREVARD COUNTY,Masonry
302839,BREVARD COUNTY,Wood
991342,BREVARD COUNTY,Masonry
679996,BREVARD COUNTY,Reinforced Masonry
224655,BREVARD COUNTY,Wood
497249,BREVARD COUNTY,Masonry
914042,BREVARD COUNTY,Masonry
602819,BREVARD COUNTY,Masonry
911287,BREVARD COUNTY,Wood
458938,BREVARD COUNTY,Wood
529403,BREVARD COUNTY,Masonry
321855,BREVARD COUNTY,Wood
696255,BREVARD COUNTY,Reinforced Masonry
295552,BREVARD COUNTY,Wood
832772,BREVARD COUNTY,Masonry
752538,BREVARD COUNTY,Wood
335983,BREVARD COUNTY,Wood
187890,BREVARD COUNTY,Wood
925819,BREVARD COUNTY,Wood
134576,BREVARD COUNTY,Wood
402977,BREVARD COUNTY,Wood
514371,BREVARD COUNTY,Wood
719458,BREVARD COUNTY,Wood
859223,BREVARD COUNTY,Wood
448048,LAKE COUNTY,Wood
879715,LAKE COUNTY,Wood
724806,LAKE COUNTY,Masonry
242142,LAKE COUNTY,Wood
568657,LAKE COUNTY,Wood
970530,LAKE COUNTY,Wood
399258,LAKE COUNTY,Masonry
915610,LAKE COUNTY,Wood
678536,LAKE COUNTY,Wood
573659,LAKE COUNTY,Wood
609171,LAKE COUNTY,Wood
599486,LAKE COUNTY,Wood
173396,LAKE COUNTY,Wood
750065,LAKE COUNTY,Wood
851334,LAKE COUNTY,Wood
516891,LAKE COUNTY,Wood
841196,LAKE COUNTY,Wood
976422,LAKE COUNTY,Wood
317529,LAKE COUNTY,Wood
781517,LAKE COUNTY,Wood
759856,LAKE COUNTY,Wood
766731,LAKE COUNTY,Masonry
506324,LAKE COUNTY,Masonry
266696,LAKE COUNTY,Masonry
725148,LAKE COUNTY,Reinforced Masonry
427052,LAKE COUNTY,Masonry
244117,LAKE COUNTY,Masonry
553152,LAKE COUNTY,Masonry
835017,LAKE COUNTY,Reinforced Masonry
133276,LAKE COUNTY,Reinforced Masonry
633377,LAKE COUNTY,Wood
747494,LAKE COUNTY,Masonry
712993,LAKE COUNTY,Wood
577856,LAKE COUNTY,Wood
981709,MARION COUNTY,Wood
722146,ORANGE COUNTY,Wood
360950,ORANGE COUNTY,Wood
769090,ORANGE COUNTY,Wood
817873,ORANGE COUNTY,Masonry
338605,ORANGE COUNTY,Wood
255359,ORANGE COUNTY,Wood
734410,ORANGE COUNTY,Reinforced Masonry
923716,ORANGE COUNTY,Reinforced Masonry
923379,ORANGE COUNTY,Reinforced Masonry
816153,ORANGE COUNTY,Wood
110542,ORANGE COUNTY,Wood
583462,ORANGE COUNTY,Wood
372897,ORANGE COUNTY,Wood
974125,ORANGE COUNTY,Masonry
273893,ORANGE COUNTY,Wood
610613,ORANGE COUNTY,Reinforced Masonry
429393,ORANGE COUNTY,Reinforced Masonry
931747,ORANGE COUNTY,Masonry
938261,ORANGE COUNTY,Masonry
275097,ORANGE COUNTY,Masonry
963194,ORANGE COUNTY,Masonry
962540,ORANGE COUNTY,Wood
318132,ORANGE COUNTY,Wood
523621,ORANGE COUNTY,Wood
176811,ORANGE COUNTY,Masonry
621837,ORANGE COUNTY,Masonry
730438,ORANGE COUNTY,Wood
882715,ORANGE COUNTY,Wood
612195,ORANGE COUNTY,Masonry
392881,ORANGE COUNTY,Wood
549901,ORANGE COUNTY,Wood
552193,ORANGE COUNTY,Masonry
870605,ORANGE COUNTY,Wood
458496,ORANGE COUNTY,Masonry
390812,ORANGE COUNTY,Wood
939948,ORANGE COUNTY,Wood
688713,ORANGE COUNTY,Wood
582098,ORANGE COUNTY,Masonry
238055,ORANGE COUNTY,Wood
945666,ORANGE COUNTY,Wood
216810,ORANGE COUNTY,Wood
897720,ORANGE COUNTY,Masonry
616356,ORANGE COUNTY,Wood
476603,SEMINOLE COUNTY,Masonry
369540,SEMINOLE COUNTY,Masonry
176946,SEMINOLE COUNTY,Masonry
151291,SEMINOLE COUNTY,Masonry
501132,SEMINOLE COUNTY,Wood
764188,SEMINOLE COUNTY,Masonry
223325,SEMINOLE COUNTY,Wood
602049,ORANGE COUNTY,Wood
966347,ORANGE COUNTY,Masonry
869308,ORANGE COUNTY,Masonry
320555,ORANGE COUNTY,Masonry
717978,ORANGE COUNTY,Masonry
354610,SEMINOLE COUNTY,Masonry
131259,ORANGE COUNTY,Masonry
410105,SEMINOLE COUNTY,Wood
732819,SEMINOLE COUNTY,Wood
837306,SEMINOLE COUNTY,Wood
697040,SEMINOLE COUNTY,Masonry
215085,SEMINOLE COUNTY,Masonry
236002,SEMINOLE COUNTY,Masonry
309121,SEMINOLE COUNTY,Wood
687876,SEMINOLE COUNTY,Wood
349859,SEMINOLE COUNTY,Wood
429842,SEMINOLE COUNTY,Wood
354448,SEMINOLE COUNTY,Wood
131985,SEMINOLE COUNTY,Wood
792646,SEMINOLE COUNTY,Reinforced Masonry
334041,ORANGE COUNTY,Wood
934663,ORANGE COUNTY,Masonry
183923,ORANGE COUNTY,Reinforced Masonry
312527,ORANGE COUNTY,Wood
638274,ORANGE COUNTY,Wood
604983,ORANGE COUNTY,Wood
725314,ORANGE COUNTY,Masonry
131642,ORANGE COUNTY,Wood
845805,ORANGE COUNTY,Masonry
605259,ORANGE COUNTY,Reinforced Masonry
340960,ORANGE COUNTY,Wood
860869,SEMINOLE COUNTY,Masonry
485802,ORANGE COUNTY,Wood
871277,ORANGE COUNTY,Wood
125295,SEMINOLE COUNTY,Wood
213677,ORANGE COUNTY,Reinforced Concrete
785258,ORANGE COUNTY,Masonry
706116,ORANGE COUNTY,Masonry
118047,ORANGE COUNTY,Masonry
463330,ORANGE COUNTY,Masonry
427323,ORANGE COUNTY,Masonry
341452,ORANGE COUNTY,Masonry
932212,ORANGE COUNTY,Wood
225880,ORANGE COUNTY,Wood
450771,ORANGE COUNTY,Wood
906560,ORANGE COUNTY,Wood
938364,ORANGE COUNTY,Reinforced Concrete
848763,ORANGE COUNTY,Reinforced Concrete
599149,ORANGE COUNTY,Wood
673674,ORANGE COUNTY,Wood
148098,ORANGE COUNTY,Wood
458869,ORANGE COUNTY,Wood
347448,ORANGE COUNTY,Wood
643806,ORANGE COUNTY,Wood
251228,ORANGE COUNTY,Wood
490153,ORANGE COUNTY,Wood
849173,ORANGE COUNTY,Wood
909475,ORANGE COUNTY,Wood
827295,ORANGE COUNTY,Reinforced Masonry
217304,ORANGE COUNTY,Reinforced Masonry
734957,ORANGE COUNTY,Reinforced Masonry
132584,ORANGE COUNTY,Masonry
849230,SEMINOLE COUNTY,Reinforced Masonry
454123,SEMINOLE COUNTY,Reinforced Masonry
741104,SEMINOLE COUNTY,Masonry
639946,SEMINOLE COUNTY,Reinforced Masonry
460949,SEMINOLE COUNTY,Wood
472690,SEMINOLE COUNTY,Wood
547928,SEMINOLE COUNTY,Wood
285042,ORANGE COUNTY,Masonry
155020,ORANGE COUNTY,Masonry
747478,ORANGE COUNTY,Wood
498346,ORANGE COUNTY,Wood
717069,ORANGE COUNTY,Wood
517679,ORANGE COUNTY,Wood
378502,ORANGE COUNTY,Wood
931419,ORANGE COUNTY,Reinforced Masonry
998479,ORANGE COUNTY,Reinforced Masonry
305150,ORANGE COUNTY,Wood
508362,ORANGE COUNTY,Wood
529535,ORANGE COUNTY,Wood
470785,ORANGE COUNTY,Wood
466438,ORANGE COUNTY,Wood
862877,ORANGE COUNTY,Wood
514695,ORANGE COUNTY,Wood
849331,ORANGE COUNTY,Wood
698114,ORANGE COUNTY,Wood
235008,ORANGE COUNTY,Wood
608130,ORANGE COUNTY,Wood
280588,ORANGE COUNTY,Wood
232898,ORANGE COUNTY,Wood
636630,ORANGE COUNTY,Wood
232656,ORANGE COUNTY,Wood
392985,ORANGE COUNTY,Wood
800881,BREVARD COUNTY,Reinforced Masonry
353562,BREVARD COUNTY,Masonry
425805,BREVARD COUNTY,Wood
586177,BREVARD COUNTY,Reinforced Masonry
552334,BREVARD COUNTY,Wood
756664,BREVARD COUNTY,Wood
182583,BREVARD COUNTY,Masonry
207890,BREVARD COUNTY,Masonry
985640,BREVARD COUNTY,Masonry
774475,BREVARD COUNTY,Wood
478779,BREVARD COUNTY,Masonry
609605,BREVARD COUNTY,Masonry
534032,BREVARD COUNTY,Wood
584812,BREVARD COUNTY,Wood
910572,BREVARD COUNTY,Wood
435757,BREVARD COUNTY,Wood
589038,BREVARD COUNTY,Wood
352448,BREVARD COUNTY,Reinforced Masonry
401585,BREVARD COUNTY,Reinforced Masonry
347036,BREVARD COUNTY,Masonry
418542,BREVARD COUNTY,Masonry
129968,BREVARD COUNTY,Masonry
933827,BREVARD COUNTY,Wood
380912,BREVARD COUNTY,Wood
351621,BREVARD COUNTY,Wood
451265,BREVARD COUNTY,Wood
135046,BREVARD COUNTY,Masonry
867811,BREVARD COUNTY,Wood
392016,BREVARD COUNTY,Wood
605211,BREVARD COUNTY,Masonry
329072,BREVARD COUNTY,Masonry
121335,BREVARD COUNTY,Wood
695739,ORANGE COUNTY,Masonry
969617,ORANGE COUNTY,Wood
331392,ORANGE COUNTY,Reinforced Masonry
443686,ORANGE COUNTY,Reinforced Concrete
510955,SEMINOLE COUNTY,Wood
824393,ORANGE COUNTY,Reinforced Masonry
706290,ORANGE COUNTY,Masonry
881265,ORANGE COUNTY,Masonry
229990,ORANGE COUNTY,Wood
584179,ORANGE COUNTY,Reinforced Masonry
763447,ORANGE COUNTY,Masonry
656934,ORANGE COUNTY,Wood
559514,ORANGE COUNTY,Wood
838888,ORANGE COUNTY,Wood
960484,ORANGE COUNTY,Masonry
551281,ORANGE COUNTY,Wood
596604,ORANGE COUNTY,Wood
426454,ORANGE COUNTY,Masonry
721654,ORANGE COUNTY,Wood
468361,ORANGE COUNTY,Wood
279158,ORANGE COUNTY,Wood
459797,ORANGE COUNTY,Wood
541018,ORANGE COUNTY,Wood
641761,ORANGE COUNTY,Reinforced Concrete
297280,ORANGE COUNTY,Reinforced Concrete
291458,ORANGE COUNTY,Reinforced Masonry
844384,ORANGE COUNTY,Reinforced Concrete
703257,ORANGE COUNTY,Masonry
859085,ORANGE COUNTY,Wood
410491,ORANGE COUNTY,Reinforced Concrete
943421,ORANGE COUNTY,Wood
718574,ORANGE COUNTY,Reinforced Concrete
932388,ORANGE COUNTY,Reinforced Concrete
351721,ORANGE COUNTY,Masonry
309998,ORANGE COUNTY,Reinforced Masonry
268762,ORANGE COUNTY,Reinforced Masonry
424571,ORANGE COUNTY,Wood
149577,ORANGE COUNTY,Reinforced Concrete
532140,ORANGE COUNTY,Wood
326095,ORANGE COUNTY,Wood
651908,ORANGE COUNTY,Wood
840777,ORANGE COUNTY,Wood
307188,ORANGE COUNTY,Wood
511588,ORANGE COUNTY,Wood
607786,ORANGE COUNTY,Wood
571493,ORANGE COUNTY,Wood
191807,ORANGE COUNTY,Wood
492617,ORANGE COUNTY,Reinforced Masonry
844357,ORANGE COUNTY,Masonry
273130,ORANGE COUNTY,Wood
208983,ORANGE COUNTY,Wood
335724,ORANGE COUNTY,Wood
611097,ORANGE COUNTY,Wood
496275,ORANGE COUNTY,Wood
851519,ORANGE COUNTY,Reinforced Masonry
534758,ORANGE COUNTY,Reinforced Masonry
828449,ORANGE COUNTY,Reinforced Concrete
201025,ORANGE COUNTY,Wood
411745,ORANGE COUNTY,Wood
567048,ORANGE COUNTY,Wood
796318,ORANGE COUNTY,Wood
278011,ORANGE COUNTY,Wood
715542,ORANGE COUNTY,Wood
419137,ORANGE COUNTY,Wood
324371,ORANGE COUNTY,Wood
211722,ORANGE COUNTY,Wood
893033,ORANGE COUNTY,Wood
477824,ORANGE COUNTY,Wood
804505,ORANGE COUNTY,Wood
861147,ORANGE COUNTY,Wood
270787,ORANGE COUNTY,Wood
911753,ORANGE COUNTY,Wood
342413,ORANGE COUNTY,Wood
214858,ORANGE COUNTY,Wood
314349,ORANGE COUNTY,Wood
950352,ORANGE COUNTY,Wood
373932,ORANGE COUNTY,Wood
618648,ORANGE COUNTY,Wood
246872,ORANGE COUNTY,Wood
688495,ORANGE COUNTY,Wood
695407,ORANGE COUNTY,Wood
718801,ORANGE COUNTY,Masonry
194169,ORANGE COUNTY,Masonry
811114,ORANGE COUNTY,Masonry
310706,ORANGE COUNTY,Masonry
318653,ORANGE COUNTY,Masonry
664495,ORANGE COUNTY,Masonry
389473,ORANGE COUNTY,Reinforced Masonry
380503,ORANGE COUNTY,Reinforced Masonry
804013,ORANGE COUNTY,Wood
868208,ORANGE COUNTY,Wood
596062,ORANGE COUNTY,Wood
722817,ORANGE COUNTY,Masonry
647001,ORANGE COUNTY,Masonry
482694,ORANGE COUNTY,Wood
175563,ORANGE COUNTY,Wood
536307,ORANGE COUNTY,Wood
982253,ORANGE COUNTY,Masonry
702843,ORANGE COUNTY,Masonry
659105,ORANGE COUNTY,Wood
302694,ORANGE COUNTY,Wood
148676,ORANGE COUNTY,Reinforced Masonry
622555,ORANGE COUNTY,Masonry
594469,ORANGE COUNTY,Steel Frame
388961,ORANGE COUNTY,Masonry
852561,ORANGE COUNTY,Reinforced Masonry
464745,ORANGE COUNTY,Masonry
636761,ORANGE COUNTY,Wood
221000,ORANGE COUNTY,Wood
943793,ORANGE COUNTY,Wood
743257,ORANGE COUNTY,Reinforced Masonry
210319,ORANGE COUNTY,Wood
808373,ORANGE COUNTY,Reinforced Masonry
865164,ORANGE COUNTY,Masonry
116943,ORANGE COUNTY,Wood
696547,ORANGE COUNTY,Masonry
148647,ORANGE COUNTY,Reinforced Masonry
949634,ORANGE COUNTY,Wood
454980,ORANGE COUNTY,Wood
954352,ORANGE COUNTY,Reinforced Masonry
873685,ORANGE COUNTY,Wood
777449,ORANGE COUNTY,Wood
600988,ORANGE COUNTY,Masonry
394694,ORANGE COUNTY,Masonry
110658,ORANGE COUNTY,Wood
723786,ORANGE COUNTY,Wood
765031,ORANGE COUNTY,Masonry
121449,ORANGE COUNTY,Wood
917015,ORANGE COUNTY,Masonry
380546,ORANGE COUNTY,Masonry
166516,ORANGE COUNTY,Wood
161897,ORANGE COUNTY,Masonry
202652,ORANGE COUNTY,Wood
557640,ORANGE COUNTY,Masonry
529170,ORANGE COUNTY,Masonry
569709,ORANGE COUNTY,Wood
251000,ORANGE COUNTY,Wood
989754,ORANGE COUNTY,Wood
237902,ORANGE COUNTY,Masonry
510072,ORANGE COUNTY,Wood
326677,ORANGE COUNTY,Reinforced Masonry
820597,ORANGE COUNTY,Reinforced Masonry
800774,ORANGE COUNTY,Masonry
343630,ORANGE COUNTY,Masonry
787715,ORANGE COUNTY,Reinforced Masonry
705874,ORANGE COUNTY,Masonry
313316,ORANGE COUNTY,Reinforced Concrete
582920,ORANGE COUNTY,Wood
857691,ORANGE COUNTY,Wood
175770,ORANGE COUNTY,Wood
136778,ORANGE COUNTY,Wood
351255,ORANGE COUNTY,Reinforced Concrete
536747,ORANGE COUNTY,Reinforced Masonry
766372,ORANGE COUNTY,Masonry
614271,ORANGE COUNTY,Reinforced Masonry
548192,ORANGE COUNTY,Wood
951581,ORANGE COUNTY,Wood
403559,ORANGE COUNTY,Wood
932680,ORANGE COUNTY,Wood
513364,ORANGE COUNTY,Wood
516507,ORANGE COUNTY,Wood
701397,ORANGE COUNTY,Wood
165848,ORANGE COUNTY,Wood
176766,ORANGE COUNTY,Wood
212130,ORANGE COUNTY,Reinforced Masonry
525215,ORANGE COUNTY,Reinforced Masonry
515536,ORANGE COUNTY,Masonry
372783,ORANGE COUNTY,Masonry
199915,ORANGE COUNTY,Masonry
235204,ORANGE COUNTY,Wood
842457,ORANGE COUNTY,Wood
319676,ORANGE COUNTY,Masonry
150049,ORANGE COUNTY,Wood
667245,ORANGE COUNTY,Wood
398893,ORANGE COUNTY,Wood
501478,ORANGE COUNTY,Masonry
462697,ORANGE COUNTY,Wood
377433,ORANGE COUNTY,Reinforced Masonry
795283,ORANGE COUNTY,Masonry
728662,ORANGE COUNTY,Reinforced Masonry
494987,ORANGE COUNTY,Masonry
681846,ORANGE COUNTY,Wood
659736,ORANGE COUNTY,Wood
699357,ORANGE COUNTY,Wood
218238,ORANGE COUNTY,Wood
468218,ORANGE COUNTY,Wood
256752,ORANGE COUNTY,Wood
759973,ORANGE COUNTY,Masonry
634245,ORANGE COUNTY,Wood
742206,ORANGE COUNTY,Wood
212553,ORANGE COUNTY,Wood
237858,ORANGE COUNTY,Wood
970337,ORANGE COUNTY,Wood
629627,ORANGE COUNTY,Wood
376178,ORANGE COUNTY,Wood
654418,ORANGE COUNTY,Masonry
626870,ORANGE COUNTY,Reinforced Concrete
721692,ORANGE COUNTY,Masonry
780961,ORANGE COUNTY,Steel Frame
778684,ORANGE COUNTY,Masonry
610074,ORANGE COUNTY,Reinforced Concrete
583626,ORANGE COUNTY,Reinforced Masonry
365916,ORANGE COUNTY,Reinforced Concrete
311471,ORANGE COUNTY,Wood
764459,ORANGE COUNTY,Wood
635296,ORANGE COUNTY,Reinforced Masonry
883828,ORANGE COUNTY,Wood
571371,ORANGE COUNTY,Reinforced Masonry
945950,ORANGE COUNTY,Wood
459170,ORANGE COUNTY,Wood
500728,ORANGE COUNTY,Reinforced Concrete
529749,ORANGE COUNTY,Wood
267797,ORANGE COUNTY,Masonry
232553,ORANGE COUNTY,Masonry
534034,ORANGE COUNTY,Masonry
826488,ORANGE COUNTY,Reinforced Masonry
855059,ORANGE COUNTY,Reinforced Masonry
451545,ORANGE COUNTY,Reinforced Concrete
445992,ORANGE COUNTY,Steel Frame
757867,ORANGE COUNTY,Masonry
993720,ORANGE COUNTY,Wood
586051,ORANGE COUNTY,Wood
849272,ORANGE COUNTY,Wood
709597,ORANGE COUNTY,Wood
955219,ORANGE COUNTY,Wood
449219,ORANGE COUNTY,Masonry
860773,ORANGE COUNTY,Masonry
540139,ORANGE COUNTY,Masonry
483812,ORANGE COUNTY,Masonry
106996,ORANGE COUNTY,Masonry
227995,ORANGE COUNTY,Wood
920562,ORANGE COUNTY,Wood
868775,ORANGE COUNTY,Wood
215091,ORANGE COUNTY,Wood
228095,ORANGE COUNTY,Wood
146789,ORANGE COUNTY,Reinforced Masonry
462692,ORANGE COUNTY,Reinforced Concrete
241656,ORANGE COUNTY,Reinforced Masonry
942352,ORANGE COUNTY,Masonry
677339,ORANGE COUNTY,Masonry
259727,ORANGE COUNTY,Masonry
456303,ORANGE COUNTY,Masonry
147478,ORANGE COUNTY,Masonry
354830,ORANGE COUNTY,Masonry
264686,ORANGE COUNTY,Masonry
551092,ORANGE COUNTY,Wood
660758,ORANGE COUNTY,Wood
931212,ORANGE COUNTY,Wood
776955,ORANGE COUNTY,Wood
998889,ORANGE COUNTY,Wood
532595,ORANGE COUNTY,Wood
480612,ORANGE COUNTY,Wood
219201,ORANGE COUNTY,Wood
704651,ORANGE COUNTY,Wood
452987,ORANGE COUNTY,Wood
837114,ORANGE COUNTY,Wood
432442,ORANGE COUNTY,Wood
823335,ORANGE COUNTY,Wood
825080,ORANGE COUNTY,Wood
428708,ORANGE COUNTY,Wood
252616,ORANGE COUNTY,Wood
600900,ORANGE COUNTY,Wood
529946,ORANGE COUNTY,Wood
935123,ORANGE COUNTY,Wood
646825,ORANGE COUNTY,Wood
265478,ORANGE COUNTY,Wood
995334,ORANGE COUNTY,Wood
714111,ORANGE COUNTY,Wood
401552,ORANGE COUNTY,Wood
503609,ORANGE COUNTY,Wood
571107,ORANGE COUNTY,Wood
490307,ORANGE COUNTY,Wood
714098,ORANGE COUNTY,Wood
191538,ORANGE COUNTY,Wood
689154,ORANGE COUNTY,Wood
771554,ORANGE COUNTY,Wood
911733,ORANGE COUNTY,Wood
784778,ORANGE COUNTY,Wood
473616,ORANGE COUNTY,Wood
203283,ORANGE COUNTY,Wood
920480,ORANGE COUNTY,Wood
489003,ORANGE COUNTY,Wood
938274,ORANGE COUNTY,Wood
450119,ORANGE COUNTY,Wood
859639,ORANGE COUNTY,Wood
938208,ORANGE COUNTY,Wood
851440,ORANGE COUNTY,Wood
720542,ORANGE COUNTY,Wood
725815,ORANGE COUNTY,Wood
153255,ORANGE COUNTY,Wood
464362,ORANGE COUNTY,Wood
819045,ORANGE COUNTY,Masonry
506234,ORANGE COUNTY,Masonry
730501,ORANGE COUNTY,Wood
266487,ORANGE COUNTY,Wood
957737,ORANGE COUNTY,Wood
567971,ORANGE COUNTY,Wood
820945,ORANGE COUNTY,Wood
760960,ORANGE COUNTY,Wood
286671,ORANGE COUNTY,Masonry
741132,ORANGE COUNTY,Masonry
303489,ORANGE COUNTY,Wood
436625,ORANGE COUNTY,Reinforced Masonry
658325,ORANGE COUNTY,Wood
477352,ORANGE COUNTY,Masonry
273613,ORANGE COUNTY,Masonry
564568,ORANGE COUNTY,Reinforced Masonry
572409,ORANGE COUNTY,Masonry
770594,ORANGE COUNTY,Masonry
813408,ORANGE COUNTY,Wood
302168,ORANGE COUNTY,Wood
491420,ORANGE COUNTY,Masonry
135813,ORANGE COUNTY,Wood
264948,ORANGE COUNTY,Masonry
891720,ORANGE COUNTY,Masonry
237553,ORANGE COUNTY,Masonry
575145,ORANGE COUNTY,Masonry
560507,ORANGE COUNTY,Wood
959880,ORANGE COUNTY,Wood
592855,ORANGE COUNTY,Reinforced Masonry
197682,ORANGE COUNTY,Wood
900111,ORANGE COUNTY,Reinforced Masonry
934006,ORANGE COUNTY,Wood
465646,ORANGE COUNTY,Masonry
184431,ORANGE COUNTY,Wood
902713,ORANGE COUNTY,Wood
823328,ORANGE COUNTY,Wood
822928,ORANGE COUNTY,Wood
589857,ORANGE COUNTY,Reinforced Masonry
864680,ORANGE COUNTY,Reinforced Masonry
854620,ORANGE COUNTY,Reinforced Masonry
206836,ORANGE COUNTY,Reinforced Concrete
536178,ORANGE COUNTY,Masonry
307876,ORANGE COUNTY,Wood
479119,ORANGE COUNTY,Masonry
872628,ORANGE COUNTY,Masonry
491330,ORANGE COUNTY,Masonry
725173,ORANGE COUNTY,Masonry
237428,ORANGE COUNTY,Masonry
155065,ORANGE COUNTY,Masonry
483350,ORANGE COUNTY,Masonry
636681,ORANGE COUNTY,Masonry
885668,ORANGE COUNTY,Masonry
246937,ORANGE COUNTY,Masonry
803142,ORANGE COUNTY,Masonry
769172,ORANGE COUNTY,Masonry
786150,ORANGE COUNTY,Masonry
635148,ORANGE COUNTY,Masonry
608235,ORANGE COUNTY,Masonry
110077,ORANGE COUNTY,Masonry
300750,ORANGE COUNTY,Masonry
959625,ORANGE COUNTY,Masonry
478608,ORANGE COUNTY,Masonry
239108,ORANGE COUNTY,Masonry
289621,ORANGE COUNTY,Masonry
774742,ORANGE COUNTY,Wood
250232,ORANGE COUNTY,Wood
119403,ORANGE COUNTY,Wood
631963,ORANGE COUNTY,Masonry
231562,ORANGE COUNTY,Wood
837100,ORANGE COUNTY,Masonry
480557,ORANGE COUNTY,Wood
682277,ORANGE COUNTY,Wood
148604,ORANGE COUNTY,Masonry
401462,ORANGE COUNTY,Wood
122048,ORANGE COUNTY,Wood
165845,ORANGE COUNTY,Masonry
311085,ORANGE COUNTY,Reinforced Concrete
988678,ORANGE COUNTY,Wood
575603,ORANGE COUNTY,Reinforced Masonry
369187,ORANGE COUNTY,Masonry
959500,ORANGE COUNTY,Wood
786083,ORANGE COUNTY,Wood
478764,ORANGE COUNTY,Wood
600099,ORANGE COUNTY,Wood
779905,ORANGE COUNTY,Wood
515788,ORANGE COUNTY,Wood
185686,ORANGE COUNTY,Wood
755664,ORANGE COUNTY,Wood
511139,ORANGE COUNTY,Masonry
816879,ORANGE COUNTY,Wood
250475,ORANGE COUNTY,Wood
683593,ORANGE COUNTY,Wood
685395,ORANGE COUNTY,Wood
511889,ORANGE COUNTY,Wood
778786,ORANGE COUNTY,Reinforced Masonry
867003,ORANGE COUNTY,Wood
596685,ORANGE COUNTY,Wood
656496,ORANGE COUNTY,Reinforced Masonry
269339,ORANGE COUNTY,Reinforced Concrete
368399,ORANGE COUNTY,Reinforced Concrete
686494,ORANGE COUNTY,Masonry
261305,ORANGE COUNTY,Wood
559201,ORANGE COUNTY,Wood
756016,ORANGE COUNTY,Wood
155418,ORANGE COUNTY,Masonry
226886,ORANGE COUNTY,Masonry
285299,ORANGE COUNTY,Wood
761394,ORANGE COUNTY,Masonry
171538,ORANGE COUNTY,Masonry
579438,ORANGE COUNTY,Masonry
730882,ORANGE COUNTY,Masonry
666245,ORANGE COUNTY,Wood
663816,ORANGE COUNTY,Reinforced Concrete
816908,ORANGE COUNTY,Wood
927176,ORANGE COUNTY,Wood
118279,ORANGE COUNTY,Masonry
485134,ORANGE COUNTY,Masonry
621093,ORANGE COUNTY,Masonry
887786,ORANGE COUNTY,Masonry
976963,ORANGE COUNTY,Masonry
171354,ORANGE COUNTY,Masonry
223569,ORANGE COUNTY,Wood
874839,ORANGE COUNTY,Wood
163785,ORANGE COUNTY,Wood
404357,ORANGE COUNTY,Wood
356410,ORANGE COUNTY,Wood
411042,ORANGE COUNTY,Wood
579851,ORANGE COUNTY,Masonry
457205,ORANGE COUNTY,Wood
348516,ORANGE COUNTY,Wood
354768,ORANGE COUNTY,Wood
553363,ORANGE COUNTY,Wood
105251,ORANGE COUNTY,Reinforced Masonry
859193,ORANGE COUNTY,Reinforced Concrete
621462,ORANGE COUNTY,Wood
798936,ORANGE COUNTY,Wood
231472,ORANGE COUNTY,Wood
945780,ORANGE COUNTY,Wood
912706,ORANGE COUNTY,Wood
816114,ORANGE COUNTY,Wood
596130,ORANGE COUNTY,Wood
984312,ORANGE COUNTY,Wood
821277,ORANGE COUNTY,Wood
309157,ORANGE COUNTY,Wood
361235,ORANGE COUNTY,Wood
102176,ORANGE COUNTY,Reinforced Masonry
804911,ORANGE COUNTY,Reinforced Masonry
772257,ORANGE COUNTY,Reinforced Masonry
274476,ORANGE COUNTY,Reinforced Masonry
762155,ORANGE COUNTY,Reinforced Masonry
444419,ORANGE COUNTY,Masonry
712892,ORANGE COUNTY,Masonry
404344,ORANGE COUNTY,Masonry
859833,ORANGE COUNTY,Masonry
654071,ORANGE COUNTY,Reinforced Masonry
307361,ORANGE COUNTY,Reinforced Masonry
661469,ORANGE COUNTY,Masonry
994620,ORANGE COUNTY,Masonry
880690,ORANGE COUNTY,Wood
194202,ORANGE COUNTY,Wood
891057,ORANGE COUNTY,Wood
165407,ORANGE COUNTY,Wood
689653,ORANGE COUNTY,Wood
421671,ORANGE COUNTY,Wood
163087,ORANGE COUNTY,Wood
401329,ORANGE COUNTY,Wood
976110,ORANGE COUNTY,Wood
377423,ORANGE COUNTY,Wood
434445,ORANGE COUNTY,Reinforced Masonry
721467,ORANGE COUNTY,Reinforced Masonry
852040,ORANGE COUNTY,Reinforced Masonry
983805,ORANGE COUNTY,Wood
122310,ORANGE COUNTY,Wood
261195,ORANGE COUNTY,Masonry
848059,ORANGE COUNTY,Wood
144058,ORANGE COUNTY,Reinforced Concrete
310058,ORANGE COUNTY,Reinforced Concrete
765474,ORANGE COUNTY,Masonry
883938,ORANGE COUNTY,Masonry
240987,ORANGE COUNTY,Reinforced Masonry
835954,ORANGE COUNTY,Wood
720821,ORANGE COUNTY,Reinforced Masonry
393237,ORANGE COUNTY,Wood
322494,ORANGE COUNTY,Wood
894219,ORANGE COUNTY,Wood
893303,ORANGE COUNTY,Wood
457288,ORANGE COUNTY,Wood
491403,ORANGE COUNTY,Wood
115431,ORANGE COUNTY,Wood
172352,ORANGE COUNTY,Wood
237304,ORANGE COUNTY,Wood
234391,ORANGE COUNTY,Wood
946028,ORANGE COUNTY,Wood
329300,ORANGE COUNTY,Wood
483441,ORANGE COUNTY,Masonry
858092,ORANGE COUNTY,Reinforced Masonry
300231,ORANGE COUNTY,Masonry
316711,ORANGE COUNTY,Masonry
921064,ORANGE COUNTY,Reinforced Masonry
336959,ORANGE COUNTY,Reinforced Masonry
627073,ORANGE COUNTY,Wood
895145,ORANGE COUNTY,Wood
388300,ORANGE COUNTY,Reinforced Concrete
812333,ORANGE COUNTY,Masonry
859869,ORANGE COUNTY,Wood
593324,ORANGE COUNTY,Masonry
644121,ORANGE COUNTY,Wood
160039,ORANGE COUNTY,Masonry
703203,ORANGE COUNTY,Reinforced Masonry
365592,ORANGE COUNTY,Steel Frame
289109,ORANGE COUNTY,Reinforced Masonry
808360,ORANGE COUNTY,Wood
483430,ORANGE COUNTY,Reinforced Masonry
358365,ORANGE COUNTY,Reinforced Concrete
832045,ORANGE COUNTY,Masonry
877579,ORANGE COUNTY,Wood
216963,ORANGE COUNTY,Wood
278651,ORANGE COUNTY,Wood
616774,ORANGE COUNTY,Masonry
612246,ORANGE COUNTY,Reinforced Concrete
374166,ORANGE COUNTY,Wood
712863,ORANGE COUNTY,Masonry
705303,ORANGE COUNTY,Wood
373967,ORANGE COUNTY,Wood
765408,ORANGE COUNTY,Wood
545674,ORANGE COUNTY,Wood
239693,ORANGE COUNTY,Wood
335372,ORANGE COUNTY,Wood
330661,ORANGE COUNTY,Masonry
650664,ORANGE COUNTY,Masonry
164670,ORANGE COUNTY,Wood
634378,ORANGE COUNTY,Wood
166999,ORANGE COUNTY,Masonry
300043,ORANGE COUNTY,Reinforced Masonry
764059,ORANGE COUNTY,Wood
953798,ORANGE COUNTY,Wood
118244,ORANGE COUNTY,Wood
333214,ORANGE COUNTY,Wood
176688,ORANGE COUNTY,Wood
222903,ORANGE COUNTY,Reinforced Masonry
969860,ORANGE COUNTY,Reinforced Masonry
933212,ORANGE COUNTY,Masonry
199057,ORANGE COUNTY,Masonry
836993,ORANGE COUNTY,Masonry
185450,ORANGE COUNTY,Masonry
546692,ORANGE COUNTY,Masonry
606527,ORANGE COUNTY,Wood
586085,ORANGE COUNTY,Reinforced Masonry
941167,ORANGE COUNTY,Wood
199260,ORANGE COUNTY,Reinforced Masonry
701169,ORANGE COUNTY,Reinforced Masonry
354627,ORANGE COUNTY,Reinforced Masonry
471937,ORANGE COUNTY,Reinforced Masonry
263739,ORANGE COUNTY,Reinforced Concrete
730985,ORANGE COUNTY,Reinforced Concrete
840155,ORANGE COUNTY,Reinforced Masonry
155530,ORANGE COUNTY,Wood
612132,ORANGE COUNTY,Wood
963349,ORANGE COUNTY,Wood
176747,ORANGE COUNTY,Masonry
392601,ORANGE COUNTY,Reinforced Concrete
699770,ORANGE COUNTY,Wood
726228,ORANGE COUNTY,Reinforced Concrete
671691,ORANGE COUNTY,Reinforced Concrete
779977,ORANGE COUNTY,Reinforced Masonry
543354,ORANGE COUNTY,Wood
497564,ORANGE COUNTY,Masonry
654881,ORANGE COUNTY,Wood
755035,ORANGE COUNTY,Wood
886592,ORANGE COUNTY,Wood
791261,ORANGE COUNTY,Wood
652130,ORANGE COUNTY,Reinforced Masonry
856030,ORANGE COUNTY,Reinforced Concrete
486781,ORANGE COUNTY,Wood
618053,ORANGE COUNTY,Wood
877361,ORANGE COUNTY,Wood
972305,ORANGE COUNTY,Wood
288271,ORANGE COUNTY,Wood
890003,ORANGE COUNTY,Wood
676482,ORANGE COUNTY,Wood
879141,ORANGE COUNTY,Wood
514626,ORANGE COUNTY,Wood
756143,ORANGE COUNTY,Wood
999424,ORANGE COUNTY,Wood
230644,ORANGE COUNTY,Wood
876477,ORANGE COUNTY,Wood
951042,ORANGE COUNTY,Wood
670389,ORANGE COUNTY,Wood
164058,ORANGE COUNTY,Wood
510604,ORANGE COUNTY,Wood
478792,ORANGE COUNTY,Wood
243752,ORANGE COUNTY,Wood
851020,ORANGE COUNTY,Wood
182673,ORANGE COUNTY,Wood
541334,ORANGE COUNTY,Wood
616328,ORANGE COUNTY,Masonry
519783,ORANGE COUNTY,Masonry
600167,ORANGE COUNTY,Masonry
264671,ORANGE COUNTY,Wood
409207,ORANGE COUNTY,Reinforced Masonry
554958,ORANGE COUNTY,Wood
363340,ORANGE COUNTY,Wood
498935,ORANGE COUNTY,Reinforced Masonry
293969,ORANGE COUNTY,Wood
814459,ORANGE COUNTY,Reinforced Concrete
727075,ORANGE COUNTY,Masonry
817653,ORANGE COUNTY,Masonry
718623,ORANGE COUNTY,Masonry
310790,ORANGE COUNTY,Steel Frame
159593,ORANGE COUNTY,Reinforced Concrete
775010,ORANGE COUNTY,Wood
648960,ORANGE COUNTY,Wood
361458,ORANGE COUNTY,Wood
143067,ORANGE COUNTY,Wood
146900,ORANGE COUNTY,Wood
466674,ORANGE COUNTY,Wood
504083,ORANGE COUNTY,Wood
379694,ORANGE COUNTY,Wood
661051,ORANGE COUNTY,Wood
187176,ORANGE COUNTY,Wood
193314,ORANGE COUNTY,Wood
458516,ORANGE COUNTY,Wood
244822,ORANGE COUNTY,Reinforced Concrete
616221,ORANGE COUNTY,Reinforced Masonry
419231,ORANGE COUNTY,Reinforced Masonry
917214,ORANGE COUNTY,Masonry
965557,ORANGE COUNTY,Masonry
969374,ORANGE COUNTY,Wood
572492,ORANGE COUNTY,Wood
421020,ORANGE COUNTY,Wood
995546,ORANGE COUNTY,Wood
752259,ORANGE COUNTY,Wood
753175,ORANGE COUNTY,Wood
776853,ORANGE COUNTY,Wood
461913,ORANGE COUNTY,Masonry
440045,ORANGE COUNTY,Masonry
795751,ORANGE COUNTY,Reinforced Concrete
285169,ORANGE COUNTY,Reinforced Masonry
321172,ORANGE COUNTY,Reinforced Masonry
573495,ORANGE COUNTY,Steel Frame
879861,ORANGE COUNTY,Masonry
112629,ORANGE COUNTY,Wood
366994,ORANGE COUNTY,Wood
399470,ORANGE COUNTY,Masonry
734605,ORANGE COUNTY,Wood
122952,ORANGE COUNTY,Masonry
243056,ORANGE COUNTY,Wood
648436,ORANGE COUNTY,Wood
677798,ORANGE COUNTY,Masonry
387956,ORANGE COUNTY,Masonry
177928,ORANGE COUNTY,Masonry
265477,ORANGE COUNTY,Masonry
322290,ORANGE COUNTY,Masonry
384514,ORANGE COUNTY,Masonry
959656,ORANGE COUNTY,Masonry
612422,ORANGE COUNTY,Masonry
938296,ORANGE COUNTY,Masonry
168206,ORANGE COUNTY,Masonry
380689,ORANGE COUNTY,Wood
463932,ORANGE COUNTY,Masonry
733779,ORANGE COUNTY,Reinforced Masonry
818094,ORANGE COUNTY,Wood
583792,ORANGE COUNTY,Reinforced Masonry
894451,ORANGE COUNTY,Wood
145629,ORANGE COUNTY,Masonry
510984,ORANGE COUNTY,Masonry
349812,ORANGE COUNTY,Wood
251841,ORANGE COUNTY,Wood
957195,ORANGE COUNTY,Wood
861368,ORANGE COUNTY,Wood
273419,ORANGE COUNTY,Wood
738362,ORANGE COUNTY,Wood
692909,ORANGE COUNTY,Wood
503820,ORANGE COUNTY,Wood
316133,ORANGE COUNTY,Wood
616756,ORANGE COUNTY,Wood
728790,ORANGE COUNTY,Wood
764191,ORANGE COUNTY,Wood
819056,ORANGE COUNTY,Wood
779030,ORANGE COUNTY,Wood
571286,ORANGE COUNTY,Wood
497986,ORANGE COUNTY,Wood
656847,ORANGE COUNTY,Wood
226480,ORANGE COUNTY,Wood
715321,ORANGE COUNTY,Wood
351620,ORANGE COUNTY,Wood
863121,ORANGE COUNTY,Wood
487587,ORANGE COUNTY,Wood
745711,ORANGE COUNTY,Wood
893967,ORANGE COUNTY,Wood
649463,ORANGE COUNTY,Wood
489621,ORANGE COUNTY,Wood
836196,ORANGE COUNTY,Wood
694288,ORANGE COUNTY,Wood
196260,ORANGE COUNTY,Reinforced Concrete
331498,ORANGE COUNTY,Reinforced Concrete
737724,ORANGE COUNTY,Steel Frame
429355,ORANGE COUNTY,Reinforced Concrete
306671,ORANGE COUNTY,Reinforced Masonry
218723,ORANGE COUNTY,Wood
224676,ORANGE COUNTY,Reinforced Concrete
782922,ORANGE COUNTY,Wood
353584,ORANGE COUNTY,Reinforced Concrete
249361,ORANGE COUNTY,Reinforced Masonry
185772,ORANGE COUNTY,Masonry
136126,ORANGE COUNTY,Reinforced Masonry
548621,ORANGE COUNTY,Reinforced Concrete
440570,ORANGE COUNTY,Masonry
786800,ORANGE COUNTY,Wood
809737,ORANGE COUNTY,Masonry
196715,ORANGE COUNTY,Wood
218364,ORANGE COUNTY,Wood
627633,ORANGE COUNTY,Wood
271106,ORANGE COUNTY,Wood
435043,ORANGE COUNTY,Wood
157386,ORANGE COUNTY,Wood
438887,ORANGE COUNTY,Wood
716649,ORANGE COUNTY,Wood
648372,ORANGE COUNTY,Wood
204172,ORANGE COUNTY,Wood
723554,ORANGE COUNTY,Wood
170335,ORANGE COUNTY,Wood
233026,ORANGE COUNTY,Wood
199361,ORANGE COUNTY,Wood
418008,ORANGE COUNTY,Wood
478646,ORANGE COUNTY,Wood
174298,ORANGE COUNTY,Wood
604468,ORANGE COUNTY,Wood
350102,ORANGE COUNTY,Wood
636113,ORANGE COUNTY,Masonry
686562,ORANGE COUNTY,Masonry
457399,ORANGE COUNTY,Wood
253344,ORANGE COUNTY,Wood
768526,ORANGE COUNTY,Reinforced Concrete
999245,ORANGE COUNTY,Reinforced Concrete
911917,ORANGE COUNTY,Reinforced Concrete
990634,ORANGE COUNTY,Masonry
359483,ORANGE COUNTY,Masonry
883381,ORANGE COUNTY,Masonry
560153,ORANGE COUNTY,Masonry
866156,ORANGE COUNTY,Masonry
680676,ORANGE COUNTY,Masonry
252874,ORANGE COUNTY,Masonry
439975,ORANGE COUNTY,Masonry
268333,ORANGE COUNTY,Wood
547957,ORANGE COUNTY,Wood
627897,ORANGE COUNTY,Wood
519093,ORANGE COUNTY,Wood
742864,ORANGE COUNTY,Masonry
378139,ORANGE COUNTY,Steel Frame
475712,ORANGE COUNTY,Reinforced Masonry
831426,ORANGE COUNTY,Reinforced Concrete
923788,ORANGE COUNTY,Reinforced Concrete
856260,ORANGE COUNTY,Steel Frame
278533,ORANGE COUNTY,Steel Frame
135077,ORANGE COUNTY,Steel Frame
604815,ORANGE COUNTY,Masonry
123581,ORANGE COUNTY,Masonry
830561,ORANGE COUNTY,Masonry
567945,ORANGE COUNTY,Wood
304010,ORANGE COUNTY,Reinforced Concrete
202453,ORANGE COUNTY,Reinforced Concrete
920181,ORANGE COUNTY,Reinforced Concrete
186980,ORANGE COUNTY,Reinforced Masonry
350034,ORANGE COUNTY,Reinforced Masonry
292859,ORANGE COUNTY,Reinforced Concrete
286864,ORANGE COUNTY,Masonry
820966,ORANGE COUNTY,Reinforced Masonry
756126,ORANGE COUNTY,Wood
617621,ORANGE COUNTY,Masonry
950327,ORANGE COUNTY,Reinforced Masonry
796959,ORANGE COUNTY,Masonry
270198,ORANGE COUNTY,Reinforced Masonry
809530,ORANGE COUNTY,Masonry
474787,ORANGE COUNTY,Reinforced Concrete
260965,ORANGE COUNTY,Wood
613939,ORANGE COUNTY,Reinforced Masonry
508003,ORANGE COUNTY,Reinforced Masonry
638040,ORANGE COUNTY,Masonry
826497,ORANGE COUNTY,Wood
137757,ORANGE COUNTY,Masonry
906943,ORANGE COUNTY,Masonry
758044,ORANGE COUNTY,Reinforced Masonry
387570,ORANGE COUNTY,Reinforced Masonry
310787,ORANGE COUNTY,Masonry
522718,ORANGE COUNTY,Masonry
811358,ORANGE COUNTY,Masonry
938787,ORANGE COUNTY,Reinforced Concrete
526670,ORANGE COUNTY,Wood
784023,ORANGE COUNTY,Wood
301634,ORANGE COUNTY,Masonry
494946,ORANGE COUNTY,Masonry
758160,ORANGE COUNTY,Masonry
766616,ORANGE COUNTY,Masonry
868103,ORANGE COUNTY,Reinforced Concrete
336918,ORANGE COUNTY,Reinforced Concrete
660395,ORANGE COUNTY,Reinforced Concrete
830137,ORANGE COUNTY,Reinforced Masonry
294961,ORANGE COUNTY,Steel Frame
275404,ORANGE COUNTY,Steel Frame
427841,ORANGE COUNTY,Steel Frame
206910,ORANGE COUNTY,Reinforced Concrete
293419,ORANGE COUNTY,Steel Frame
471258,ORANGE COUNTY,Steel Frame
503573,ORANGE COUNTY,Wood
315552,ORANGE COUNTY,Masonry
514824,ORANGE COUNTY,Reinforced Concrete
915840,ORANGE COUNTY,Wood
279269,ORANGE COUNTY,Masonry
820027,ORANGE COUNTY,Wood
247449,ORANGE COUNTY,Wood
363825,ORANGE COUNTY,Wood
101567,ORANGE COUNTY,Wood
528150,ORANGE COUNTY,Wood
430529,ORANGE COUNTY,Reinforced Concrete
123698,ORANGE COUNTY,Reinforced Concrete
346056,ORANGE COUNTY,Masonry
585947,ORANGE COUNTY,Wood
298695,ORANGE COUNTY,Reinforced Masonry
273547,ORANGE COUNTY,Wood
823212,ORANGE COUNTY,Reinforced Masonry
628930,ORANGE COUNTY,Reinforced Concrete
116079,ORANGE COUNTY,Wood
194842,ORANGE COUNTY,Masonry
689253,ORANGE COUNTY,Masonry
997017,ORANGE COUNTY,Wood
443000,ORANGE COUNTY,Reinforced Masonry
768033,ORANGE COUNTY,Reinforced Masonry
929654,ORANGE COUNTY,Reinforced Concrete
576468,ORANGE COUNTY,Reinforced Masonry
423190,ORANGE COUNTY,Reinforced Masonry
159022,ORANGE COUNTY,Wood
150094,ORANGE COUNTY,Masonry
735159,ORANGE COUNTY,Reinforced Masonry
144780,ORANGE COUNTY,Reinforced Masonry
964491,ORANGE COUNTY,Reinforced Masonry
480995,ORANGE COUNTY,Masonry
371480,ORANGE COUNTY,Reinforced Masonry
280322,ORANGE COUNTY,Reinforced Masonry
477006,ORANGE COUNTY,Masonry
722787,ORANGE COUNTY,Reinforced Masonry
395313,ORANGE COUNTY,Reinforced Masonry
653837,ORANGE COUNTY,Masonry
153680,ORANGE COUNTY,Wood
862476,ORANGE COUNTY,Reinforced Masonry
406220,ORANGE COUNTY,Reinforced Masonry
580081,ORANGE COUNTY,Wood
927588,ORANGE COUNTY,Wood
681440,ORANGE COUNTY,Wood
723174,ORANGE COUNTY,Wood
741533,ORANGE COUNTY,Reinforced Concrete
778733,ORANGE COUNTY,Reinforced Concrete
524343,ORANGE COUNTY,Wood
985682,ORANGE COUNTY,Reinforced Masonry
691082,ORANGE COUNTY,Reinforced Concrete
633782,ORANGE COUNTY,Reinforced Concrete
540780,ORANGE COUNTY,Masonry
249101,ORANGE COUNTY,Wood
225481,ORANGE COUNTY,Masonry
592269,ORANGE COUNTY,Masonry
457977,ORANGE COUNTY,Wood
297930,ORANGE COUNTY,Wood
668171,ORANGE COUNTY,Masonry
167722,ORANGE COUNTY,Reinforced Concrete
546615,ORANGE COUNTY,Masonry
617043,ORANGE COUNTY,Masonry
105403,ORANGE COUNTY,Masonry
832834,ORANGE COUNTY,Masonry
734045,ORANGE COUNTY,Masonry
353447,ORANGE COUNTY,Masonry
880126,ORANGE COUNTY,Masonry
388804,ORANGE COUNTY,Masonry
442901,ORANGE COUNTY,Masonry
431701,ORANGE COUNTY,Masonry
161653,ORANGE COUNTY,Masonry
133221,ORANGE COUNTY,Masonry
859368,ORANGE COUNTY,Masonry
203679,ORANGE COUNTY,Masonry
753497,ORANGE COUNTY,Masonry
760662,ORANGE COUNTY,Masonry
586083,ORANGE COUNTY,Masonry
270423,ORANGE COUNTY,Masonry
506106,ORANGE COUNTY,Masonry
375288,ORANGE COUNTY,Masonry
587384,ORANGE COUNTY,Steel Frame
533312,ORANGE COUNTY,Masonry
936718,ORANGE COUNTY,Masonry
837575,ORANGE COUNTY,Masonry
488890,ORANGE COUNTY,Masonry
786466,ORANGE COUNTY,Masonry
311901,ORANGE COUNTY,Masonry
331042,ORANGE COUNTY,Reinforced Masonry
675140,ORANGE COUNTY,Masonry
511690,ORANGE COUNTY,Reinforced Masonry
978249,ORANGE COUNTY,Masonry
317561,ORANGE COUNTY,Wood
296758,ORANGE COUNTY,Wood
217696,ORANGE COUNTY,Masonry
658586,ORANGE COUNTY,Masonry
942472,ORANGE COUNTY,Reinforced Masonry
656199,ORANGE COUNTY,Wood
349836,ORANGE COUNTY,Wood
903812,ORANGE COUNTY,Wood
766354,ORANGE COUNTY,Wood
268456,ORANGE COUNTY,Wood
219058,ORANGE COUNTY,Masonry
236262,ORANGE COUNTY,Masonry
393530,ORANGE COUNTY,Wood
492688,ORANGE COUNTY,Masonry
447780,ORANGE COUNTY,Wood
456413,ORANGE COUNTY,Wood
498376,ORANGE COUNTY,Masonry
535493,ORANGE COUNTY,Wood
491551,ORANGE COUNTY,Wood
625001,ORANGE COUNTY,Reinforced Masonry
814398,ORANGE COUNTY,Masonry
118973,ORANGE COUNTY,Reinforced Concrete
535537,ORANGE COUNTY,Reinforced Masonry
766191,ORANGE COUNTY,Reinforced Concrete
365806,ORANGE COUNTY,Reinforced Masonry
900985,ORANGE COUNTY,Reinforced Masonry
740026,ORANGE COUNTY,Wood
991176,ORANGE COUNTY,Wood
266756,ORANGE COUNTY,Wood
743146,ORANGE COUNTY,Wood
504650,ORANGE COUNTY,Wood
251234,ORANGE COUNTY,Reinforced Concrete
613993,ORANGE COUNTY,Wood
724711,ORANGE COUNTY,Masonry
549789,ORANGE COUNTY,Masonry
296785,ORANGE COUNTY,Wood
903140,ORANGE COUNTY,Wood
640946,ORANGE COUNTY,Wood
425440,ORANGE COUNTY,Masonry
634057,ORANGE COUNTY,Masonry
906338,ORANGE COUNTY,Masonry
100464,ORANGE COUNTY,Masonry
380868,ORANGE COUNTY,Wood
656281,ORANGE COUNTY,Wood
233629,ORANGE COUNTY,Reinforced Concrete
485037,ORANGE COUNTY,Reinforced Concrete
379640,ORANGE COUNTY,Masonry
473100,ORANGE COUNTY,Wood
543609,ORANGE COUNTY,Wood
778499,ORANGE COUNTY,Wood
289460,ORANGE COUNTY,Masonry
611992,ORANGE COUNTY,Masonry
315683,ORANGE COUNTY,Reinforced Masonry
135148,ORANGE COUNTY,Reinforced Concrete
626539,ORANGE COUNTY,Reinforced Masonry
956018,ORANGE COUNTY,Masonry
937228,ORANGE COUNTY,Masonry
763334,ORANGE COUNTY,Reinforced Masonry
190144,ORANGE COUNTY,Wood
688409,ORANGE COUNTY,Masonry
447392,ORANGE COUNTY,Masonry
177093,ORANGE COUNTY,Wood
419916,ORANGE COUNTY,Wood
284067,ORANGE COUNTY,Wood
430856,ORANGE COUNTY,Wood
311518,ORANGE COUNTY,Wood
176385,ORANGE COUNTY,Wood
422711,ORANGE COUNTY,Wood
872187,ORANGE COUNTY,Wood
790686,ORANGE COUNTY,Wood
311369,ORANGE COUNTY,Wood
243068,ORANGE COUNTY,Wood
107399,ORANGE COUNTY,Wood
835003,ORANGE COUNTY,Wood
789223,ORANGE COUNTY,Wood
631277,ORANGE COUNTY,Wood
521194,ORANGE COUNTY,Wood
663006,ORANGE COUNTY,Reinforced Masonry
665519,ORANGE COUNTY,Wood
239921,ORANGE COUNTY,Wood
566688,ORANGE COUNTY,Wood
170763,ORANGE COUNTY,Masonry
463866,ORANGE COUNTY,Wood
852246,ORANGE COUNTY,Wood
896034,ORANGE COUNTY,Wood
576178,ORANGE COUNTY,Wood
381210,ORANGE COUNTY,Wood
962424,ORANGE COUNTY,Reinforced Masonry
206812,ORANGE COUNTY,Reinforced Masonry
948468,ORANGE COUNTY,Reinforced Masonry
891889,ORANGE COUNTY,Wood
286003,ORANGE COUNTY,Wood
710458,ORANGE COUNTY,Wood
685236,ORANGE COUNTY,Wood
764040,ORANGE COUNTY,Wood
597185,ORANGE COUNTY,Wood
352345,ORANGE COUNTY,Wood
912166,ORANGE COUNTY,Wood
452879,ORANGE COUNTY,Wood
452480,ORANGE COUNTY,Wood
797015,ORANGE COUNTY,Wood
784544,ORANGE COUNTY,Wood
636674,ORANGE COUNTY,Wood
783883,ORANGE COUNTY,Wood
514021,ORANGE COUNTY,Wood
962970,ORANGE COUNTY,Reinforced Masonry
771587,ORANGE COUNTY,Wood
528360,ORANGE COUNTY,Steel Frame
225261,ORANGE COUNTY,Wood
487642,ORANGE COUNTY,Masonry
621877,ORANGE COUNTY,Wood
744955,ORANGE COUNTY,Wood
291494,ORANGE COUNTY,Masonry
915772,ORANGE COUNTY,Reinforced Concrete
805734,ORANGE COUNTY,Masonry
839429,ORANGE COUNTY,Wood
788121,ORANGE COUNTY,Wood
371306,ORANGE COUNTY,Wood
520541,ORANGE COUNTY,Wood
998601,ORANGE COUNTY,Wood
885170,ORANGE COUNTY,Wood
885050,ORANGE COUNTY,Wood
858545,ORANGE COUNTY,Wood
144843,ORANGE COUNTY,Wood
527522,ORANGE COUNTY,Wood
509487,ORANGE COUNTY,Wood
905405,ORANGE COUNTY,Wood
111205,ORANGE COUNTY,Wood
504753,ORANGE COUNTY,Wood
999101,ORANGE COUNTY,Wood
949004,ORANGE COUNTY,Wood
830406,ORANGE COUNTY,Masonry
137698,ORANGE COUNTY,Masonry
422845,ORANGE COUNTY,Reinforced Masonry
323708,ORANGE COUNTY,Wood
283105,ORANGE COUNTY,Wood
605466,ORANGE COUNTY,Wood
899347,ORANGE COUNTY,Masonry
531098,ORANGE COUNTY,Wood
355459,ORANGE COUNTY,Wood
198929,ORANGE COUNTY,Wood
681085,ORANGE COUNTY,Reinforced Masonry
634861,ORANGE COUNTY,Reinforced Masonry
182099,ORANGE COUNTY,Masonry
177623,ORANGE COUNTY,Reinforced Concrete
226601,ORANGE COUNTY,Reinforced Concrete
996920,ORANGE COUNTY,Reinforced Concrete
460393,ORANGE COUNTY,Reinforced Concrete
444847,ORANGE COUNTY,Steel Frame
722412,ORANGE COUNTY,Wood
425212,ORANGE COUNTY,Steel Frame
648555,ORANGE COUNTY,Masonry
601372,ORANGE COUNTY,Masonry
180391,ORANGE COUNTY,Masonry
464755,ORANGE COUNTY,Masonry
467196,ORANGE COUNTY,Masonry
957846,ORANGE COUNTY,Masonry
370587,ORANGE COUNTY,Wood
354141,ORANGE COUNTY,Wood
441414,ORANGE COUNTY,Reinforced Concrete
105096,ORANGE COUNTY,Reinforced Concrete
298860,ORANGE COUNTY,Reinforced Masonry
164928,ORANGE COUNTY,Reinforced Masonry
906023,ORANGE COUNTY,Reinforced Masonry
612520,ORANGE COUNTY,Reinforced Concrete
740798,ORANGE COUNTY,Reinforced Masonry
444827,ORANGE COUNTY,Wood
993782,ORANGE COUNTY,Wood
140912,ORANGE COUNTY,Masonry
332372,ORANGE COUNTY,Wood
751954,ORANGE COUNTY,Wood
377944,ORANGE COUNTY,Masonry
332408,ORANGE COUNTY,Masonry
743019,ORANGE COUNTY,Wood
496545,ORANGE COUNTY,Wood
565006,ORANGE COUNTY,Wood
757310,ORANGE COUNTY,Wood
851372,ORANGE COUNTY,Wood
443272,ORANGE COUNTY,Wood
885154,ORANGE COUNTY,Wood
880225,ORANGE COUNTY,Reinforced Masonry
442483,ORANGE COUNTY,Reinforced Concrete
116951,ORANGE COUNTY,Wood
108039,ORANGE COUNTY,Reinforced Masonry
140247,ORANGE COUNTY,Wood
573417,ORANGE COUNTY,Wood
432755,ORANGE COUNTY,Masonry
954389,ORANGE COUNTY,Masonry
340119,ORANGE COUNTY,Reinforced Masonry
778747,ORANGE COUNTY,Masonry
448014,ORANGE COUNTY,Reinforced Concrete
671653,ORANGE COUNTY,Reinforced Concrete
400498,ORANGE COUNTY,Reinforced Concrete
507017,ORANGE COUNTY,Wood
751330,ORANGE COUNTY,Wood
184240,ORANGE COUNTY,Wood
988172,ORANGE COUNTY,Wood
906988,ORANGE COUNTY,Wood
922181,ORANGE COUNTY,Wood
144960,ORANGE COUNTY,Wood
180978,ORANGE COUNTY,Wood
408501,ORANGE COUNTY,Wood
320049,ORANGE COUNTY,Wood
881700,ORANGE COUNTY,Wood
914361,ORANGE COUNTY,Wood
795121,ORANGE COUNTY,Wood
940508,ORANGE COUNTY,Wood
732041,ORANGE COUNTY,Wood
360021,ORANGE COUNTY,Wood
947112,ORANGE COUNTY,Wood
274576,ORANGE COUNTY,Masonry
494512,ORANGE COUNTY,Wood
674316,ORANGE COUNTY,Wood
103504,ORANGE COUNTY,Wood
288063,ORANGE COUNTY,Wood
715719,ORANGE COUNTY,Wood
980168,ORANGE COUNTY,Wood
592585,ORANGE COUNTY,Wood
525136,ORANGE COUNTY,Wood
674736,ORANGE COUNTY,Wood
408341,ORANGE COUNTY,Wood
767942,ORANGE COUNTY,Wood
448485,ORANGE COUNTY,Wood
981772,ORANGE COUNTY,Wood
292168,ORANGE COUNTY,Wood
566682,ORANGE COUNTY,Wood
852434,ORANGE COUNTY,Reinforced Masonry
548818,ORANGE COUNTY,Wood
954633,ORANGE COUNTY,Masonry
788887,ORANGE COUNTY,Masonry
141697,ORANGE COUNTY,Wood
325664,ORANGE COUNTY,Wood
571590,ORANGE COUNTY,Reinforced Concrete
676385,ORANGE COUNTY,Reinforced Masonry
609779,ORANGE COUNTY,Reinforced Masonry
736570,ORANGE COUNTY,Wood
823765,ORANGE COUNTY,Wood
214737,ORANGE COUNTY,Wood
423564,ORANGE COUNTY,Reinforced Masonry
604472,ORANGE COUNTY,Reinforced Concrete
631782,ORANGE COUNTY,Reinforced Concrete
284886,ORANGE COUNTY,Masonry
306862,ORANGE COUNTY,Reinforced Masonry
757438,ORANGE COUNTY,Wood
133803,ORANGE COUNTY,Wood
422352,ORANGE COUNTY,Wood
158546,ORANGE COUNTY,Wood
575118,ORANGE COUNTY,Wood
345449,ORANGE COUNTY,Wood
717633,ORANGE COUNTY,Wood
559728,ORANGE COUNTY,Wood
500221,ORANGE COUNTY,Wood
645135,ORANGE COUNTY,Wood
282810,ORANGE COUNTY,Wood
856432,ORANGE COUNTY,Wood
301726,ORANGE COUNTY,Reinforced Concrete
288829,ORANGE COUNTY,Reinforced Masonry
458231,ORANGE COUNTY,Wood
341236,ORANGE COUNTY,Masonry
262691,ORANGE COUNTY,Reinforced Concrete
715227,ORANGE COUNTY,Wood
255270,ORANGE COUNTY,Wood
518365,ORANGE COUNTY,Reinforced Concrete
948831,ORANGE COUNTY,Wood
822186,ORANGE COUNTY,Masonry
481133,ORANGE COUNTY,Reinforced Concrete
431499,ORANGE COUNTY,Reinforced Concrete
766512,ORANGE COUNTY,Masonry
768656,ORANGE COUNTY,Wood
120640,ORANGE COUNTY,Wood
146162,ORANGE COUNTY,Wood
632027,ORANGE COUNTY,Wood
160588,ORANGE COUNTY,Wood
670414,ORANGE COUNTY,Wood
478490,ORANGE COUNTY,Masonry
928936,ORANGE COUNTY,Masonry
538633,ORANGE COUNTY,Wood
427039,ORANGE COUNTY,Wood
132407,ORANGE COUNTY,Wood
291793,ORANGE COUNTY,Wood
946825,ORANGE COUNTY,Reinforced Masonry
802860,ORANGE COUNTY,Wood
268010,ORANGE COUNTY,Reinforced Masonry
893339,ORANGE COUNTY,Masonry
210700,ORANGE COUNTY,Masonry
406502,ORANGE COUNTY,Masonry
652345,ORANGE COUNTY,Wood
412869,ORANGE COUNTY,Wood
346378,ORANGE COUNTY,Wood
808724,ORANGE COUNTY,Wood
258375,ORANGE COUNTY,Masonry
965957,ORANGE COUNTY,Steel Frame
409376,ORANGE COUNTY,Reinforced Concrete
479963,ORANGE COUNTY,Reinforced Masonry
302518,ORANGE COUNTY,Reinforced Masonry
642549,ORANGE COUNTY,Reinforced Masonry
886344,ORANGE COUNTY,Reinforced Masonry
403682,ORANGE COUNTY,Masonry
716213,ORANGE COUNTY,Masonry
166993,ORANGE COUNTY,Masonry
523070,ORANGE COUNTY,Masonry
429979,ORANGE COUNTY,Masonry
895877,ORANGE COUNTY,Masonry
287057,ORANGE COUNTY,Masonry
237397,ORANGE COUNTY,Masonry
921860,ORANGE COUNTY,Masonry
962611,ORANGE COUNTY,Masonry
871397,ORANGE COUNTY,Masonry
941631,ORANGE COUNTY,Masonry
733329,ORANGE COUNTY,Masonry
286634,ORANGE COUNTY,Masonry
778817,ORANGE COUNTY,Masonry
252215,ORANGE COUNTY,Masonry
571072,ORANGE COUNTY,Masonry
535044,ORANGE COUNTY,Masonry
948892,ORANGE COUNTY,Masonry
531497,ORANGE COUNTY,Reinforced Masonry
404051,ORANGE COUNTY,Wood
281455,ORANGE COUNTY,Wood
703848,ORANGE COUNTY,Masonry
970915,ORANGE COUNTY,Wood
541641,ORANGE COUNTY,Wood
695061,ORANGE COUNTY,Reinforced Concrete
251435,ORANGE COUNTY,Wood
846876,ORANGE COUNTY,Wood
220110,ORANGE COUNTY,Reinforced Masonry
735005,ORANGE COUNTY,Masonry
389788,ORANGE COUNTY,Masonry
226095,ORANGE COUNTY,Masonry
184552,ORANGE COUNTY,Reinforced Concrete
879833,ORANGE COUNTY,Wood
861885,ORANGE COUNTY,Wood
659281,ORANGE COUNTY,Wood
528197,ORANGE COUNTY,Wood
719427,ORANGE COUNTY,Wood
167110,ORANGE COUNTY,Wood
177205,ORANGE COUNTY,Wood
185065,ORANGE COUNTY,Wood
655627,ORANGE COUNTY,Wood
759096,ORANGE COUNTY,Wood
444909,ORANGE COUNTY,Wood
870349,ORANGE COUNTY,Wood
485599,ORANGE COUNTY,Wood
100935,ORANGE COUNTY,Wood
163183,ORANGE COUNTY,Wood
474799,ORANGE COUNTY,Wood
836928,ORANGE COUNTY,Wood
761276,ORANGE COUNTY,Wood
906473,ORANGE COUNTY,Reinforced Masonry
635618,ORANGE COUNTY,Masonry
178688,ORANGE COUNTY,Masonry
464808,ORANGE COUNTY,Reinforced Masonry
993980,ORANGE COUNTY,Reinforced Masonry
997801,ORANGE COUNTY,Reinforced Concrete
282380,ORANGE COUNTY,Masonry
729367,ORANGE COUNTY,Reinforced Masonry
850203,ORANGE COUNTY,Masonry
243534,ORANGE COUNTY,Masonry
242314,ORANGE COUNTY,Reinforced Concrete
312434,ORANGE COUNTY,Reinforced Masonry
217989,ORANGE COUNTY,Reinforced Concrete
296364,ORANGE COUNTY,Reinforced Concrete
413601,ORANGE COUNTY,Wood
534038,ORANGE COUNTY,Reinforced Masonry
115369,ORANGE COUNTY,Masonry
471348,ORANGE COUNTY,Masonry
377855,ORANGE COUNTY,Wood
667365,ORANGE COUNTY,Reinforced Masonry
606496,ORANGE COUNTY,Reinforced Concrete
175693,ORANGE COUNTY,Reinforced Masonry
170098,ORANGE COUNTY,Masonry
220192,ORANGE COUNTY,Masonry
797681,ORANGE COUNTY,Masonry
760942,ORANGE COUNTY,Wood
948662,ORANGE COUNTY,Wood
589775,ORANGE COUNTY,Wood
600086,ORANGE COUNTY,Masonry
596774,ORANGE COUNTY,Masonry
646729,ORANGE COUNTY,Wood
740474,ORANGE COUNTY,Masonry
952514,ORANGE COUNTY,Masonry
968975,ORANGE COUNTY,Masonry
589559,ORANGE COUNTY,Wood
337629,ORANGE COUNTY,Wood
105959,ORANGE COUNTY,Wood
454844,ORANGE COUNTY,Wood
118650,ORANGE COUNTY,Wood
464934,ORANGE COUNTY,Wood
752885,ORANGE COUNTY,Wood
299530,ORANGE COUNTY,Wood
416422,ORANGE COUNTY,Wood
551641,ORANGE COUNTY,Masonry
654256,ORANGE COUNTY,Wood
319829,ORANGE COUNTY,Wood
316840,ORANGE COUNTY,Wood
813649,ORANGE COUNTY,Wood
325593,ORANGE COUNTY,Wood
417558,ORANGE COUNTY,Masonry
350141,ORANGE COUNTY,Wood
126801,ORANGE COUNTY,Wood
342157,ORANGE COUNTY,Wood
727778,ORANGE COUNTY,Wood
144650,ORANGE COUNTY,Masonry
585972,ORANGE COUNTY,Masonry
890655,ORANGE COUNTY,Masonry
354904,ORANGE COUNTY,Masonry
212645,ORANGE COUNTY,Masonry
344843,ORANGE COUNTY,Masonry
510555,ORANGE COUNTY,Wood
989216,ORANGE COUNTY,Wood
833366,ORANGE COUNTY,Wood
150529,ORANGE COUNTY,Wood
516159,ORANGE COUNTY,Reinforced Concrete
568379,ORANGE COUNTY,Reinforced Concrete
328079,ORANGE COUNTY,Steel Frame
480104,ORANGE COUNTY,Steel Frame
166901,ORANGE COUNTY,Steel Frame
140878,ORANGE COUNTY,Steel Frame
959979,ORANGE COUNTY,Reinforced Concrete
471134,ORANGE COUNTY,Steel Frame
317458,ORANGE COUNTY,Steel Frame
317573,ORANGE COUNTY,Reinforced Concrete
340585,ORANGE COUNTY,Steel Frame
861335,ORANGE COUNTY,Steel Frame
606407,ORANGE COUNTY,Reinforced Concrete
622266,ORANGE COUNTY,Steel Frame
889871,ORANGE COUNTY,Reinforced Concrete
277433,ORANGE COUNTY,Steel Frame
396412,ORANGE COUNTY,Reinforced Masonry
497634,ORANGE COUNTY,Reinforced Concrete
680428,ORANGE COUNTY,Reinforced Masonry
834606,ORANGE COUNTY,Masonry
441095,ORANGE COUNTY,Masonry
711693,ORANGE COUNTY,Wood
547250,ORANGE COUNTY,Wood
544196,ORANGE COUNTY,Wood
389075,ORANGE COUNTY,Wood
592897,ORANGE COUNTY,Wood
221596,ORANGE COUNTY,Wood
273293,ORANGE COUNTY,Wood
601173,ORANGE COUNTY,Masonry
249624,ORANGE COUNTY,Masonry
783355,ORANGE COUNTY,Wood
652862,ORANGE COUNTY,Wood
685000,ORANGE COUNTY,Masonry
725389,ORANGE COUNTY,Wood
611710,ORANGE COUNTY,Wood
292839,ORANGE COUNTY,Wood
937265,ORANGE COUNTY,Wood
928853,ORANGE COUNTY,Wood
312265,ORANGE COUNTY,Reinforced Concrete
125120,ORANGE COUNTY,Masonry
904476,ORANGE COUNTY,Wood
734174,ORANGE COUNTY,Wood
847321,ORANGE COUNTY,Masonry
990375,ORANGE COUNTY,Masonry
781841,ORANGE COUNTY,Wood
441593,ORANGE COUNTY,Reinforced Masonry
883758,ORANGE COUNTY,Steel Frame
897298,ORANGE COUNTY,Reinforced Concrete
301236,ORANGE COUNTY,Steel Frame
593215,ORANGE COUNTY,Masonry
798592,ORANGE COUNTY,Masonry
576598,ORANGE COUNTY,Masonry
229818,ORANGE COUNTY,Masonry
167349,ORANGE COUNTY,Masonry
760538,ORANGE COUNTY,Masonry
748607,ORANGE COUNTY,Masonry
134323,ORANGE COUNTY,Masonry
773939,ORANGE COUNTY,Masonry
901758,ORANGE COUNTY,Masonry
620876,ORANGE COUNTY,Masonry
136895,ORANGE COUNTY,Masonry
191405,ORANGE COUNTY,Masonry
275442,ORANGE COUNTY,Masonry
967898,ORANGE COUNTY,Masonry
306765,ORANGE COUNTY,Masonry
401745,ORANGE COUNTY,Masonry
254951,ORANGE COUNTY,Masonry
757404,ORANGE COUNTY,Masonry
901862,ORANGE COUNTY,Masonry
404190,ORANGE COUNTY,Masonry
624079,ORANGE COUNTY,Masonry
895765,ORANGE COUNTY,Masonry
783752,ORANGE COUNTY,Masonry
832051,ORANGE COUNTY,Masonry
973243,ORANGE COUNTY,Masonry
165369,ORANGE COUNTY,Masonry
216097,ORANGE COUNTY,Masonry
864929,ORANGE COUNTY,Masonry
943408,ORANGE COUNTY,Masonry
226572,ORANGE COUNTY,Wood
371476,ORANGE COUNTY,Wood
456957,ORANGE COUNTY,Reinforced Masonry
631497,ORANGE COUNTY,Wood
688157,ORANGE COUNTY,Masonry
905803,ORANGE COUNTY,Wood
695021,ORANGE COUNTY,Wood
359758,ORANGE COUNTY,Reinforced Concrete
547602,ORANGE COUNTY,Masonry
585097,ORANGE COUNTY,Wood
458367,ORANGE COUNTY,Wood
343028,ORANGE COUNTY,Wood
373664,ORANGE COUNTY,Wood
623790,ORANGE COUNTY,Wood
620035,ORANGE COUNTY,Wood
453042,ORANGE COUNTY,Masonry
942374,ORANGE COUNTY,Masonry
495479,ORANGE COUNTY,Wood
561063,ORANGE COUNTY,Wood
922468,ORANGE COUNTY,Wood
103830,ORANGE COUNTY,Wood
618662,ORANGE COUNTY,Masonry
319034,ORANGE COUNTY,Wood
702478,ORANGE COUNTY,Wood
655512,ORANGE COUNTY,Masonry
195309,ORANGE COUNTY,Wood
664398,ORANGE COUNTY,Masonry
172195,ORANGE COUNTY,Masonry
332025,ORANGE COUNTY,Masonry
706611,ORANGE COUNTY,Wood
824990,ORANGE COUNTY,Wood
251263,ORANGE COUNTY,Wood
591260,ORANGE COUNTY,Wood
566340,ORANGE COUNTY,Wood
782328,ORANGE COUNTY,Wood
573145,ORANGE COUNTY,Wood
283954,ORANGE COUNTY,Reinforced Masonry
869163,ORANGE COUNTY,Reinforced Concrete
875590,ORANGE COUNTY,Reinforced Masonry
970237,ORANGE COUNTY,Reinforced Masonry
647178,ORANGE COUNTY,Reinforced Masonry
656772,ORANGE COUNTY,Reinforced Masonry
315858,ORANGE COUNTY,Reinforced Masonry
670764,ORANGE COUNTY,Masonry
959349,ORANGE COUNTY,Reinforced Masonry
262266,ORANGE COUNTY,Wood
521383,ORANGE COUNTY,Masonry
205050,ORANGE COUNTY,Reinforced Masonry
619948,ORANGE COUNTY,Reinforced Masonry
948767,ORANGE COUNTY,Wood
713592,ORANGE COUNTY,Wood
901076,ORANGE COUNTY,Wood
262764,ORANGE COUNTY,Wood
462000,ORANGE COUNTY,Wood
866997,ORANGE COUNTY,Wood
139949,ORANGE COUNTY,Wood
516788,ORANGE COUNTY,Wood
142324,ORANGE COUNTY,Wood
324279,ORANGE COUNTY,Wood
941393,ORANGE COUNTY,Wood
870525,ORANGE COUNTY,Wood
687407,ORANGE COUNTY,Masonry
232867,ORANGE COUNTY,Wood
777333,ORANGE COUNTY,Wood
293124,ORANGE COUNTY,Wood
410426,ORANGE COUNTY,Masonry
405200,ORANGE COUNTY,Masonry
190942,ORANGE COUNTY,Wood
449889,ORANGE COUNTY,Wood
664294,ORANGE COUNTY,Wood
965757,ORANGE COUNTY,Wood
221857,ORANGE COUNTY,Wood
910600,ORANGE COUNTY,Reinforced Masonry
465837,ORANGE COUNTY,Steel Frame
574347,ORANGE COUNTY,Reinforced Masonry
934252,ORANGE COUNTY,Reinforced Masonry
191049,ORANGE COUNTY,Wood
256774,ORANGE COUNTY,Masonry
716391,ORANGE COUNTY,Masonry
873171,ORANGE COUNTY,Wood
388161,ORANGE COUNTY,Masonry
202997,ORANGE COUNTY,Reinforced Masonry
770807,ORANGE COUNTY,Reinforced Masonry
621687,ORANGE COUNTY,Reinforced Masonry
782564,ORANGE COUNTY,Reinforced Masonry
782631,ORANGE COUNTY,Reinforced Masonry
918393,ORANGE COUNTY,Reinforced Masonry
371630,ORANGE COUNTY,Reinforced Masonry
186202,ORANGE COUNTY,Reinforced Masonry
204281,ORANGE COUNTY,Masonry
171651,ORANGE COUNTY,Masonry
545073,ORANGE COUNTY,Reinforced Masonry
334128,ORANGE COUNTY,Reinforced Concrete
677772,ORANGE COUNTY,Masonry
588452,ORANGE COUNTY,Wood
520427,ORANGE COUNTY,Wood
292391,ORANGE COUNTY,Wood
673149,ORANGE COUNTY,Wood
140654,ORANGE COUNTY,Wood
545391,ORANGE COUNTY,Wood
993274,ORANGE COUNTY,Wood
268244,ORANGE COUNTY,Wood
967587,ORANGE COUNTY,Wood
445754,ORANGE COUNTY,Wood
225708,ORANGE COUNTY,Wood
657445,ORANGE COUNTY,Wood
370843,ORANGE COUNTY,Wood
298459,ORANGE COUNTY,Masonry
108445,ORANGE COUNTY,Wood
617003,ORANGE COUNTY,Reinforced Masonry
763437,ORANGE COUNTY,Masonry
885697,ORANGE COUNTY,Masonry
465114,ORANGE COUNTY,Wood
952724,ORANGE COUNTY,Reinforced Concrete
719829,ORANGE COUNTY,Wood
841457,ORANGE COUNTY,Reinforced Masonry
409940,ORANGE COUNTY,Wood
561037,ORANGE COUNTY,Wood
190246,ORANGE COUNTY,Wood
326957,ORANGE COUNTY,Wood
407242,ORANGE COUNTY,Wood
746807,ORANGE COUNTY,Wood
278382,ORANGE COUNTY,Wood
915069,ORANGE COUNTY,Reinforced Masonry
370308,ORANGE COUNTY,Reinforced Masonry
302729,ORANGE COUNTY,Reinforced Masonry
351990,ORANGE COUNTY,Reinforced Concrete
162292,ORANGE COUNTY,Reinforced Concrete
938419,ORANGE COUNTY,Wood
219122,ORANGE COUNTY,Masonry
700401,ORANGE COUNTY,Reinforced Concrete
730456,ORANGE COUNTY,Wood
354672,ORANGE COUNTY,Masonry
845956,ORANGE COUNTY,Masonry
246109,ORANGE COUNTY,Masonry
440573,ORANGE COUNTY,Masonry
938167,ORANGE COUNTY,Masonry
877809,ORANGE COUNTY,Wood
999833,ORANGE COUNTY,Reinforced Concrete
889938,ORANGE COUNTY,Reinforced Masonry
883339,ORANGE COUNTY,Reinforced Concrete
134275,ORANGE COUNTY,Masonry
333868,ORANGE COUNTY,Masonry
963842,ORANGE COUNTY,Reinforced Concrete
566401,ORANGE COUNTY,Masonry
641346,ORANGE COUNTY,Reinforced Concrete
805565,ORANGE COUNTY,Reinforced Masonry
486137,ORANGE COUNTY,Reinforced Concrete
786777,ORANGE COUNTY,Wood
305995,ORANGE COUNTY,Masonry
886814,ORANGE COUNTY,Wood
243469,ORANGE COUNTY,Wood
112796,ORANGE COUNTY,Wood
553518,ORANGE COUNTY,Wood
719390,ORANGE COUNTY,Wood
616486,ORANGE COUNTY,Wood
544678,ORANGE COUNTY,Wood
253889,ORANGE COUNTY,Reinforced Masonry
536230,ORANGE COUNTY,Masonry
532221,ORANGE COUNTY,Reinforced Masonry
205316,ORANGE COUNTY,Reinforced Concrete
529895,ORANGE COUNTY,Reinforced Concrete
342251,ORANGE COUNTY,Wood
422229,ORANGE COUNTY,Masonry
287539,ORANGE COUNTY,Reinforced Concrete
984223,ORANGE COUNTY,Reinforced Masonry
953431,ORANGE COUNTY,Reinforced Masonry
930731,ORANGE COUNTY,Steel Frame
565419,ORANGE COUNTY,Masonry
924463,ORANGE COUNTY,Masonry
671658,ORANGE COUNTY,Masonry
208891,ORANGE COUNTY,Wood
495279,ORANGE COUNTY,Wood
162184,ORANGE COUNTY,Wood
970991,ORANGE COUNTY,Reinforced Concrete
767160,ORANGE COUNTY,Wood
534267,BREVARD COUNTY,Wood
219612,BREVARD COUNTY,Wood
683628,BREVARD COUNTY,Wood
768365,BREVARD COUNTY,Reinforced Masonry
280260,BREVARD COUNTY,Reinforced Concrete
371405,BREVARD COUNTY,Reinforced Masonry
187119,BREVARD COUNTY,Reinforced Masonry
308589,BREVARD COUNTY,Reinforced Masonry
518901,BREVARD COUNTY,Reinforced Concrete
405169,BREVARD COUNTY,Reinforced Masonry
640618,BREVARD COUNTY,Reinforced Masonry
330107,BREVARD COUNTY,Reinforced Masonry
874024,BREVARD COUNTY,Reinforced Masonry
570165,BREVARD COUNTY,Reinforced Masonry
106150,BREVARD COUNTY,Reinforced Masonry
436316,BREVARD COUNTY,Reinforced Masonry
371638,BREVARD COUNTY,Reinforced Masonry
830054,BREVARD COUNTY,Masonry
863625,BREVARD COUNTY,Masonry
189995,BREVARD COUNTY,Masonry
840561,BREVARD COUNTY,Reinforced Masonry
618759,BREVARD COUNTY,Reinforced Masonry
903686,BREVARD COUNTY,Masonry
743968,BREVARD COUNTY,Wood
120613,BREVARD COUNTY,Masonry
179091,BREVARD COUNTY,Wood
922592,BREVARD COUNTY,Masonry
227287,BREVARD COUNTY,Masonry
752416,BREVARD COUNTY,Masonry
592029,BREVARD COUNTY,Wood
750901,BREVARD COUNTY,Masonry
473774,BREVARD COUNTY,Wood
651604,BREVARD COUNTY,Wood
408650,BREVARD COUNTY,Wood
993561,BREVARD COUNTY,Wood
510125,BREVARD COUNTY,Wood
342118,BREVARD COUNTY,Wood
417192,BREVARD COUNTY,Wood
611900,BREVARD COUNTY,Wood
480635,BREVARD COUNTY,Wood
166293,BREVARD COUNTY,Wood
134587,BREVARD COUNTY,Wood
272933,BREVARD COUNTY,Wood
738899,BREVARD COUNTY,Wood
901558,BREVARD COUNTY,Wood
551881,BREVARD COUNTY,Wood
221907,BREVARD COUNTY,Wood
341636,BREVARD COUNTY,Reinforced Concrete
614837,BREVARD COUNTY,Reinforced Masonry
484970,BREVARD COUNTY,Reinforced Concrete
925186,BREVARD COUNTY,Masonry
184509,BREVARD COUNTY,Wood
533781,BREVARD COUNTY,Wood
611286,BREVARD COUNTY,Wood
870685,BREVARD COUNTY,Wood
548402,BREVARD COUNTY,Wood
374077,BREVARD COUNTY,Wood
463009,BREVARD COUNTY,Reinforced Masonry
679546,BREVARD COUNTY,Wood
483783,BREVARD COUNTY,Masonry
590210,BREVARD COUNTY,Reinforced Masonry
795912,BREVARD COUNTY,Masonry
481963,BREVARD COUNTY,Masonry
202207,BREVARD COUNTY,Masonry
361013,BREVARD COUNTY,Wood
682729,BREVARD COUNTY,Wood
278341,BREVARD COUNTY,Wood
330822,BREVARD COUNTY,Masonry
893466,BREVARD COUNTY,Masonry
437771,BREVARD COUNTY,Masonry
643355,BREVARD COUNTY,Reinforced Masonry
825705,BREVARD COUNTY,Masonry
591390,BREVARD COUNTY,Wood
593951,BREVARD COUNTY,Wood
461397,BREVARD COUNTY,Masonry
600251,BREVARD COUNTY,Wood
779613,BREVARD COUNTY,Masonry
125067,BREVARD COUNTY,Masonry
912957,BREVARD COUNTY,Masonry
925385,BREVARD COUNTY,Wood
179716,BREVARD COUNTY,Masonry
186701,BREVARD COUNTY,Wood
772391,BREVARD COUNTY,Masonry
825031,BREVARD COUNTY,Masonry
401844,BREVARD COUNTY,Wood
126166,BREVARD COUNTY,Masonry
409645,BREVARD COUNTY,Wood
692603,BREVARD COUNTY,Masonry
559787,BREVARD COUNTY,Wood
247690,BREVARD COUNTY,Wood
975806,BREVARD COUNTY,Masonry
665052,BREVARD COUNTY,Wood
794984,BREVARD COUNTY,Wood
206849,BREVARD COUNTY,Wood
499950,BREVARD COUNTY,Wood
382691,BREVARD COUNTY,Wood
308563,BREVARD COUNTY,Wood
956694,BREVARD COUNTY,Wood
280282,BREVARD COUNTY,Masonry
127991,BREVARD COUNTY,Wood
907626,BREVARD COUNTY,Wood
281722,BREVARD COUNTY,Wood
968655,BREVARD COUNTY,Masonry
580825,BREVARD COUNTY,Masonry
165039,BREVARD COUNTY,Masonry
526344,BREVARD COUNTY,Masonry
510022,BREVARD COUNTY,Wood
186496,BREVARD COUNTY,Wood
235313,BREVARD COUNTY,Wood
526263,BREVARD COUNTY,Wood
471064,BREVARD COUNTY,Masonry
772944,BREVARD COUNTY,Wood
590574,BREVARD COUNTY,Wood
819477,BREVARD COUNTY,Wood
869848,BREVARD COUNTY,Wood
845586,BREVARD COUNTY,Wood
501884,BREVARD COUNTY,Wood
808988,BREVARD COUNTY,Wood
443413,BREVARD COUNTY,Wood
290465,BREVARD COUNTY,Masonry
757738,BREVARD COUNTY,Wood
936904,BREVARD COUNTY,Wood
770563,BREVARD COUNTY,Wood
119455,BREVARD COUNTY,Wood
780597,BREVARD COUNTY,Wood
347396,BREVARD COUNTY,Wood
862238,BREVARD COUNTY,Wood
664731,BREVARD COUNTY,Wood
543122,BREVARD COUNTY,Wood
430036,BREVARD COUNTY,Wood
835063,BREVARD COUNTY,Wood
153511,BREVARD COUNTY,Masonry
143631,BREVARD COUNTY,Wood
211979,BREVARD COUNTY,Wood
997162,BREVARD COUNTY,Reinforced Masonry
842262,BREVARD COUNTY,Masonry
395163,BREVARD COUNTY,Masonry
923353,BREVARD COUNTY,Wood
214062,BREVARD COUNTY,Masonry
604146,BREVARD COUNTY,Masonry
778796,BREVARD COUNTY,Masonry
897216,BREVARD COUNTY,Wood
754191,BREVARD COUNTY,Masonry
419159,BREVARD COUNTY,Wood
304142,BREVARD COUNTY,Wood
713045,BREVARD COUNTY,Wood
890471,BREVARD COUNTY,Wood
177058,BREVARD COUNTY,Wood
416310,BREVARD COUNTY,Masonry
727890,BREVARD COUNTY,Wood
326394,BREVARD COUNTY,Wood
263569,BREVARD COUNTY,Wood
835974,BREVARD COUNTY,Wood
521998,BREVARD COUNTY,Masonry
478122,BREVARD COUNTY,Reinforced Concrete
166260,BREVARD COUNTY,Reinforced Masonry
458070,BREVARD COUNTY,Masonry
280721,BREVARD COUNTY,Masonry
372460,BREVARD COUNTY,Reinforced Masonry
206804,BREVARD COUNTY,Reinforced Masonry
552994,BREVARD COUNTY,Reinforced Masonry
691655,BREVARD COUNTY,Wood
849264,BREVARD COUNTY,Steel Frame
851996,BREVARD COUNTY,Wood
889791,BREVARD COUNTY,Masonry
187079,BREVARD COUNTY,Masonry
853463,BREVARD COUNTY,Wood
468843,BREVARD COUNTY,Masonry
866528,BREVARD COUNTY,Masonry
924260,BREVARD COUNTY,Wood
848311,BREVARD COUNTY,Wood
845772,BREVARD COUNTY,Wood
151731,BREVARD COUNTY,Wood
523668,BREVARD COUNTY,Wood
648956,BREVARD COUNTY,Wood
406643,BREVARD COUNTY,Wood
178483,BREVARD COUNTY,Masonry
631538,BREVARD COUNTY,Wood
871428,BREVARD COUNTY,Wood
524209,BREVARD COUNTY,Wood
344284,BREVARD COUNTY,Wood
658848,BREVARD COUNTY,Wood
226532,BREVARD COUNTY,Masonry
331991,BREVARD COUNTY,Wood
888242,BREVARD COUNTY,Wood
513832,BREVARD COUNTY,Wood
906891,BREVARD COUNTY,Wood
859118,BREVARD COUNTY,Wood
392953,BREVARD COUNTY,Masonry
624110,BREVARD COUNTY,Wood
714596,BREVARD COUNTY,Reinforced Concrete
770619,BREVARD COUNTY,Wood
969879,BREVARD COUNTY,Masonry
158327,BREVARD COUNTY,Wood
919420,BREVARD COUNTY,Wood
462382,BREVARD COUNTY,Wood
689185,BREVARD COUNTY,Wood
711961,BREVARD COUNTY,Wood
653091,BREVARD COUNTY,Wood
181111,BREVARD COUNTY,Wood
623888,BREVARD COUNTY,Wood
658221,BREVARD COUNTY,Wood
825970,BREVARD COUNTY,Wood
210347,BREVARD COUNTY,Wood
423468,BREVARD COUNTY,Wood
208408,BREVARD COUNTY,Wood
310881,BREVARD COUNTY,Wood
464965,BREVARD COUNTY,Wood
731645,BREVARD COUNTY,Wood
108217,BREVARD COUNTY,Wood
243955,BREVARD COUNTY,Wood
266132,BREVARD COUNTY,Wood
864126,BREVARD COUNTY,Wood
403790,BREVARD COUNTY,Wood
627904,BREVARD COUNTY,Wood
401257,BREVARD COUNTY,Wood
108833,BREVARD COUNTY,Wood
798325,BREVARD COUNTY,Wood
522766,BREVARD COUNTY,Wood
360088,BREVARD COUNTY,Wood
583145,BREVARD COUNTY,Wood
157451,BREVARD COUNTY,Wood
211336,BREVARD COUNTY,Wood
292667,BREVARD COUNTY,Wood
924960,BREVARD COUNTY,Wood
971289,BREVARD COUNTY,Wood
759159,BREVARD COUNTY,Wood
105678,BREVARD COUNTY,Reinforced Concrete
889231,BREVARD COUNTY,Masonry
576289,BREVARD COUNTY,Reinforced Concrete
430411,BREVARD COUNTY,Masonry
697710,BREVARD COUNTY,Reinforced Concrete
760185,BREVARD COUNTY,Reinforced Masonry
979632,BREVARD COUNTY,Wood
386974,BREVARD COUNTY,Masonry
918079,BREVARD COUNTY,Wood
933779,BREVARD COUNTY,Reinforced Masonry
708052,BREVARD COUNTY,Masonry
581303,BREVARD COUNTY,Wood
423039,BREVARD COUNTY,Wood
459669,BREVARD COUNTY,Wood
747807,BREVARD COUNTY,Wood
606443,BREVARD COUNTY,Wood
424915,BREVARD COUNTY,Masonry
739754,BREVARD COUNTY,Reinforced Masonry
962116,BREVARD COUNTY,Wood
216645,BREVARD COUNTY,Masonry
835073,BREVARD COUNTY,Wood
270837,BREVARD COUNTY,Wood
245111,BREVARD COUNTY,Wood
368902,BREVARD COUNTY,Wood
940962,BREVARD COUNTY,Wood
523793,BREVARD COUNTY,Wood
238347,BREVARD COUNTY,Wood
430229,BREVARD COUNTY,Wood
846942,BREVARD COUNTY,Wood
744934,BREVARD COUNTY,Wood
174051,BREVARD COUNTY,Masonry
987877,BREVARD COUNTY,Wood
487775,BREVARD COUNTY,Masonry
662271,BREVARD COUNTY,Wood
783875,BREVARD COUNTY,Masonry
850029,BREVARD COUNTY,Wood
479775,BREVARD COUNTY,Wood
489209,BREVARD COUNTY,Wood
538749,BREVARD COUNTY,Masonry
650912,BREVARD COUNTY,Wood
144595,BREVARD COUNTY,Wood
418196,BREVARD COUNTY,Wood
243278,BREVARD COUNTY,Masonry
570857,BREVARD COUNTY,Reinforced Masonry
927689,BREVARD COUNTY,Wood
510798,BREVARD COUNTY,Wood
587911,BREVARD COUNTY,Wood
231029,BREVARD COUNTY,Masonry
181660,BREVARD COUNTY,Wood
638506,BREVARD COUNTY,Wood
313650,BREVARD COUNTY,Wood
247083,BREVARD COUNTY,Masonry
396640,BREVARD COUNTY,Reinforced Concrete
671886,BREVARD COUNTY,Masonry
944545,BREVARD COUNTY,Wood
460873,BREVARD COUNTY,Reinforced Masonry
844874,BREVARD COUNTY,Masonry
396689,BREVARD COUNTY,Wood
743509,BREVARD COUNTY,Masonry
194367,BREVARD COUNTY,Wood
666936,BREVARD COUNTY,Reinforced Concrete
468436,BREVARD COUNTY,Wood
290488,BREVARD COUNTY,Reinforced Masonry
501495,BREVARD COUNTY,Wood
886963,BREVARD COUNTY,Wood
822857,BREVARD COUNTY,Reinforced Masonry
814973,BREVARD COUNTY,Masonry
304274,BREVARD COUNTY,Reinforced Masonry
403630,BREVARD COUNTY,Masonry
121889,BREVARD COUNTY,Wood
323666,BREVARD COUNTY,Wood
629311,BREVARD COUNTY,Masonry
681125,BREVARD COUNTY,Masonry
343136,BREVARD COUNTY,Masonry
141700,BREVARD COUNTY,Wood
416166,BREVARD COUNTY,Wood
115730,BREVARD COUNTY,Wood
503830,BREVARD COUNTY,Wood
436479,BREVARD COUNTY,Wood
912600,BREVARD COUNTY,Wood
443204,BREVARD COUNTY,Wood
685802,BREVARD COUNTY,Wood
484117,BREVARD COUNTY,Wood
181625,BREVARD COUNTY,Wood
331165,BREVARD COUNTY,Wood
205687,BREVARD COUNTY,Wood
539033,BREVARD COUNTY,Wood
762614,BREVARD COUNTY,Wood
705309,BREVARD COUNTY,Wood
912416,BREVARD COUNTY,Masonry
364372,BREVARD COUNTY,Masonry
807092,BREVARD COUNTY,Masonry
344081,BREVARD COUNTY,Masonry
395130,BREVARD COUNTY,Masonry
619358,BREVARD COUNTY,Masonry
939058,BREVARD COUNTY,Wood
160171,BREVARD COUNTY,Wood
925122,BREVARD COUNTY,Wood
331584,BREVARD COUNTY,Wood
159876,BREVARD COUNTY,Masonry
870314,BREVARD COUNTY,Wood
293109,BREVARD COUNTY,Wood
630447,BREVARD COUNTY,Reinforced Concrete
936531,BREVARD COUNTY,Reinforced Masonry
946472,BREVARD COUNTY,Masonry
284513,BREVARD COUNTY,Reinforced Concrete
232980,BREVARD COUNTY,Wood
833328,BREVARD COUNTY,Wood
262684,BREVARD COUNTY,Wood
662257,BREVARD COUNTY,Wood
584347,BREVARD COUNTY,Masonry
750491,BREVARD COUNTY,Wood
689197,BREVARD COUNTY,Wood
349674,BREVARD COUNTY,Wood
120565,BREVARD COUNTY,Wood
196036,BREVARD COUNTY,Wood
326775,BREVARD COUNTY,Wood
166816,BREVARD COUNTY,Wood
496290,BREVARD COUNTY,Wood
943899,BREVARD COUNTY,Wood
148196,BREVARD COUNTY,Wood
459191,BREVARD COUNTY,Reinforced Masonry
777023,BREVARD COUNTY,Masonry
749769,BREVARD COUNTY,Masonry
444552,BREVARD COUNTY,Wood
848357,BREVARD COUNTY,Wood
496977,BREVARD COUNTY,Wood
971840,BREVARD COUNTY,Wood
429221,BREVARD COUNTY,Wood
381443,BREVARD COUNTY,Masonry
886313,BREVARD COUNTY,Wood
215232,BREVARD COUNTY,Reinforced Masonry
656717,BREVARD COUNTY,Reinforced Masonry
426798,BREVARD COUNTY,Wood
403077,BREVARD COUNTY,Masonry
487025,BREVARD COUNTY,Wood
114354,BREVARD COUNTY,Wood
759213,BREVARD COUNTY,Masonry
891616,BREVARD COUNTY,Masonry
864434,BREVARD COUNTY,Masonry
579122,BREVARD COUNTY,Masonry
926748,BREVARD COUNTY,Steel Frame
806354,BREVARD COUNTY,Masonry
686171,BREVARD COUNTY,Wood
759675,BREVARD COUNTY,Wood
628439,BREVARD COUNTY,Masonry
899165,BREVARD COUNTY,Wood
105985,BREVARD COUNTY,Wood
972187,BREVARD COUNTY,Wood
871521,BREVARD COUNTY,Wood
538435,BREVARD COUNTY,Masonry
820508,BREVARD COUNTY,Wood
700289,BREVARD COUNTY,Steel Frame
400823,BREVARD COUNTY,Masonry
900882,BREVARD COUNTY,Masonry
778462,BREVARD COUNTY,Masonry
402065,BREVARD COUNTY,Wood
162171,BREVARD COUNTY,Wood
412288,BREVARD COUNTY,Wood
757531,BREVARD COUNTY,Wood
659715,BREVARD COUNTY,Wood
252676,BREVARD COUNTY,Wood
787440,BREVARD COUNTY,Wood
955915,BREVARD COUNTY,Wood
463093,BREVARD COUNTY,Wood
981016,BREVARD COUNTY,Reinforced Masonry
881895,BREVARD COUNTY,Masonry
608242,BREVARD COUNTY,Masonry
365461,BREVARD COUNTY,Reinforced Masonry
998818,BREVARD COUNTY,Masonry
756358,BREVARD COUNTY,Wood
502255,BREVARD COUNTY,Wood
996295,BREVARD COUNTY,Wood
163901,BREVARD COUNTY,Reinforced Masonry
518169,BREVARD COUNTY,Masonry
559383,BREVARD COUNTY,Reinforced Masonry
669377,BREVARD COUNTY,Masonry
569959,BREVARD COUNTY,Reinforced Masonry
466222,BREVARD COUNTY,Masonry
870954,BREVARD COUNTY,Masonry
978271,BREVARD COUNTY,Wood
594620,BREVARD COUNTY,Masonry
995975,BREVARD COUNTY,Reinforced Masonry
372698,BREVARD COUNTY,Masonry
491487,BREVARD COUNTY,Wood
828473,BREVARD COUNTY,Wood
205676,BREVARD COUNTY,Wood
801924,BREVARD COUNTY,Wood
417961,BREVARD COUNTY,Wood
742545,BREVARD COUNTY,Masonry
634299,BREVARD COUNTY,Reinforced Masonry
703993,BREVARD COUNTY,Wood
438370,BREVARD COUNTY,Wood
655990,BREVARD COUNTY,Masonry
314256,BREVARD COUNTY,Masonry
482091,BREVARD COUNTY,Wood
573779,BREVARD COUNTY,Wood
887465,BREVARD COUNTY,Wood
830956,BREVARD COUNTY,Wood
646510,BREVARD COUNTY,Wood
891593,BREVARD COUNTY,Wood
480043,BREVARD COUNTY,Wood
435277,BREVARD COUNTY,Wood
280769,BREVARD COUNTY,Masonry
949985,BREVARD COUNTY,Wood
683687,BREVARD COUNTY,Masonry
468013,BREVARD COUNTY,Reinforced Concrete
875436,BREVARD COUNTY,Steel Frame
399420,BREVARD COUNTY,Reinforced Masonry
667678,BREVARD COUNTY,Reinforced Masonry
983929,BREVARD COUNTY,Reinforced Masonry
575255,BREVARD COUNTY,Reinforced Masonry
550599,BREVARD COUNTY,Masonry
680548,BREVARD COUNTY,Wood
155591,BREVARD COUNTY,Wood
447202,BREVARD COUNTY,Reinforced Masonry
843008,BREVARD COUNTY,Masonry
180092,BREVARD COUNTY,Masonry
533581,BREVARD COUNTY,Wood
223417,BREVARD COUNTY,Masonry
658830,BREVARD COUNTY,Wood
137747,BREVARD COUNTY,Wood
816872,BREVARD COUNTY,Masonry
491934,BREVARD COUNTY,Wood
726955,BREVARD COUNTY,Wood
410545,BREVARD COUNTY,Wood
161260,BREVARD COUNTY,Wood
136921,BREVARD COUNTY,Wood
987366,BREVARD COUNTY,Wood
586980,BREVARD COUNTY,Wood
736741,BREVARD COUNTY,Wood
226274,BREVARD COUNTY,Reinforced Masonry
142933,BREVARD COUNTY,Masonry
541261,BREVARD COUNTY,Wood
377881,BREVARD COUNTY,Masonry
657969,BREVARD COUNTY,Masonry
912794,BREVARD COUNTY,Wood
323074,BREVARD COUNTY,Wood
461349,BREVARD COUNTY,Masonry
597567,BREVARD COUNTY,Reinforced Concrete
667866,BREVARD COUNTY,Reinforced Masonry
987534,BREVARD COUNTY,Wood
192607,BREVARD COUNTY,Masonry
743180,BREVARD COUNTY,Wood
572910,BREVARD COUNTY,Wood
118354,BREVARD COUNTY,Wood
599492,BREVARD COUNTY,Masonry
994965,BREVARD COUNTY,Masonry
575729,BREVARD COUNTY,Reinforced Masonry
248452,BREVARD COUNTY,Reinforced Masonry
950938,BREVARD COUNTY,Wood
597853,BREVARD COUNTY,Wood
925781,BREVARD COUNTY,Wood
623553,BREVARD COUNTY,Wood
421900,BREVARD COUNTY,Wood
859958,BREVARD COUNTY,Masonry
132550,BREVARD COUNTY,Wood
192765,BREVARD COUNTY,Wood
124337,BREVARD COUNTY,Reinforced Masonry
976379,BREVARD COUNTY,Wood
585585,BREVARD COUNTY,Masonry
453499,BREVARD COUNTY,Reinforced Masonry
650125,BREVARD COUNTY,Masonry
472956,BREVARD COUNTY,Wood
521596,BREVARD COUNTY,Wood
893143,BREVARD COUNTY,Wood
352235,BREVARD COUNTY,Wood
940799,BREVARD COUNTY,Wood
552566,BREVARD COUNTY,Wood
888636,BREVARD COUNTY,Wood
950525,BREVARD COUNTY,Wood
847329,BREVARD COUNTY,Reinforced Masonry
600360,BREVARD COUNTY,Wood
552886,BREVARD COUNTY,Masonry
306508,BREVARD COUNTY,Masonry
639475,BREVARD COUNTY,Wood
423469,BREVARD COUNTY,Masonry
728324,BREVARD COUNTY,Wood
582759,BREVARD COUNTY,Wood
910834,BREVARD COUNTY,Wood
305200,BREVARD COUNTY,Wood
643167,BREVARD COUNTY,Wood
131464,BREVARD COUNTY,Wood
360459,BREVARD COUNTY,Wood
888914,BREVARD COUNTY,Masonry
503206,BREVARD COUNTY,Wood
384936,BREVARD COUNTY,Wood
868661,BREVARD COUNTY,Wood
709473,BREVARD COUNTY,Reinforced Masonry
281659,BREVARD COUNTY,Wood
931998,BREVARD COUNTY,Wood
344919,BREVARD COUNTY,Wood
497823,BREVARD COUNTY,Masonry
980906,BREVARD COUNTY,Reinforced Masonry
357655,BREVARD COUNTY,Masonry
173001,BREVARD COUNTY,Wood
233849,BREVARD COUNTY,Reinforced Concrete
702726,BREVARD COUNTY,Wood
924176,BREVARD COUNTY,Wood
107651,BREVARD COUNTY,Steel Frame
158414,BREVARD COUNTY,Wood
859278,BREVARD COUNTY,Wood
699805,BREVARD COUNTY,Reinforced Masonry
956951,BREVARD COUNTY,Wood
302173,BREVARD COUNTY,Masonry
483494,BREVARD COUNTY,Masonry
867637,BREVARD COUNTY,Wood
427920,BREVARD COUNTY,Wood
362015,BREVARD COUNTY,Wood
792648,BREVARD COUNTY,Wood
625675,BREVARD COUNTY,Reinforced Masonry
172532,BREVARD COUNTY,Masonry
163269,BREVARD COUNTY,Masonry
798529,BREVARD COUNTY,Wood
433234,BREVARD COUNTY,Reinforced Masonry
382568,BREVARD COUNTY,Reinforced Masonry
998754,BREVARD COUNTY,Reinforced Masonry
914745,BREVARD COUNTY,Wood
188378,BREVARD COUNTY,Masonry
616499,BREVARD COUNTY,Wood
264390,BREVARD COUNTY,Reinforced Masonry
237158,BREVARD COUNTY,Masonry
764999,BREVARD COUNTY,Masonry
772250,BREVARD COUNTY,Wood
847509,BREVARD COUNTY,Masonry
655295,BREVARD COUNTY,Masonry
842163,BREVARD COUNTY,Wood
598180,BREVARD COUNTY,Masonry
671775,BREVARD COUNTY,Wood
994503,BREVARD COUNTY,Wood
503088,BREVARD COUNTY,Wood
658604,BREVARD COUNTY,Wood
515601,BREVARD COUNTY,Reinforced Masonry
453171,BREVARD COUNTY,Wood
156683,BREVARD COUNTY,Wood
175339,BREVARD COUNTY,Wood
388163,BREVARD COUNTY,Wood
608735,BREVARD COUNTY,Wood
750148,BREVARD COUNTY,Wood
803508,BREVARD COUNTY,Wood
940128,BREVARD COUNTY,Masonry
606006,BREVARD COUNTY,Wood
894578,BREVARD COUNTY,Wood
590362,BREVARD COUNTY,Wood
829913,BREVARD COUNTY,Wood
879277,BREVARD COUNTY,Wood
543548,BREVARD COUNTY,Masonry
811587,BREVARD COUNTY,Wood
590315,BREVARD COUNTY,Wood
190177,BREVARD COUNTY,Wood
113917,BREVARD COUNTY,Wood
788858,BREVARD COUNTY,Wood
133134,BREVARD COUNTY,Wood
667136,BREVARD COUNTY,Wood
703841,BREVARD COUNTY,Wood
579960,BREVARD COUNTY,Masonry
703085,BREVARD COUNTY,Wood
263573,BREVARD COUNTY,Wood
796821,BREVARD COUNTY,Wood
577116,BREVARD COUNTY,Wood
180884,BREVARD COUNTY,Reinforced Masonry
363500,BREVARD COUNTY,Wood
857238,BREVARD COUNTY,Wood
456119,BREVARD COUNTY,Wood
181469,BREVARD COUNTY,Wood
560847,BREVARD COUNTY,Wood
840839,BREVARD COUNTY,Masonry
118017,BREVARD COUNTY,Wood
646218,BREVARD COUNTY,Wood
126914,BREVARD COUNTY,Masonry
128468,BREVARD COUNTY,Masonry
737773,BREVARD COUNTY,Wood
633578,BREVARD COUNTY,Wood
865889,BREVARD COUNTY,Wood
162764,BREVARD COUNTY,Masonry
352195,BREVARD COUNTY,Masonry
461285,BREVARD COUNTY,Masonry
162989,BREVARD COUNTY,Reinforced Masonry
599967,BREVARD COUNTY,Reinforced Masonry
568955,BREVARD COUNTY,Reinforced Concrete
421545,BREVARD COUNTY,Wood
759350,BREVARD COUNTY,Wood
339897,BREVARD COUNTY,Masonry
406466,BREVARD COUNTY,Wood
922831,BREVARD COUNTY,Wood
752568,BREVARD COUNTY,Wood
878705,BREVARD COUNTY,Wood
155475,BREVARD COUNTY,Wood
906226,BREVARD COUNTY,Wood
948459,BREVARD COUNTY,Wood
301830,BREVARD COUNTY,Reinforced Masonry
964658,BREVARD COUNTY,Wood
703743,BREVARD COUNTY,Wood
280630,BREVARD COUNTY,Wood
673463,BREVARD COUNTY,Wood
664768,BREVARD COUNTY,Reinforced Masonry
726377,BREVARD COUNTY,Masonry
130376,BREVARD COUNTY,Wood
515382,BREVARD COUNTY,Wood
839020,BREVARD COUNTY,Wood
540162,BREVARD COUNTY,Wood
653798,BREVARD COUNTY,Wood
654656,BREVARD COUNTY,Wood
511350,BREVARD COUNTY,Reinforced Masonry
943966,BREVARD COUNTY,Masonry
503168,BREVARD COUNTY,Reinforced Masonry
847141,BREVARD COUNTY,Wood
924274,BREVARD COUNTY,Reinforced Masonry
805853,BREVARD COUNTY,Reinforced Masonry
365996,BREVARD COUNTY,Masonry
239550,BREVARD COUNTY,Reinforced Masonry
921944,BREVARD COUNTY,Wood
795201,BREVARD COUNTY,Masonry
418898,BREVARD COUNTY,Reinforced Masonry
273592,BREVARD COUNTY,Reinforced Concrete
971075,BREVARD COUNTY,Reinforced Masonry
513198,BREVARD COUNTY,Masonry
534227,BREVARD COUNTY,Masonry
478369,BREVARD COUNTY,Masonry
947148,BREVARD COUNTY,Wood
679356,BREVARD COUNTY,Wood
448041,BREVARD COUNTY,Wood
747250,BREVARD COUNTY,Wood
161914,BREVARD COUNTY,Wood
306979,BREVARD COUNTY,Wood
443878,BREVARD COUNTY,Wood
657656,BREVARD COUNTY,Reinforced Masonry
425397,BREVARD COUNTY,Reinforced Masonry
599938,BREVARD COUNTY,Reinforced Masonry
331530,BREVARD COUNTY,Reinforced Concrete
489776,BREVARD COUNTY,Reinforced Masonry
845307,BREVARD COUNTY,Wood
675668,BREVARD COUNTY,Wood
292898,INDIAN RIVER COUNTY,Wood
122107,INDIAN RIVER COUNTY,Wood
152377,INDIAN RIVER COUNTY,Wood
369324,INDIAN RIVER COUNTY,Masonry
943467,INDIAN RIVER COUNTY,Masonry
416891,INDIAN RIVER COUNTY,Masonry
459990,INDIAN RIVER COUNTY,Masonry
905404,INDIAN RIVER COUNTY,Masonry
720468,INDIAN RIVER COUNTY,Masonry
115519,INDIAN RIVER COUNTY,Wood
547999,INDIAN RIVER COUNTY,Masonry
676651,INDIAN RIVER COUNTY,Wood
530362,INDIAN RIVER COUNTY,Wood
388799,INDIAN RIVER COUNTY,Wood
564886,BREVARD COUNTY,Wood
809680,INDIAN RIVER COUNTY,Wood
204760,INDIAN RIVER COUNTY,Wood
128474,INDIAN RIVER COUNTY,Masonry
372862,INDIAN RIVER COUNTY,Masonry
970083,INDIAN RIVER COUNTY,Wood
109316,INDIAN RIVER COUNTY,Wood
156271,INDIAN RIVER COUNTY,Wood
262239,INDIAN RIVER COUNTY,Wood
876514,INDIAN RIVER COUNTY,Masonry
786348,INDIAN RIVER COUNTY,Wood
277938,INDIAN RIVER COUNTY,Wood
464321,INDIAN RIVER COUNTY,Wood
252565,INDIAN RIVER COUNTY,Wood
142316,BREVARD COUNTY,Masonry
519496,BREVARD COUNTY,Wood
354685,BREVARD COUNTY,Wood
331445,BREVARD COUNTY,Wood
840922,BREVARD COUNTY,Masonry
495512,BREVARD COUNTY,Wood
581729,BREVARD COUNTY,Wood
496250,BREVARD COUNTY,Masonry
753618,BREVARD COUNTY,Wood
367392,BREVARD COUNTY,Wood
710349,BREVARD COUNTY,Wood
985727,BREVARD COUNTY,Masonry
391701,BREVARD COUNTY,Reinforced Masonry
201057,BREVARD COUNTY,Reinforced Masonry
205147,BREVARD COUNTY,Reinforced Concrete
341801,BREVARD COUNTY,Reinforced Masonry
793717,BREVARD COUNTY,Wood
786077,BREVARD COUNTY,Wood
792836,BREVARD COUNTY,Wood
321079,BREVARD COUNTY,Masonry
905826,BREVARD COUNTY,Masonry
763152,BREVARD COUNTY,Masonry
705378,BREVARD COUNTY,Masonry
956192,BREVARD COUNTY,Masonry
581133,BREVARD COUNTY,Wood
267053,BREVARD COUNTY,Masonry
613931,BREVARD COUNTY,Wood
678382,BREVARD COUNTY,Wood
527521,BREVARD COUNTY,Wood
157755,BREVARD COUNTY,Masonry
280382,BREVARD COUNTY,Wood
237359,BREVARD COUNTY,Wood
698458,BREVARD COUNTY,Masonry
944487,BREVARD COUNTY,Reinforced Masonry
646842,BREVARD COUNTY,Masonry
566850,BREVARD COUNTY,Wood
645653,BREVARD COUNTY,Masonry
683707,BREVARD COUNTY,Reinforced Masonry
524392,BREVARD COUNTY,Masonry
501443,BREVARD COUNTY,Reinforced Masonry
985663,BREVARD COUNTY,Masonry
945606,BREVARD COUNTY,Masonry
750193,BREVARD COUNTY,Wood
658487,BREVARD COUNTY,Wood
546102,BREVARD COUNTY,Wood
636416,BREVARD COUNTY,Wood
187145,BREVARD COUNTY,Wood
179418,BREVARD COUNTY,Reinforced Masonry
976454,BREVARD COUNTY,Reinforced Masonry
537018,BREVARD COUNTY,Wood
335182,BREVARD COUNTY,Wood
812660,BREVARD COUNTY,Wood
850925,BREVARD COUNTY,Wood
552986,BREVARD COUNTY,Masonry
404768,BREVARD COUNTY,Masonry
116089,BREVARD COUNTY,Masonry
363043,BREVARD COUNTY,Masonry
757704,BREVARD COUNTY,Masonry
622267,BREVARD COUNTY,Wood
242541,BREVARD COUNTY,Wood
665945,BREVARD COUNTY,Wood
728566,BREVARD COUNTY,Masonry
484099,BREVARD COUNTY,Wood
656779,BREVARD COUNTY,Masonry
706728,BREVARD COUNTY,Masonry
124319,BREVARD COUNTY,Wood
890612,BREVARD COUNTY,Wood
819241,BREVARD COUNTY,Masonry
185090,BREVARD COUNTY,Wood
289589,BREVARD COUNTY,Wood
531366,BREVARD COUNTY,Wood
483049,BREVARD COUNTY,Masonry
719970,BREVARD COUNTY,Wood
890282,BREVARD COUNTY,Masonry
311802,BREVARD COUNTY,Masonry
520757,BREVARD COUNTY,Masonry
714886,BREVARD COUNTY,Wood
192822,BREVARD COUNTY,Wood
326579,BREVARD COUNTY,Wood
336749,BREVARD COUNTY,Wood
137224,BREVARD COUNTY,Wood
714525,BREVARD COUNTY,Wood
643827,BREVARD COUNTY,Wood
705148,BREVARD COUNTY,Wood
465995,BREVARD COUNTY,Wood
559524,BREVARD COUNTY,Wood
885782,BREVARD COUNTY,Wood
267987,BREVARD COUNTY,Wood
937020,BREVARD COUNTY,Wood
937847,BREVARD COUNTY,Wood
537375,BREVARD COUNTY,Masonry
879938,BREVARD COUNTY,Reinforced Masonry
376273,BREVARD COUNTY,Wood
849798,BREVARD COUNTY,Wood
198951,BREVARD COUNTY,Wood
836860,BREVARD COUNTY,Wood
321097,BREVARD COUNTY,Wood
115160,BREVARD COUNTY,Wood
384817,BREVARD COUNTY,Wood
286666,BREVARD COUNTY,Wood
724822,BREVARD COUNTY,Wood
563591,BREVARD COUNTY,Wood
444928,BREVARD COUNTY,Masonry
286940,BREVARD COUNTY,Reinforced Masonry
577317,BREVARD COUNTY,Masonry
789772,INDIAN RIVER COUNTY,Wood
484905,INDIAN RIVER COUNTY,Wood
924066,INDIAN RIVER COUNTY,Wood
130002,INDIAN RIVER COUNTY,Masonry
440807,INDIAN RIVER COUNTY,Wood
365642,INDIAN RIVER COUNTY,Masonry
348255,INDIAN RIVER COUNTY,Wood
670279,INDIAN RIVER COUNTY,Wood
163841,INDIAN RIVER COUNTY,Wood
963213,INDIAN RIVER COUNTY,Wood
101933,INDIAN RIVER COUNTY,Wood
404870,INDIAN RIVER COUNTY,Wood
648440,INDIAN RIVER COUNTY,Wood
599843,INDIAN RIVER COUNTY,Wood
736895,INDIAN RIVER COUNTY,Masonry
209797,INDIAN RIVER COUNTY,Wood
389210,INDIAN RIVER COUNTY,Wood
941520,INDIAN RIVER COUNTY,Masonry
726938,INDIAN RIVER COUNTY,Wood
411875,INDIAN RIVER COUNTY,Wood
839035,INDIAN RIVER COUNTY,Wood
120859,INDIAN RIVER COUNTY,Wood
563900,INDIAN RIVER COUNTY,Wood
695539,INDIAN RIVER COUNTY,Wood
879576,INDIAN RIVER COUNTY,Wood
835622,INDIAN RIVER COUNTY,Masonry
142530,INDIAN RIVER COUNTY,Masonry
836366,INDIAN RIVER COUNTY,Reinforced Masonry
738844,INDIAN RIVER COUNTY,Masonry
943039,INDIAN RIVER COUNTY,Masonry
684278,INDIAN RIVER COUNTY,Masonry
405848,INDIAN RIVER COUNTY,Wood
446397,INDIAN RIVER COUNTY,Wood
933322,INDIAN RIVER COUNTY,Wood
741513,INDIAN RIVER COUNTY,Masonry
159657,INDIAN RIVER COUNTY,Masonry
779319,INDIAN RIVER COUNTY,Masonry
889036,INDIAN RIVER COUNTY,Wood
136316,INDIAN RIVER COUNTY,Masonry
838382,INDIAN RIVER COUNTY,Masonry
741850,INDIAN RIVER COUNTY,Wood
323029,INDIAN RIVER COUNTY,Masonry
383050,INDIAN RIVER COUNTY,Wood
426205,INDIAN RIVER COUNTY,Wood
229872,INDIAN RIVER COUNTY,Wood
473292,INDIAN RIVER COUNTY,Wood
845757,INDIAN RIVER COUNTY,Masonry
251903,INDIAN RIVER COUNTY,Wood
283256,INDIAN RIVER COUNTY,Wood
288572,INDIAN RIVER COUNTY,Wood
400886,INDIAN RIVER COUNTY,Wood
245241,INDIAN RIVER COUNTY,Wood
159195,INDIAN RIVER COUNTY,Wood
614673,INDIAN RIVER COUNTY,Wood
127921,INDIAN RIVER COUNTY,Wood
605762,INDIAN RIVER COUNTY,Masonry
658628,INDIAN RIVER COUNTY,Wood
967061,INDIAN RIVER COUNTY,Reinforced Concrete
389248,INDIAN RIVER COUNTY,Wood
534789,INDIAN RIVER COUNTY,Wood
463075,INDIAN RIVER COUNTY,Masonry
185889,INDIAN RIVER COUNTY,Reinforced Masonry
254456,INDIAN RIVER COUNTY,Wood
918971,INDIAN RIVER COUNTY,Wood
622778,INDIAN RIVER COUNTY,Wood
139537,INDIAN RIVER COUNTY,Wood
565611,INDIAN RIVER COUNTY,Reinforced Masonry
440376,INDIAN RIVER COUNTY,Wood
408974,INDIAN RIVER COUNTY,Masonry
350977,INDIAN RIVER COUNTY,Masonry
209384,INDIAN RIVER COUNTY,Wood
267727,INDIAN RIVER COUNTY,Reinforced Masonry
157050,INDIAN RIVER COUNTY,Wood
768184,INDIAN RIVER COUNTY,Wood
849235,INDIAN RIVER COUNTY,Wood
729198,INDIAN RIVER COUNTY,Wood
152532,INDIAN RIVER COUNTY,Wood
569122,INDIAN RIVER COUNTY,Masonry
481958,INDIAN RIVER COUNTY,Masonry
451992,INDIAN RIVER COUNTY,Reinforced Masonry
706089,INDIAN RIVER COUNTY,Wood
983603,INDIAN RIVER COUNTY,Wood
691899,INDIAN RIVER COUNTY,Wood
706081,INDIAN RIVER COUNTY,Wood
631471,INDIAN RIVER COUNTY,Wood
622585,INDIAN RIVER COUNTY,Masonry
115096,INDIAN RIVER COUNTY,Wood
840104,INDIAN RIVER COUNTY,Wood
837040,INDIAN RIVER COUNTY,Wood
547497,INDIAN RIVER COUNTY,Reinforced Masonry
696286,INDIAN RIVER COUNTY,Wood
463589,INDIAN RIVER COUNTY,Wood
552252,INDIAN RIVER COUNTY,Masonry
389269,INDIAN RIVER COUNTY,Reinforced Concrete
821715,INDIAN RIVER COUNTY,Wood
217957,INDIAN RIVER COUNTY,Wood
932852,INDIAN RIVER COUNTY,Masonry
624020,INDIAN RIVER COUNTY,Masonry
209199,INDIAN RIVER COUNTY,Masonry
819234,INDIAN RIVER COUNTY,Wood
142556,INDIAN RIVER COUNTY,Wood
504218,INDIAN RIVER COUNTY,Masonry
202013,INDIAN RIVER COUNTY,Reinforced Masonry
535105,INDIAN RIVER COUNTY,Wood
993950,INDIAN RIVER COUNTY,Masonry
194456,INDIAN RIVER COUNTY,Wood
115008,INDIAN RIVER COUNTY,Wood
379932,INDIAN RIVER COUNTY,Wood
481087,INDIAN RIVER COUNTY,Wood
275972,INDIAN RIVER COUNTY,Wood
627326,INDIAN RIVER COUNTY,Wood
468001,INDIAN RIVER COUNTY,Masonry
319330,INDIAN RIVER COUNTY,Wood
359456,INDIAN RIVER COUNTY,Reinforced Masonry
544336,INDIAN RIVER COUNTY,Masonry
920074,INDIAN RIVER COUNTY,Reinforced Masonry
915010,INDIAN RIVER COUNTY,Reinforced Concrete
765496,INDIAN RIVER COUNTY,Masonry
545479,INDIAN RIVER COUNTY,Reinforced Masonry
498447,INDIAN RIVER COUNTY,Masonry
975306,INDIAN RIVER COUNTY,Reinforced Masonry
269880,INDIAN RIVER COUNTY,Wood
983374,INDIAN RIVER COUNTY,Reinforced Masonry
271723,INDIAN RIVER COUNTY,Reinforced Masonry
162621,INDIAN RIVER COUNTY,Wood
392455,INDIAN RIVER COUNTY,Wood
681293,INDIAN RIVER COUNTY,Masonry
218310,INDIAN RIVER COUNTY,Wood
222936,INDIAN RIVER COUNTY,Wood
403829,INDIAN RIVER COUNTY,Wood
777403,INDIAN RIVER COUNTY,Wood
257741,INDIAN RIVER COUNTY,Wood
301273,INDIAN RIVER COUNTY,Wood
160469,INDIAN RIVER COUNTY,Reinforced Masonry
658630,INDIAN RIVER COUNTY,Wood
504461,INDIAN RIVER COUNTY,Wood
231218,INDIAN RIVER COUNTY,Wood
697320,INDIAN RIVER COUNTY,Masonry
267775,INDIAN RIVER COUNTY,Masonry
861076,INDIAN RIVER COUNTY,Masonry
306883,INDIAN RIVER COUNTY,Reinforced Masonry
926773,INDIAN RIVER COUNTY,Reinforced Masonry
468853,INDIAN RIVER COUNTY,Wood
730052,INDIAN RIVER COUNTY,Wood
221751,INDIAN RIVER COUNTY,Masonry
469314,INDIAN RIVER COUNTY,Masonry
590086,INDIAN RIVER COUNTY,Masonry
616780,INDIAN RIVER COUNTY,Masonry
413228,INDIAN RIVER COUNTY,Wood
314211,INDIAN RIVER COUNTY,Wood
581917,INDIAN RIVER COUNTY,Wood
688857,INDIAN RIVER COUNTY,Wood
395663,INDIAN RIVER COUNTY,Wood
555518,INDIAN RIVER COUNTY,Wood
236888,INDIAN RIVER COUNTY,Masonry
511926,INDIAN RIVER COUNTY,Wood
304566,INDIAN RIVER COUNTY,Reinforced Masonry
509037,INDIAN RIVER COUNTY,Reinforced Masonry
424883,INDIAN RIVER COUNTY,Masonry
713191,INDIAN RIVER COUNTY,Masonry
130728,INDIAN RIVER COUNTY,Masonry
116534,INDIAN RIVER COUNTY,Masonry
818088,INDIAN RIVER COUNTY,Masonry
327337,INDIAN RIVER COUNTY,Reinforced Masonry
380623,INDIAN RIVER COUNTY,Wood
254139,INDIAN RIVER COUNTY,Wood
899066,INDIAN RIVER COUNTY,Wood
814472,INDIAN RIVER COUNTY,Wood
612587,INDIAN RIVER COUNTY,Masonry
894862,INDIAN RIVER COUNTY,Wood
789233,INDIAN RIVER COUNTY,Wood
259242,INDIAN RIVER COUNTY,Reinforced Masonry
370235,INDIAN RIVER COUNTY,Wood
848582,INDIAN RIVER COUNTY,Wood
490143,INDIAN RIVER COUNTY,Wood
604806,INDIAN RIVER COUNTY,Wood
764776,INDIAN RIVER COUNTY,Reinforced Masonry
146460,INDIAN RIVER COUNTY,Reinforced Masonry
381247,INDIAN RIVER COUNTY,Masonry
901971,INDIAN RIVER COUNTY,Wood
300674,INDIAN RIVER COUNTY,Wood
576173,INDIAN RIVER COUNTY,Wood
804996,INDIAN RIVER COUNTY,Masonry
191625,INDIAN RIVER COUNTY,Masonry
981200,INDIAN RIVER COUNTY,Masonry
400783,INDIAN RIVER COUNTY,Masonry
193794,INDIAN RIVER COUNTY,Masonry
371504,INDIAN RIVER COUNTY,Masonry
682398,INDIAN RIVER COUNTY,Wood
750340,INDIAN RIVER COUNTY,Wood
429504,INDIAN RIVER COUNTY,Wood
468776,INDIAN RIVER COUNTY,Wood
686457,INDIAN RIVER COUNTY,Wood
819831,INDIAN RIVER COUNTY,Wood
721630,INDIAN RIVER COUNTY,Wood
690018,INDIAN RIVER COUNTY,Wood
801530,INDIAN RIVER COUNTY,Wood
766782,INDIAN RIVER COUNTY,Wood
650456,INDIAN RIVER COUNTY,Reinforced Masonry
123158,INDIAN RIVER COUNTY,Wood
948613,INDIAN RIVER COUNTY,Reinforced Masonry
640617,INDIAN RIVER COUNTY,Reinforced Masonry
397664,INDIAN RIVER COUNTY,Wood
319860,INDIAN RIVER COUNTY,Masonry
742870,INDIAN RIVER COUNTY,Masonry
587381,INDIAN RIVER COUNTY,Wood
806629,INDIAN RIVER COUNTY,Reinforced Masonry
425643,INDIAN RIVER COUNTY,Masonry
713421,INDIAN RIVER COUNTY,Masonry
361376,INDIAN RIVER COUNTY,Masonry
531563,INDIAN RIVER COUNTY,Wood
811817,INDIAN RIVER COUNTY,Reinforced Concrete
123251,INDIAN RIVER COUNTY,Reinforced Masonry
225564,INDIAN RIVER COUNTY,Reinforced Concrete
577391,INDIAN RIVER COUNTY,Wood
106770,INDIAN RIVER COUNTY,Reinforced Masonry
563345,INDIAN RIVER COUNTY,Wood
663354,INDIAN RIVER COUNTY,Wood
484935,INDIAN RIVER COUNTY,Reinforced Masonry
167553,INDIAN RIVER COUNTY,Masonry
892285,INDIAN RIVER COUNTY,Wood
288443,INDIAN RIVER COUNTY,Reinforced Masonry
731228,INDIAN RIVER COUNTY,Masonry
248253,INDIAN RIVER COUNTY,Wood
686868,INDIAN RIVER COUNTY,Wood
851174,INDIAN RIVER COUNTY,Reinforced Concrete
782364,INDIAN RIVER COUNTY,Reinforced Concrete
582491,INDIAN RIVER COUNTY,Reinforced Masonry
142818,INDIAN RIVER COUNTY,Reinforced Masonry
235449,INDIAN RIVER COUNTY,Wood
476036,INDIAN RIVER COUNTY,Wood
679714,INDIAN RIVER COUNTY,Masonry
903307,INDIAN RIVER COUNTY,Reinforced Masonry
657669,INDIAN RIVER COUNTY,Masonry
779912,INDIAN RIVER COUNTY,Wood
156475,INDIAN RIVER COUNTY,Wood
318614,INDIAN RIVER COUNTY,Wood
401376,INDIAN RIVER COUNTY,Wood
593494,INDIAN RIVER COUNTY,Wood
503931,INDIAN RIVER COUNTY,Wood
176567,INDIAN RIVER COUNTY,Wood
518615,INDIAN RIVER COUNTY,Wood
762466,INDIAN RIVER COUNTY,Wood
954977,INDIAN RIVER COUNTY,Wood
620835,INDIAN RIVER COUNTY,Wood
248590,INDIAN RIVER COUNTY,Wood
248808,INDIAN RIVER COUNTY,Wood
108931,INDIAN RIVER COUNTY,Wood
291662,INDIAN RIVER COUNTY,Wood
226898,INDIAN RIVER COUNTY,Wood
214350,INDIAN RIVER COUNTY,Wood
165115,INDIAN RIVER COUNTY,Wood
296719,INDIAN RIVER COUNTY,Wood
573465,INDIAN RIVER COUNTY,Wood
309577,INDIAN RIVER COUNTY,Wood
833722,INDIAN RIVER COUNTY,Wood
122097,INDIAN RIVER COUNTY,Wood
428979,INDIAN RIVER COUNTY,Wood
699587,INDIAN RIVER COUNTY,Wood
478500,INDIAN RIVER COUNTY,Wood
164436,INDIAN RIVER COUNTY,Wood
810954,INDIAN RIVER COUNTY,Wood
180491,INDIAN RIVER COUNTY,Reinforced Masonry
404433,INDIAN RIVER COUNTY,Masonry
538112,INDIAN RIVER COUNTY,Reinforced Concrete
527347,INDIAN RIVER COUNTY,Reinforced Masonry
450583,INDIAN RIVER COUNTY,Reinforced Concrete
391584,INDIAN RIVER COUNTY,Masonry
511424,INDIAN RIVER COUNTY,Wood
295901,INDIAN RIVER COUNTY,Wood
544887,INDIAN RIVER COUNTY,Wood
335282,INDIAN RIVER COUNTY,Wood
391083,INDIAN RIVER COUNTY,Wood
523986,INDIAN RIVER COUNTY,Wood
238554,INDIAN RIVER COUNTY,Masonry
822166,INDIAN RIVER COUNTY,Wood
243249,INDIAN RIVER COUNTY,Masonry
965308,INDIAN RIVER COUNTY,Reinforced Concrete
229365,INDIAN RIVER COUNTY,Reinforced Masonry
729026,INDIAN RIVER COUNTY,Masonry
344994,INDIAN RIVER COUNTY,Masonry
969088,INDIAN RIVER COUNTY,Masonry
349697,INDIAN RIVER COUNTY,Masonry
881585,INDIAN RIVER COUNTY,Masonry
264764,INDIAN RIVER COUNTY,Masonry
991730,INDIAN RIVER COUNTY,Masonry
865607,INDIAN RIVER COUNTY,Masonry
803563,INDIAN RIVER COUNTY,Masonry
724111,INDIAN RIVER COUNTY,Masonry
291426,INDIAN RIVER COUNTY,Masonry
675574,INDIAN RIVER COUNTY,Masonry
190121,INDIAN RIVER COUNTY,Reinforced Masonry
783970,INDIAN RIVER COUNTY,Wood
144519,INDIAN RIVER COUNTY,Wood
651867,INDIAN RIVER COUNTY,Wood
748979,INDIAN RIVER COUNTY,Wood
159090,INDIAN RIVER COUNTY,Masonry
229472,INDIAN RIVER COUNTY,Reinforced Masonry
867733,INDIAN RIVER COUNTY,Masonry
269254,INDIAN RIVER COUNTY,Wood
354749,INDIAN RIVER COUNTY,Reinforced Masonry
519213,INDIAN RIVER COUNTY,Reinforced Masonry
958452,INDIAN RIVER COUNTY,Masonry
266561,INDIAN RIVER COUNTY,Masonry
396298,INDIAN RIVER COUNTY,Masonry
497384,INDIAN RIVER COUNTY,Masonry
112584,INDIAN RIVER COUNTY,Masonry
172050,INDIAN RIVER COUNTY,Wood
423163,INDIAN RIVER COUNTY,Reinforced Masonry
815417,INDIAN RIVER COUNTY,Wood
627598,INDIAN RIVER COUNTY,Wood
441976,INDIAN RIVER COUNTY,Masonry
881600,INDIAN RIVER COUNTY,Wood
584318,INDIAN RIVER COUNTY,Wood
453414,INDIAN RIVER COUNTY,Reinforced Masonry
632433,INDIAN RIVER COUNTY,Reinforced Masonry
647762,INDIAN RIVER COUNTY,Masonry
921529,INDIAN RIVER COUNTY,Reinforced Masonry
546978,INDIAN RIVER COUNTY,Reinforced Masonry
799942,INDIAN RIVER COUNTY,Masonry
437589,INDIAN RIVER COUNTY,Reinforced Masonry
818538,INDIAN RIVER COUNTY,Wood
735876,INDIAN RIVER COUNTY,Wood
830498,INDIAN RIVER COUNTY,Reinforced Masonry
229208,INDIAN RIVER COUNTY,Reinforced Masonry
760674,INDIAN RIVER COUNTY,Reinforced Masonry
149815,INDIAN RIVER COUNTY,Masonry
719247,INDIAN RIVER COUNTY,Wood
980631,INDIAN RIVER COUNTY,Masonry
878684,INDIAN RIVER COUNTY,Wood
830706,INDIAN RIVER COUNTY,Wood
106924,INDIAN RIVER COUNTY,Masonry
858146,INDIAN RIVER COUNTY,Wood
592507,INDIAN RIVER COUNTY,Masonry
599453,INDIAN RIVER COUNTY,Masonry
256383,INDIAN RIVER COUNTY,Wood
599809,INDIAN RIVER COUNTY,Masonry
391758,INDIAN RIVER COUNTY,Wood
786627,INDIAN RIVER COUNTY,Wood
182243,INDIAN RIVER COUNTY,Wood
897658,INDIAN RIVER COUNTY,Wood
827521,INDIAN RIVER COUNTY,Wood
871868,INDIAN RIVER COUNTY,Wood
143195,INDIAN RIVER COUNTY,Masonry
160852,INDIAN RIVER COUNTY,Masonry
296968,INDIAN RIVER COUNTY,Wood
655123,INDIAN RIVER COUNTY,Wood
976610,INDIAN RIVER COUNTY,Wood
232874,INDIAN RIVER COUNTY,Wood
357238,INDIAN RIVER COUNTY,Masonry
714213,INDIAN RIVER COUNTY,Masonry
541920,INDIAN RIVER COUNTY,Wood
309665,INDIAN RIVER COUNTY,Wood
498101,BREVARD COUNTY,Wood
470938,BREVARD COUNTY,Wood
258240,BREVARD COUNTY,Wood
692463,BREVARD COUNTY,Wood
232772,BREVARD COUNTY,Wood
922917,BREVARD COUNTY,Masonry
663962,BREVARD COUNTY,Wood
263169,BREVARD COUNTY,Wood
481569,BREVARD COUNTY,Wood
149761,BREVARD COUNTY,Wood
789148,BREVARD COUNTY,Wood
218316,BREVARD COUNTY,Wood
554021,BREVARD COUNTY,Masonry
531257,BREVARD COUNTY,Wood
217666,BREVARD COUNTY,Wood
329036,BREVARD COUNTY,Wood
983181,BREVARD COUNTY,Wood
158038,BREVARD COUNTY,Wood
451165,BREVARD COUNTY,Wood
878883,BREVARD COUNTY,Wood
643388,MIAMI DADE COUNTY,Masonry
653270,MIAMI DADE COUNTY,Masonry
496080,MIAMI DADE COUNTY,Reinforced Masonry
839190,MIAMI DADE COUNTY,Reinforced Masonry
408481,MIAMI DADE COUNTY,Wood
443625,MIAMI DADE COUNTY,Reinforced Masonry
115178,MIAMI DADE COUNTY,Wood
870674,MIAMI DADE COUNTY,Wood
150820,MIAMI DADE COUNTY,Reinforced Masonry
840467,MIAMI DADE COUNTY,Reinforced Masonry
748539,MIAMI DADE COUNTY,Reinforced Masonry
311810,MIAMI DADE COUNTY,Reinforced Masonry
297257,MIAMI DADE COUNTY,Wood
470624,MIAMI DADE COUNTY,Masonry
466134,MIAMI DADE COUNTY,Masonry
629865,MIAMI DADE COUNTY,Wood
590077,MIAMI DADE COUNTY,Wood
484387,MIAMI DADE COUNTY,Wood
370805,MIAMI DADE COUNTY,Wood
191156,MIAMI DADE COUNTY,Wood
274215,MIAMI DADE COUNTY,Masonry
998632,MIAMI DADE COUNTY,Masonry
237094,MIAMI DADE COUNTY,Reinforced Masonry
589846,MIAMI DADE COUNTY,Wood
259973,MIAMI DADE COUNTY,Wood
567275,MIAMI DADE COUNTY,Wood
418192,MIAMI DADE COUNTY,Masonry
797343,MIAMI DADE COUNTY,Masonry
668234,MIAMI DADE COUNTY,Masonry
997789,BROWARD COUNTY,Masonry
714575,BROWARD COUNTY,Masonry
219244,BROWARD COUNTY,Reinforced Masonry
864736,BROWARD COUNTY,Reinforced Masonry
601378,BROWARD COUNTY,Reinforced Masonry
166423,BROWARD COUNTY,Reinforced Masonry
402445,BROWARD COUNTY,Reinforced Masonry
634234,BROWARD COUNTY,Reinforced Masonry
125580,BROWARD COUNTY,Reinforced Masonry
640785,BROWARD COUNTY,Reinforced Masonry
315757,BROWARD COUNTY,Reinforced Masonry
378512,BROWARD COUNTY,Reinforced Masonry
984132,BROWARD COUNTY,Wood
216888,BROWARD COUNTY,Masonry
467256,BROWARD COUNTY,Wood
863273,BROWARD COUNTY,Wood
250170,BROWARD COUNTY,Reinforced Masonry
533859,BROWARD COUNTY,Reinforced Concrete
419124,BROWARD COUNTY,Reinforced Masonry
547506,BROWARD COUNTY,Reinforced Concrete
436042,BROWARD COUNTY,Reinforced Concrete
674074,BROWARD COUNTY,Reinforced Masonry
296180,BROWARD COUNTY,Wood
621621,BROWARD COUNTY,Wood
259611,BROWARD COUNTY,Masonry
298755,BROWARD COUNTY,Wood
523852,BROWARD COUNTY,Reinforced Masonry
539383,BROWARD COUNTY,Wood
583128,BROWARD COUNTY,Wood
993166,BROWARD COUNTY,Wood
350914,BROWARD COUNTY,Wood
728833,BROWARD COUNTY,Wood
780969,BROWARD COUNTY,Masonry
952769,BROWARD COUNTY,Wood
328734,BROWARD COUNTY,Wood
332675,BROWARD COUNTY,Wood
191681,BROWARD COUNTY,Wood
337450,BROWARD COUNTY,Wood
292218,BROWARD COUNTY,Wood
380521,BROWARD COUNTY,Masonry
692428,BROWARD COUNTY,Wood
880954,BROWARD COUNTY,Masonry
814104,BROWARD COUNTY,Reinforced Masonry
761032,BROWARD COUNTY,Masonry
343337,BROWARD COUNTY,Masonry
361378,BROWARD COUNTY,Wood
838248,BROWARD COUNTY,Masonry
440240,BROWARD COUNTY,Masonry
683461,BROWARD COUNTY,Wood
769905,BROWARD COUNTY,Wood
975175,BROWARD COUNTY,Wood
934246,BROWARD COUNTY,Masonry
215634,BROWARD COUNTY,Wood
604404,BROWARD COUNTY,Reinforced Masonry
600649,BROWARD COUNTY,Reinforced Masonry
905569,BROWARD COUNTY,Masonry
705953,BROWARD COUNTY,Wood
657682,BROWARD COUNTY,Wood
470163,BROWARD COUNTY,Masonry
934675,BROWARD COUNTY,Wood
243443,BROWARD COUNTY,Wood
854718,BROWARD COUNTY,Wood
340984,BROWARD COUNTY,Wood
159207,BROWARD COUNTY,Wood
300982,BROWARD COUNTY,Wood
841289,BROWARD COUNTY,Wood
718708,BROWARD COUNTY,Wood
318900,BROWARD COUNTY,Wood
305848,BROWARD COUNTY,Masonry
526365,BROWARD COUNTY,Masonry
823494,BROWARD COUNTY,Masonry
977580,BROWARD COUNTY,Wood
245993,BROWARD COUNTY,Wood
412227,BROWARD COUNTY,Wood
191082,BROWARD COUNTY,Wood
649071,BROWARD COUNTY,Wood
998938,BROWARD COUNTY,Wood
187196,BROWARD COUNTY,Wood
357410,BROWARD COUNTY,Wood
207894,BROWARD COUNTY,Wood
530608,BROWARD COUNTY,Wood
924777,BROWARD COUNTY,Masonry
574014,BROWARD COUNTY,Masonry
826945,BROWARD COUNTY,Wood
467061,BROWARD COUNTY,Masonry
914687,BROWARD COUNTY,Wood
187212,BROWARD COUNTY,Wood
453427,BROWARD COUNTY,Wood
241889,BROWARD COUNTY,Wood
899208,BROWARD COUNTY,Wood
776051,BROWARD COUNTY,Wood
344034,BROWARD COUNTY,Masonry
829020,BROWARD COUNTY,Masonry
394438,BROWARD COUNTY,Masonry
648968,BROWARD COUNTY,Masonry
798949,BROWARD COUNTY,Masonry
420227,BROWARD COUNTY,Reinforced Masonry
405525,BROWARD COUNTY,Masonry
662583,BROWARD COUNTY,Reinforced Masonry
357066,BROWARD COUNTY,Reinforced Masonry
420541,BROWARD COUNTY,Reinforced Masonry
402350,BROWARD COUNTY,Masonry
366084,BROWARD COUNTY,Masonry
562604,BROWARD COUNTY,Wood
315018,MIAMI DADE COUNTY,Wood
822782,MIAMI DADE COUNTY,Wood
440117,MIAMI DADE COUNTY,Masonry
269006,MIAMI DADE COUNTY,Masonry
906113,MIAMI DADE COUNTY,Masonry
865532,MIAMI DADE COUNTY,Masonry
906383,MIAMI DADE COUNTY,Reinforced Concrete
652548,MIAMI DADE COUNTY,Reinforced Masonry
376377,MIAMI DADE COUNTY,Reinforced Masonry
684332,MIAMI DADE COUNTY,Masonry
800934,MIAMI DADE COUNTY,Reinforced Masonry
531219,MIAMI DADE COUNTY,Wood
356235,MIAMI DADE COUNTY,Wood
640803,MIAMI DADE COUNTY,Reinforced Masonry
461895,MIAMI DADE COUNTY,Wood
145682,MIAMI DADE COUNTY,Wood
414435,MIAMI DADE COUNTY,Wood
552620,MIAMI DADE COUNTY,Wood
786861,MIAMI DADE COUNTY,Masonry
105348,MIAMI DADE COUNTY,Masonry
784426,MIAMI DADE COUNTY,Wood
165570,MIAMI DADE COUNTY,Reinforced Concrete
718330,MIAMI DADE COUNTY,Reinforced Masonry
482992,MIAMI DADE COUNTY,Masonry
878755,MIAMI DADE COUNTY,Wood
528943,MIAMI DADE COUNTY,Reinforced Concrete
544769,MIAMI DADE COUNTY,Masonry
766972,MIAMI DADE COUNTY,Wood
243948,MIAMI DADE COUNTY,Masonry
872383,MIAMI DADE COUNTY,Masonry
147886,MIAMI DADE COUNTY,Wood
664092,MIAMI DADE COUNTY,Masonry
404738,MIAMI DADE COUNTY,Wood
898338,MIAMI DADE COUNTY,Masonry
468312,MIAMI DADE COUNTY,Wood
985956,MIAMI DADE COUNTY,Wood
954345,MIAMI DADE COUNTY,Masonry
523731,MIAMI DADE COUNTY,Reinforced Masonry
255159,MIAMI DADE COUNTY,Reinforced Concrete
274399,MIAMI DADE COUNTY,Wood
569399,MIAMI DADE COUNTY,Masonry
140329,MIAMI DADE COUNTY,Masonry
730795,MIAMI DADE COUNTY,Wood
522040,MIAMI DADE COUNTY,Wood
960904,MIAMI DADE COUNTY,Wood
324099,MIAMI DADE COUNTY,Wood
539552,MIAMI DADE COUNTY,Wood
861242,MIAMI DADE COUNTY,Masonry
287177,MIAMI DADE COUNTY,Wood
854979,MIAMI DADE COUNTY,Wood
912363,MIAMI DADE COUNTY,Wood
390360,MIAMI DADE COUNTY,Wood
560129,MIAMI DADE COUNTY,Wood
489851,MIAMI DADE COUNTY,Masonry
546379,MIAMI DADE COUNTY,Masonry
557351,MIAMI DADE COUNTY,Masonry
604903,MIAMI DADE COUNTY,Wood
594879,MIAMI DADE COUNTY,Masonry
416416,MIAMI DADE COUNTY,Masonry
905294,MIAMI DADE COUNTY,Masonry
872242,MIAMI DADE COUNTY,Masonry
704793,MIAMI DADE COUNTY,Masonry
547370,MIAMI DADE COUNTY,Masonry
990666,MIAMI DADE COUNTY,Masonry
876261,MIAMI DADE COUNTY,Masonry
929655,MIAMI DADE COUNTY,Wood
401199,MIAMI DADE COUNTY,Wood
878732,MIAMI DADE COUNTY,Masonry
933963,MIAMI DADE COUNTY,Masonry
394753,MIAMI DADE COUNTY,Masonry
890417,MIAMI DADE COUNTY,Masonry
765215,MIAMI DADE COUNTY,Masonry
482791,MIAMI DADE COUNTY,Masonry
360285,MIAMI DADE COUNTY,Masonry
612563,MIAMI DADE COUNTY,Wood
626150,MIAMI DADE COUNTY,Masonry
549310,MIAMI DADE COUNTY,Wood
674008,MIAMI DADE COUNTY,Masonry
230062,MIAMI DADE COUNTY,Wood
343964,MIAMI DADE COUNTY,Wood
485055,MIAMI DADE COUNTY,Wood
592893,MIAMI DADE COUNTY,Masonry
499656,MIAMI DADE COUNTY,Wood
749046,MIAMI DADE COUNTY,Reinforced Masonry
340026,MIAMI DADE COUNTY,Wood
477864,MIAMI DADE COUNTY,Wood
554980,MIAMI DADE COUNTY,Masonry
520403,MIAMI DADE COUNTY,Wood
891224,MIAMI DADE COUNTY,Wood
878536,MIAMI DADE COUNTY,Wood
729997,MIAMI DADE COUNTY,Masonry
294273,MIAMI DADE COUNTY,Wood
267500,MIAMI DADE COUNTY,Masonry
956911,MIAMI DADE COUNTY,Masonry
408510,MIAMI DADE COUNTY,Wood
885700,MIAMI DADE COUNTY,Masonry
503988,MIAMI DADE COUNTY,Wood
192265,MIAMI DADE COUNTY,Wood
431030,MIAMI DADE COUNTY,Wood
152898,MIAMI DADE COUNTY,Reinforced Concrete
695762,MIAMI DADE COUNTY,Reinforced Concrete
685443,MIAMI DADE COUNTY,Wood
920267,MIAMI DADE COUNTY,Wood
532831,MIAMI DADE COUNTY,Masonry
476496,MIAMI DADE COUNTY,Masonry
753379,MIAMI DADE COUNTY,Masonry
790004,MIAMI DADE COUNTY,Wood
166235,MIAMI DADE COUNTY,Masonry
459135,MIAMI DADE COUNTY,Masonry
954443,MIAMI DADE COUNTY,Wood
973925,MIAMI DADE COUNTY,Wood
728764,MIAMI DADE COUNTY,Masonry
532312,MIAMI DADE COUNTY,Wood
321897,MIAMI DADE COUNTY,Masonry
963196,MIAMI DADE COUNTY,Wood
738315,MIAMI DADE COUNTY,Wood
942437,MIAMI DADE COUNTY,Wood
622836,MIAMI DADE COUNTY,Masonry
466016,MIAMI DADE COUNTY,Masonry
893952,MIAMI DADE COUNTY,Wood
947324,MIAMI DADE COUNTY,Reinforced Masonry
162540,MIAMI DADE COUNTY,Masonry
870524,MIAMI DADE COUNTY,Wood
798614,MIAMI DADE COUNTY,Reinforced Masonry
152968,MIAMI DADE COUNTY,Masonry
912800,MIAMI DADE COUNTY,Masonry
146458,MIAMI DADE COUNTY,Wood
906405,MIAMI DADE COUNTY,Wood
168753,MIAMI DADE COUNTY,Wood
984757,MIAMI DADE COUNTY,Masonry
651494,MIAMI DADE COUNTY,Masonry
357757,MIAMI DADE COUNTY,Masonry
627279,MIAMI DADE COUNTY,Wood
347442,MIAMI DADE COUNTY,Masonry
329593,MIAMI DADE COUNTY,Wood
303442,MIAMI DADE COUNTY,Wood
342510,MIAMI DADE COUNTY,Masonry
856792,MIAMI DADE COUNTY,Wood
268176,MIAMI DADE COUNTY,Masonry
413171,MIAMI DADE COUNTY,Reinforced Masonry
820509,MIAMI DADE COUNTY,Wood
890050,MIAMI DADE COUNTY,Wood
639331,MIAMI DADE COUNTY,Wood
623328,MIAMI DADE COUNTY,Masonry
481020,MIAMI DADE COUNTY,Wood
365510,MIAMI DADE COUNTY,Wood
234126,MIAMI DADE COUNTY,Wood
419805,MIAMI DADE COUNTY,Wood
933318,MIAMI DADE COUNTY,Reinforced Masonry
907115,MIAMI DADE COUNTY,Masonry
326264,MIAMI DADE COUNTY,Wood
229623,MIAMI DADE COUNTY,Wood
528713,MIAMI DADE COUNTY,Masonry
289383,MIAMI DADE COUNTY,Reinforced Masonry
978248,MIAMI DADE COUNTY,Masonry
833541,MIAMI DADE COUNTY,Wood
445068,MIAMI DADE COUNTY,Wood
963461,MIAMI DADE COUNTY,Wood
698736,MIAMI DADE COUNTY,Reinforced Masonry
688709,MIAMI DADE COUNTY,Wood
426297,MIAMI DADE COUNTY,Masonry
711671,MIAMI DADE COUNTY,Wood
277314,MIAMI DADE COUNTY,Wood
163283,MIAMI DADE COUNTY,Steel Frame
677498,MIAMI DADE COUNTY,Wood
646468,MIAMI DADE COUNTY,Reinforced Concrete
821546,MIAMI DADE COUNTY,Wood
664783,MIAMI DADE COUNTY,Masonry
571994,MIAMI DADE COUNTY,Reinforced Masonry
320526,MIAMI DADE COUNTY,Wood
249920,MIAMI DADE COUNTY,Wood
973134,MIAMI DADE COUNTY,Masonry
285949,MIAMI DADE COUNTY,Reinforced Masonry
997155,MIAMI DADE COUNTY,Masonry
444222,MIAMI DADE COUNTY,Wood
804441,MIAMI DADE COUNTY,Reinforced Masonry
603080,MIAMI DADE COUNTY,Reinforced Concrete
799459,MIAMI DADE COUNTY,Wood
795184,MIAMI DADE COUNTY,Wood
844883,MIAMI DADE COUNTY,Masonry
249784,MIAMI DADE COUNTY,Wood
918742,MIAMI DADE COUNTY,Wood
539672,MIAMI DADE COUNTY,Wood
871820,MIAMI DADE COUNTY,Wood
316701,MIAMI DADE COUNTY,Wood
430328,MIAMI DADE COUNTY,Masonry
362952,MIAMI DADE COUNTY,Wood
687660,MIAMI DADE COUNTY,Wood
621495,MIAMI DADE COUNTY,Wood
567665,MIAMI DADE COUNTY,Masonry
892256,MIAMI DADE COUNTY,Wood
592432,MIAMI DADE COUNTY,Wood
469552,MIAMI DADE COUNTY,Masonry
597979,MIAMI DADE COUNTY,Wood
555592,MIAMI DADE COUNTY,Wood
697567,MIAMI DADE COUNTY,Wood
207911,MIAMI DADE COUNTY,Wood
467091,MIAMI DADE COUNTY,Wood
993106,MIAMI DADE COUNTY,Wood
813902,MIAMI DADE COUNTY,Wood
380174,MIAMI DADE COUNTY,Wood
822159,MIAMI DADE COUNTY,Reinforced Concrete
294897,MIAMI DADE COUNTY,Reinforced Concrete
708812,MIAMI DADE COUNTY,Masonry
348260,MIAMI DADE COUNTY,Wood
624052,MIAMI DADE COUNTY,Wood
794698,MIAMI DADE COUNTY,Reinforced Masonry
752717,MIAMI DADE COUNTY,Reinforced Masonry
219800,MIAMI DADE COUNTY,Masonry
376042,MIAMI DADE COUNTY,Reinforced Masonry
297456,MIAMI DADE COUNTY,Wood
841451,MIAMI DADE COUNTY,Reinforced Masonry
343254,MIAMI DADE COUNTY,Steel Frame
959557,MIAMI DADE COUNTY,Reinforced Masonry
562527,MIAMI DADE COUNTY,Wood
519379,MIAMI DADE COUNTY,Reinforced Concrete
765203,MIAMI DADE COUNTY,Masonry
487986,MIAMI DADE COUNTY,Masonry
378899,MIAMI DADE COUNTY,Masonry
836138,MIAMI DADE COUNTY,Wood
246104,MIAMI DADE COUNTY,Masonry
118000,MIAMI DADE COUNTY,Wood
772475,MIAMI DADE COUNTY,Reinforced Masonry
623406,MIAMI DADE COUNTY,Wood
157315,MIAMI DADE COUNTY,Wood
856153,MIAMI DADE COUNTY,Masonry
755554,MIAMI DADE COUNTY,Wood
352516,MIAMI DADE COUNTY,Reinforced Masonry
592006,MIAMI DADE COUNTY,Reinforced Masonry
615879,MIAMI DADE COUNTY,Reinforced Masonry
254386,MIAMI DADE COUNTY,Wood
450818,MIAMI DADE COUNTY,Reinforced Concrete
863827,MIAMI DADE COUNTY,Masonry
562546,MIAMI DADE COUNTY,Masonry
858667,MIAMI DADE COUNTY,Wood
309482,MIAMI DADE COUNTY,Wood
873263,MIAMI DADE COUNTY,Wood
288144,MIAMI DADE COUNTY,Wood
175920,MIAMI DADE COUNTY,Masonry
324472,MIAMI DADE COUNTY,Wood
617693,MIAMI DADE COUNTY,Reinforced Masonry
589075,MIAMI DADE COUNTY,Wood
567149,MIAMI DADE COUNTY,Wood
141458,MIAMI DADE COUNTY,Wood
804613,MIAMI DADE COUNTY,Masonry
668299,MIAMI DADE COUNTY,Masonry
864311,MIAMI DADE COUNTY,Masonry
436596,MIAMI DADE COUNTY,Wood
925049,MIAMI DADE COUNTY,Masonry
956544,MIAMI DADE COUNTY,Masonry
604956,MIAMI DADE COUNTY,Masonry
441101,MIAMI DADE COUNTY,Masonry
189032,MIAMI DADE COUNTY,Masonry
840176,MIAMI DADE COUNTY,Wood
651276,MIAMI DADE COUNTY,Reinforced Masonry
928562,MIAMI DADE COUNTY,Wood
669261,MIAMI DADE COUNTY,Wood
185798,MIAMI DADE COUNTY,Wood
849206,MIAMI DADE COUNTY,Masonry
186163,MIAMI DADE COUNTY,Wood
291649,MIAMI DADE COUNTY,Wood
247472,MIAMI DADE COUNTY,Wood
816165,MIAMI DADE COUNTY,Wood
924407,MIAMI DADE COUNTY,Wood
817166,MIAMI DADE COUNTY,Masonry
209693,MIAMI DADE COUNTY,Wood
590090,MIAMI DADE COUNTY,Wood
681147,MIAMI DADE COUNTY,Wood
772315,MIAMI DADE COUNTY,Masonry
379434,MIAMI DADE COUNTY,Masonry
393391,MIAMI DADE COUNTY,Wood
335127,MIAMI DADE COUNTY,Wood
313866,MIAMI DADE COUNTY,Wood
183638,MIAMI DADE COUNTY,Wood
731019,MIAMI DADE COUNTY,Wood
839394,MIAMI DADE COUNTY,Wood
969712,MIAMI DADE COUNTY,Wood
759244,MIAMI DADE COUNTY,Wood
719516,MIAMI DADE COUNTY,Wood
544597,MIAMI DADE COUNTY,Masonry
966875,MIAMI DADE COUNTY,Reinforced Masonry
738676,MIAMI DADE COUNTY,Wood
687748,MIAMI DADE COUNTY,Reinforced Concrete
878004,MIAMI DADE COUNTY,Masonry
562180,MIAMI DADE COUNTY,Masonry
583081,MIAMI DADE COUNTY,Wood
139511,MIAMI DADE COUNTY,Wood
402673,MIAMI DADE COUNTY,Wood
587999,MIAMI DADE COUNTY,Wood
605519,MIAMI DADE COUNTY,Masonry
527990,MIAMI DADE COUNTY,Wood
728038,MIAMI DADE COUNTY,Wood
830555,MIAMI DADE COUNTY,Wood
474080,MIAMI DADE COUNTY,Wood
230801,MIAMI DADE COUNTY,Reinforced Masonry
937703,MIAMI DADE COUNTY,Masonry
323696,MIAMI DADE COUNTY,Masonry
324250,MIAMI DADE COUNTY,Reinforced Masonry
863099,MIAMI DADE COUNTY,Wood
607696,MIAMI DADE COUNTY,Masonry
736477,MIAMI DADE COUNTY,Reinforced Masonry
301567,MIAMI DADE COUNTY,Reinforced Masonry
175822,MIAMI DADE COUNTY,Reinforced Masonry
346442,MIAMI DADE COUNTY,Reinforced Masonry
883728,MIAMI DADE COUNTY,Reinforced Concrete
706338,MIAMI DADE COUNTY,Reinforced Concrete
851771,MIAMI DADE COUNTY,Reinforced Masonry
791263,MIAMI DADE COUNTY,Masonry
303832,MIAMI DADE COUNTY,Wood
736926,MIAMI DADE COUNTY,Reinforced Concrete
336995,MIAMI DADE COUNTY,Reinforced Masonry
456941,MIAMI DADE COUNTY,Wood
706134,MIAMI DADE COUNTY,Masonry
427407,MIAMI DADE COUNTY,Wood
715094,MIAMI DADE COUNTY,Reinforced Masonry
871029,MIAMI DADE COUNTY,Reinforced Masonry
533420,MIAMI DADE COUNTY,Reinforced Concrete
697407,MIAMI DADE COUNTY,Masonry
271284,MIAMI DADE COUNTY,Masonry
425112,MIAMI DADE COUNTY,Reinforced Masonry
623692,MIAMI DADE COUNTY,Wood
267091,MIAMI DADE COUNTY,Reinforced Masonry
736701,MIAMI DADE COUNTY,Masonry
623249,MIAMI DADE COUNTY,Reinforced Masonry
184924,MIAMI DADE COUNTY,Wood
571557,MIAMI DADE COUNTY,Masonry
687022,MIAMI DADE COUNTY,Reinforced Masonry
755038,MIAMI DADE COUNTY,Reinforced Masonry
134901,MIAMI DADE COUNTY,Reinforced Masonry
517811,MIAMI DADE COUNTY,Reinforced Masonry
634954,MIAMI DADE COUNTY,Reinforced Masonry
386221,MIAMI DADE COUNTY,Masonry
821009,MIAMI DADE COUNTY,Masonry
750788,MIAMI DADE COUNTY,Masonry
740398,MIAMI DADE COUNTY,Reinforced Masonry
406700,MIAMI DADE COUNTY,Masonry
445070,MIAMI DADE COUNTY,Masonry
718598,MIAMI DADE COUNTY,Masonry
679560,MIAMI DADE COUNTY,Reinforced Masonry
445531,MIAMI DADE COUNTY,Masonry
133791,MIAMI DADE COUNTY,Masonry
736961,MIAMI DADE COUNTY,Masonry
529943,MIAMI DADE COUNTY,Masonry
849972,MIAMI DADE COUNTY,Masonry
689227,MIAMI DADE COUNTY,Masonry
947820,MIAMI DADE COUNTY,Masonry
666755,MIAMI DADE COUNTY,Masonry
399068,MIAMI DADE COUNTY,Masonry
405827,MIAMI DADE COUNTY,Masonry
857323,MIAMI DADE COUNTY,Reinforced Masonry
505530,MIAMI DADE COUNTY,Reinforced Masonry
269179,MIAMI DADE COUNTY,Reinforced Masonry
408794,MIAMI DADE COUNTY,Reinforced Concrete
139070,MIAMI DADE COUNTY,Reinforced Masonry
447015,MIAMI DADE COUNTY,Masonry
453982,MIAMI DADE COUNTY,Masonry
364604,MIAMI DADE COUNTY,Wood
193912,MIAMI DADE COUNTY,Reinforced Masonry
242601,MIAMI DADE COUNTY,Masonry
879671,MIAMI DADE COUNTY,Masonry
274529,MIAMI DADE COUNTY,Reinforced Masonry
116897,MIAMI DADE COUNTY,Masonry
189657,MIAMI DADE COUNTY,Reinforced Masonry
428208,MIAMI DADE COUNTY,Reinforced Masonry
148861,MIAMI DADE COUNTY,Reinforced Concrete
160949,MIAMI DADE COUNTY,Wood
978133,MIAMI DADE COUNTY,Masonry
323111,MIAMI DADE COUNTY,Wood
399135,MIAMI DADE COUNTY,Masonry
506379,MIAMI DADE COUNTY,Masonry
118739,MIAMI DADE COUNTY,Reinforced Masonry
215502,MIAMI DADE COUNTY,Reinforced Masonry
701832,MIAMI DADE COUNTY,Reinforced Masonry
525990,MIAMI DADE COUNTY,Reinforced Masonry
216293,MIAMI DADE COUNTY,Masonry
340992,MIAMI DADE COUNTY,Masonry
241873,MIAMI DADE COUNTY,Masonry
436778,MIAMI DADE COUNTY,Wood
628136,MIAMI DADE COUNTY,Wood
478892,MIAMI DADE COUNTY,Masonry
174450,MIAMI DADE COUNTY,Wood
494357,MIAMI DADE COUNTY,Masonry
117192,MIAMI DADE COUNTY,Wood
785109,MIAMI DADE COUNTY,Masonry
199116,MIAMI DADE COUNTY,Wood
761958,MIAMI DADE COUNTY,Wood
300907,MIAMI DADE COUNTY,Reinforced Concrete
568362,MIAMI DADE COUNTY,Masonry
798535,MIAMI DADE COUNTY,Wood
700964,MIAMI DADE COUNTY,Wood
735723,MIAMI DADE COUNTY,Reinforced Masonry
616833,MIAMI DADE COUNTY,Reinforced Concrete
251895,MIAMI DADE COUNTY,Wood
793812,MIAMI DADE COUNTY,Reinforced Masonry
251805,MIAMI DADE COUNTY,Masonry
384147,MIAMI DADE COUNTY,Masonry
983549,MIAMI DADE COUNTY,Masonry
222597,MIAMI DADE COUNTY,Masonry
624847,MIAMI DADE COUNTY,Reinforced Concrete
176836,MIAMI DADE COUNTY,Wood
545252,MIAMI DADE COUNTY,Reinforced Masonry
637466,MIAMI DADE COUNTY,Masonry
639817,MIAMI DADE COUNTY,Reinforced Masonry
123605,MIAMI DADE COUNTY,Reinforced Masonry
217628,MIAMI DADE COUNTY,Reinforced Masonry
399679,MIAMI DADE COUNTY,Wood
119629,MIAMI DADE COUNTY,Wood
505174,MIAMI DADE COUNTY,Reinforced Masonry
202772,MIAMI DADE COUNTY,Masonry
760765,MIAMI DADE COUNTY,Masonry
536810,MIAMI DADE COUNTY,Reinforced Masonry
535774,MIAMI DADE COUNTY,Reinforced Masonry
765256,MIAMI DADE COUNTY,Masonry
440271,MIAMI DADE COUNTY,Masonry
688195,MIAMI DADE COUNTY,Masonry
702567,MIAMI DADE COUNTY,Masonry
639017,MIAMI DADE COUNTY,Masonry
602119,MIAMI DADE COUNTY,Masonry
373705,MIAMI DADE COUNTY,Masonry
975774,MIAMI DADE COUNTY,Masonry
728422,MIAMI DADE COUNTY,Masonry
250517,MIAMI DADE COUNTY,Masonry
651081,MIAMI DADE COUNTY,Wood
647245,MIAMI DADE COUNTY,Wood
512660,MIAMI DADE COUNTY,Masonry
768691,MIAMI DADE COUNTY,Masonry
138999,MIAMI DADE COUNTY,Wood
417060,MIAMI DADE COUNTY,Wood
303565,MIAMI DADE COUNTY,Wood
936268,MIAMI DADE COUNTY,Masonry
708741,MIAMI DADE COUNTY,Masonry
894786,MIAMI DADE COUNTY,Wood
368669,MIAMI DADE COUNTY,Wood
661230,MIAMI DADE COUNTY,Reinforced Masonry
809066,MIAMI DADE COUNTY,Masonry
614824,MIAMI DADE COUNTY,Reinforced Masonry
796154,MIAMI DADE COUNTY,Masonry
389573,MIAMI DADE COUNTY,Masonry
964248,MIAMI DADE COUNTY,Reinforced Concrete
717263,MIAMI DADE COUNTY,Masonry
685214,MIAMI DADE COUNTY,Reinforced Masonry
300511,MIAMI DADE COUNTY,Masonry
868867,MIAMI DADE COUNTY,Wood
673701,MIAMI DADE COUNTY,Wood
238722,MIAMI DADE COUNTY,Masonry
180567,MIAMI DADE COUNTY,Wood
991369,MIAMI DADE COUNTY,Masonry
451635,MIAMI DADE COUNTY,Masonry
202791,MIAMI DADE COUNTY,Masonry
871747,MIAMI DADE COUNTY,Reinforced Masonry
277718,MIAMI DADE COUNTY,Masonry
923681,MIAMI DADE COUNTY,Masonry
762417,MIAMI DADE COUNTY,Masonry
301438,MIAMI DADE COUNTY,Masonry
270139,MIAMI DADE COUNTY,Wood
908344,MIAMI DADE COUNTY,Wood
267834,MIAMI DADE COUNTY,Wood
527995,MIAMI DADE COUNTY,Reinforced Masonry
904367,MIAMI DADE COUNTY,Masonry
627801,MIAMI DADE COUNTY,Wood
664844,MIAMI DADE COUNTY,Masonry
684235,MIAMI DADE COUNTY,Reinforced Masonry
737082,MIAMI DADE COUNTY,Reinforced Masonry
954501,MIAMI DADE COUNTY,Reinforced Concrete
403207,MIAMI DADE COUNTY,Wood
579127,MIAMI DADE COUNTY,Masonry
381837,MIAMI DADE COUNTY,Wood
748873,MIAMI DADE COUNTY,Wood
636935,MIAMI DADE COUNTY,Reinforced Concrete
426419,MIAMI DADE COUNTY,Masonry
789097,MIAMI DADE COUNTY,Masonry
611053,MIAMI DADE COUNTY,Reinforced Masonry
236609,MIAMI DADE COUNTY,Reinforced Masonry
607565,MIAMI DADE COUNTY,Reinforced Masonry
103275,MIAMI DADE COUNTY,Reinforced Masonry
720946,MIAMI DADE COUNTY,Reinforced Masonry
141201,MIAMI DADE COUNTY,Reinforced Masonry
474220,MIAMI DADE COUNTY,Wood
783596,MIAMI DADE COUNTY,Wood
488099,MIAMI DADE COUNTY,Reinforced Masonry
783418,MIAMI DADE COUNTY,Reinforced Masonry
590049,MIAMI DADE COUNTY,Reinforced Masonry
734179,MIAMI DADE COUNTY,Masonry
466044,MIAMI DADE COUNTY,Masonry
986627,MIAMI DADE COUNTY,Wood
348552,MIAMI DADE COUNTY,Wood
989111,MIAMI DADE COUNTY,Reinforced Masonry
777283,MIAMI DADE COUNTY,Wood
290230,MIAMI DADE COUNTY,Wood
331848,MIAMI DADE COUNTY,Reinforced Concrete
661957,MIAMI DADE COUNTY,Reinforced Masonry
238210,MIAMI DADE COUNTY,Reinforced Masonry
349972,MIAMI DADE COUNTY,Reinforced Masonry
876102,MIAMI DADE COUNTY,Wood
768907,MIAMI DADE COUNTY,Masonry
262865,MIAMI DADE COUNTY,Masonry
643644,MIAMI DADE COUNTY,Wood
831084,MIAMI DADE COUNTY,Reinforced Masonry
900344,MIAMI DADE COUNTY,Masonry
532954,MIAMI DADE COUNTY,Masonry
323707,MIAMI DADE COUNTY,Wood
216471,MIAMI DADE COUNTY,Masonry
235039,MIAMI DADE COUNTY,Masonry
257921,MIAMI DADE COUNTY,Masonry
643333,BROWARD COUNTY,Wood
593261,BROWARD COUNTY,Reinforced Masonry
295949,BROWARD COUNTY,Reinforced Masonry
529955,BROWARD COUNTY,Wood
275350,BROWARD COUNTY,Wood
442433,BROWARD COUNTY,Wood
293770,BROWARD COUNTY,Wood
944838,BROWARD COUNTY,Masonry
220357,BROWARD COUNTY,Reinforced Concrete
417944,BROWARD COUNTY,Masonry
590257,BROWARD COUNTY,Wood
841710,BROWARD COUNTY,Wood
391138,BROWARD COUNTY,Wood
248436,BROWARD COUNTY,Wood
531956,BROWARD COUNTY,Reinforced Concrete
148329,BROWARD COUNTY,Wood
734133,BROWARD COUNTY,Reinforced Masonry
573687,BROWARD COUNTY,Masonry
694537,BROWARD COUNTY,Masonry
365554,BROWARD COUNTY,Wood
987020,BROWARD COUNTY,Wood
175716,BROWARD COUNTY,Wood
591201,BROWARD COUNTY,Masonry
319790,BROWARD COUNTY,Masonry
535861,BROWARD COUNTY,Wood
985593,BROWARD COUNTY,Masonry
651558,BROWARD COUNTY,Masonry
296480,BROWARD COUNTY,Reinforced Masonry
571842,BROWARD COUNTY,Masonry
841162,BROWARD COUNTY,Masonry
341434,BROWARD COUNTY,Wood
352811,BROWARD COUNTY,Reinforced Masonry
176222,BROWARD COUNTY,Wood
104201,BROWARD COUNTY,Wood
460161,BROWARD COUNTY,Wood
431067,BROWARD COUNTY,Masonry
218303,BROWARD COUNTY,Reinforced Masonry
918670,BROWARD COUNTY,Wood
874367,BROWARD COUNTY,Masonry
488341,BROWARD COUNTY,Wood
796395,BROWARD COUNTY,Masonry
510231,BROWARD COUNTY,Wood
785158,BROWARD COUNTY,Wood
508606,BROWARD COUNTY,Wood
174903,BROWARD COUNTY,Wood
192974,BROWARD COUNTY,Reinforced Concrete
933462,BROWARD COUNTY,Masonry
756955,BROWARD COUNTY,Wood
405085,BROWARD COUNTY,Wood
825720,BROWARD COUNTY,Wood
590667,BROWARD COUNTY,Wood
150942,BROWARD COUNTY,Masonry
956627,BROWARD COUNTY,Wood
167297,BROWARD COUNTY,Wood
597383,BROWARD COUNTY,Reinforced Masonry
455671,BROWARD COUNTY,Masonry
679981,BROWARD COUNTY,Masonry
590107,BROWARD COUNTY,Wood
581792,BROWARD COUNTY,Wood
631286,BROWARD COUNTY,Wood
253937,BROWARD COUNTY,Masonry
589375,BROWARD COUNTY,Steel Frame
571316,BROWARD COUNTY,Reinforced Masonry
988801,BROWARD COUNTY,Masonry
846619,BROWARD COUNTY,Masonry
815390,BROWARD COUNTY,Wood
379411,BROWARD COUNTY,Wood
669617,BROWARD COUNTY,Wood
173162,BROWARD COUNTY,Reinforced Concrete
193064,BROWARD COUNTY,Masonry
607284,BROWARD COUNTY,Masonry
274621,BROWARD COUNTY,Masonry
585596,BROWARD COUNTY,Wood
379182,BROWARD COUNTY,Wood
353383,BROWARD COUNTY,Masonry
645416,BROWARD COUNTY,Masonry
265115,BROWARD COUNTY,Masonry
156650,BROWARD COUNTY,Masonry
342948,BROWARD COUNTY,Reinforced Masonry
469238,BROWARD COUNTY,Reinforced Masonry
613546,BROWARD COUNTY,Masonry
179796,BROWARD COUNTY,Masonry
817303,BROWARD COUNTY,Masonry
728006,BROWARD COUNTY,Masonry
804333,BROWARD COUNTY,Wood
935477,BROWARD COUNTY,Reinforced Masonry
240050,BROWARD COUNTY,Masonry
389077,BROWARD COUNTY,Masonry
256836,BROWARD COUNTY,Masonry
147391,BROWARD COUNTY,Reinforced Masonry
777356,BROWARD COUNTY,Wood
794053,BROWARD COUNTY,Wood
673089,BROWARD COUNTY,Wood
495643,BROWARD COUNTY,Wood
471675,BROWARD COUNTY,Wood
582720,BROWARD COUNTY,Wood
964110,BROWARD COUNTY,Wood
828400,BROWARD COUNTY,Masonry
185673,BROWARD COUNTY,Masonry
307951,BROWARD COUNTY,Reinforced Masonry
804430,BROWARD COUNTY,Wood
838164,BROWARD COUNTY,Wood
746742,BROWARD COUNTY,Wood
262539,BROWARD COUNTY,Wood
815662,BROWARD COUNTY,Masonry
258460,BROWARD COUNTY,Wood
749502,BROWARD COUNTY,Wood
137233,BROWARD COUNTY,Wood
746126,BROWARD COUNTY,Reinforced Masonry
125725,BROWARD COUNTY,Wood
721264,BROWARD COUNTY,Reinforced Masonry
987506,BROWARD COUNTY,Wood
649424,BROWARD COUNTY,Reinforced Masonry
882002,BROWARD COUNTY,Masonry
186779,MIAMI DADE COUNTY,Wood
257606,BROWARD COUNTY,Reinforced Masonry
903971,BROWARD COUNTY,Reinforced Masonry
717953,BROWARD COUNTY,Wood
363379,BROWARD COUNTY,Wood
121847,BROWARD COUNTY,Wood
302611,BROWARD COUNTY,Wood
839351,BROWARD COUNTY,Wood
285826,BROWARD COUNTY,Wood
687404,BROWARD COUNTY,Wood
249164,BROWARD COUNTY,Wood
504416,BROWARD COUNTY,Wood
916882,BROWARD COUNTY,Wood
870171,BROWARD COUNTY,Wood
205363,BROWARD COUNTY,Wood
722970,BROWARD COUNTY,Wood
306340,BROWARD COUNTY,Wood
305559,BROWARD COUNTY,Wood
342628,BROWARD COUNTY,Wood
917720,BROWARD COUNTY,Wood
190526,BROWARD COUNTY,Wood
575286,BROWARD COUNTY,Wood
553967,BROWARD COUNTY,Wood
878979,BROWARD COUNTY,Wood
507707,BROWARD COUNTY,Wood
586753,BROWARD COUNTY,Wood
839638,BROWARD COUNTY,Masonry
766776,BROWARD COUNTY,Wood
696151,BROWARD COUNTY,Wood
972000,BROWARD COUNTY,Wood
753658,BROWARD COUNTY,Wood
919916,BROWARD COUNTY,Wood
444748,BROWARD COUNTY,Wood
125307,BROWARD COUNTY,Wood
968850,BROWARD COUNTY,Wood
609792,BROWARD COUNTY,Wood
163933,BROWARD COUNTY,Wood
976048,BROWARD COUNTY,Wood
843286,BROWARD COUNTY,Masonry
631017,BROWARD COUNTY,Wood
700861,BROWARD COUNTY,Masonry
470783,BROWARD COUNTY,Masonry
199844,BROWARD COUNTY,Masonry
761711,BROWARD COUNTY,Masonry
763792,BROWARD COUNTY,Masonry
235019,BROWARD COUNTY,Masonry
548112,BROWARD COUNTY,Masonry
724118,BROWARD COUNTY,Masonry
610087,BROWARD COUNTY,Masonry
587342,BROWARD COUNTY,Masonry
690589,BROWARD COUNTY,Masonry
364971,BROWARD COUNTY,Reinforced Masonry
248232,BROWARD COUNTY,Reinforced Masonry
400443,BROWARD COUNTY,Masonry
355595,BROWARD COUNTY,Wood
657977,BROWARD COUNTY,Masonry
995077,BROWARD COUNTY,Wood
928829,BROWARD COUNTY,Wood
319492,BROWARD COUNTY,Masonry
863903,BROWARD COUNTY,Reinforced Concrete
487433,BROWARD COUNTY,Wood
760909,BROWARD COUNTY,Wood
644607,BROWARD COUNTY,Wood
594381,BROWARD COUNTY,Wood
655843,BROWARD COUNTY,Wood
556089,BROWARD COUNTY,Masonry
833353,BROWARD COUNTY,Masonry
405261,BROWARD COUNTY,Masonry
277539,BROWARD COUNTY,Masonry
705161,BROWARD COUNTY,Masonry
288100,BROWARD COUNTY,Wood
177636,BROWARD COUNTY,Wood
453673,BROWARD COUNTY,Reinforced Masonry
490238,BROWARD COUNTY,Masonry
442561,BROWARD COUNTY,Masonry
392677,BROWARD COUNTY,Wood
500236,BROWARD COUNTY,Masonry
714312,BROWARD COUNTY,Reinforced Masonry
695432,BROWARD COUNTY,Reinforced Masonry
370760,BROWARD COUNTY,Reinforced Masonry
678433,BROWARD COUNTY,Reinforced Masonry
854054,BROWARD COUNTY,Wood
643040,BROWARD COUNTY,Wood
499221,BROWARD COUNTY,Wood
706303,BROWARD COUNTY,Wood
494358,BROWARD COUNTY,Wood
267225,BROWARD COUNTY,Wood
807574,BROWARD COUNTY,Wood
160977,BROWARD COUNTY,Masonry
253879,BROWARD COUNTY,Wood
556831,BROWARD COUNTY,Masonry
441157,BROWARD COUNTY,Wood
841136,BROWARD COUNTY,Wood
391730,BROWARD COUNTY,Wood
882440,BROWARD COUNTY,Masonry
175913,BROWARD COUNTY,Steel Frame
574057,BROWARD COUNTY,Wood
482953,BROWARD COUNTY,Wood
740571,BROWARD COUNTY,Masonry
288722,BROWARD COUNTY,Wood
628748,BROWARD COUNTY,Masonry
360852,BROWARD COUNTY,Wood
109345,BROWARD COUNTY,Wood
618660,BROWARD COUNTY,Wood
738614,BROWARD COUNTY,Wood
276058,BROWARD COUNTY,Wood
534278,BROWARD COUNTY,Wood
476179,BROWARD COUNTY,Wood
649431,BROWARD COUNTY,Wood
286487,BROWARD COUNTY,Wood
465048,BROWARD COUNTY,Wood
167736,BROWARD COUNTY,Wood
124525,BROWARD COUNTY,Wood
729382,BROWARD COUNTY,Masonry
192126,BROWARD COUNTY,Masonry
379039,BROWARD COUNTY,Wood
504480,BROWARD COUNTY,Wood
374180,BROWARD COUNTY,Wood
250214,BROWARD COUNTY,Wood
251997,BROWARD COUNTY,Reinforced Masonry
572651,BROWARD COUNTY,Reinforced Masonry
310709,BROWARD COUNTY,Reinforced Masonry
425984,BROWARD COUNTY,Masonry
273352,BROWARD COUNTY,Reinforced Masonry
108669,BROWARD COUNTY,Reinforced Masonry
114373,BROWARD COUNTY,Masonry
715696,BROWARD COUNTY,Wood
386601,BROWARD COUNTY,Wood
633186,BROWARD COUNTY,Masonry
433349,BROWARD COUNTY,Wood
148203,BROWARD COUNTY,Wood
958509,BROWARD COUNTY,Wood
990625,BROWARD COUNTY,Masonry
890045,BROWARD COUNTY,Masonry
645585,BROWARD COUNTY,Wood
861134,BROWARD COUNTY,Wood
737886,BROWARD COUNTY,Wood
372763,BROWARD COUNTY,Wood
791146,BROWARD COUNTY,Wood
841579,BROWARD COUNTY,Masonry
194928,BROWARD COUNTY,Wood
127973,BROWARD COUNTY,Wood
606015,BROWARD COUNTY,Wood
536921,BROWARD COUNTY,Wood
127394,BROWARD COUNTY,Wood
799807,BROWARD COUNTY,Wood
384005,BROWARD COUNTY,Masonry
399474,BROWARD COUNTY,Reinforced Concrete
469880,BROWARD COUNTY,Reinforced Concrete
559887,BROWARD COUNTY,Reinforced Masonry
636015,BROWARD COUNTY,Reinforced Masonry
563524,BROWARD COUNTY,Reinforced Masonry
124195,BROWARD COUNTY,Reinforced Masonry
287254,BROWARD COUNTY,Reinforced Masonry
664013,BROWARD COUNTY,Masonry
617631,BROWARD COUNTY,Masonry
357885,BROWARD COUNTY,Masonry
585381,BROWARD COUNTY,Masonry
189336,BROWARD COUNTY,Masonry
704237,BROWARD COUNTY,Masonry
654967,BROWARD COUNTY,Masonry
692107,BROWARD COUNTY,Reinforced Masonry
142752,BROWARD COUNTY,Reinforced Masonry
466037,BROWARD COUNTY,Reinforced Masonry
757810,BROWARD COUNTY,Reinforced Masonry
705752,BROWARD COUNTY,Reinforced Masonry
448027,BROWARD COUNTY,Reinforced Masonry
689160,BROWARD COUNTY,Reinforced Masonry
888365,BROWARD COUNTY,Wood
331168,BROWARD COUNTY,Wood
392108,BROWARD COUNTY,Wood
527652,BROWARD COUNTY,Wood
105622,BROWARD COUNTY,Wood
891545,BROWARD COUNTY,Wood
435646,BROWARD COUNTY,Wood
669955,BROWARD COUNTY,Wood
980080,BROWARD COUNTY,Wood
103369,BROWARD COUNTY,Wood
953637,BROWARD COUNTY,Wood
975299,BROWARD COUNTY,Masonry
742867,BROWARD COUNTY,Wood
590884,BROWARD COUNTY,Reinforced Masonry
273443,BROWARD COUNTY,Reinforced Masonry
601409,BROWARD COUNTY,Reinforced Masonry
150569,BROWARD COUNTY,Reinforced Masonry
386899,BROWARD COUNTY,Reinforced Masonry
907889,BROWARD COUNTY,Reinforced Masonry
409229,BROWARD COUNTY,Reinforced Masonry
397789,BROWARD COUNTY,Reinforced Masonry
126286,BROWARD COUNTY,Reinforced Masonry
505260,BROWARD COUNTY,Reinforced Masonry
593790,BROWARD COUNTY,Reinforced Masonry
768491,BROWARD COUNTY,Reinforced Masonry
905956,BROWARD COUNTY,Reinforced Masonry
386807,BROWARD COUNTY,Reinforced Masonry
854038,BROWARD COUNTY,Reinforced Masonry
702826,BROWARD COUNTY,Reinforced Masonry
931094,BROWARD COUNTY,Reinforced Masonry
606676,BROWARD COUNTY,Reinforced Masonry
263126,BROWARD COUNTY,Reinforced Masonry
109476,BROWARD COUNTY,Reinforced Masonry
556384,BROWARD COUNTY,Reinforced Masonry
627297,BROWARD COUNTY,Reinforced Masonry
741891,BROWARD COUNTY,Masonry
104356,BROWARD COUNTY,Masonry
921836,BROWARD COUNTY,Reinforced Masonry
896118,BROWARD COUNTY,Wood
909803,BROWARD COUNTY,Reinforced Concrete
536931,BROWARD COUNTY,Wood
441192,BROWARD COUNTY,Masonry
326959,BROWARD COUNTY,Masonry
655892,BROWARD COUNTY,Masonry
309884,BROWARD COUNTY,Wood
691580,BROWARD COUNTY,Reinforced Concrete
744638,BROWARD COUNTY,Reinforced Masonry
439511,BROWARD COUNTY,Masonry
955393,BROWARD COUNTY,Masonry
107440,BROWARD COUNTY,Reinforced Masonry
294396,BROWARD COUNTY,Reinforced Concrete
682294,BROWARD COUNTY,Reinforced Masonry
612425,BROWARD COUNTY,Reinforced Masonry
590374,BROWARD COUNTY,Reinforced Masonry
253110,BROWARD COUNTY,Masonry
344891,BROWARD COUNTY,Steel Frame
519633,BROWARD COUNTY,Reinforced Masonry
831681,BROWARD COUNTY,Masonry
983466,BROWARD COUNTY,Reinforced Masonry
861136,BROWARD COUNTY,Wood
205539,BROWARD COUNTY,Steel Frame
795294,BROWARD COUNTY,Wood
527590,BROWARD COUNTY,Wood
516927,BROWARD COUNTY,Reinforced Masonry
563338,BROWARD COUNTY,Wood
238352,BROWARD COUNTY,Reinforced Concrete
992280,BROWARD COUNTY,Reinforced Masonry
134900,BROWARD COUNTY,Reinforced Masonry
834240,BROWARD COUNTY,Reinforced Masonry
264789,BROWARD COUNTY,Masonry
159261,BROWARD COUNTY,Masonry
633141,BROWARD COUNTY,Reinforced Concrete
373566,BROWARD COUNTY,Wood
675149,BROWARD COUNTY,Wood
126874,BROWARD COUNTY,Wood
768852,BROWARD COUNTY,Reinforced Masonry
732877,BROWARD COUNTY,Reinforced Masonry
445291,BROWARD COUNTY,Reinforced Masonry
697728,BROWARD COUNTY,Masonry
288624,BROWARD COUNTY,Wood
267332,BROWARD COUNTY,Reinforced Concrete
584344,BROWARD COUNTY,Wood
705516,BROWARD COUNTY,Wood
610244,BROWARD COUNTY,Wood
455069,BROWARD COUNTY,Wood
476354,BROWARD COUNTY,Wood
560654,BROWARD COUNTY,Wood
770297,BROWARD COUNTY,Masonry
662806,BROWARD COUNTY,Wood
269461,BROWARD COUNTY,Wood
850433,BROWARD COUNTY,Wood
589498,BROWARD COUNTY,Reinforced Concrete
376813,BROWARD COUNTY,Steel Frame
497145,BROWARD COUNTY,Wood
819543,BROWARD COUNTY,Reinforced Masonry
938757,BROWARD COUNTY,Wood
760208,BROWARD COUNTY,Masonry
531966,BROWARD COUNTY,Masonry
885268,BROWARD COUNTY,Masonry
865302,BROWARD COUNTY,Wood
236834,BROWARD COUNTY,Masonry
357660,BROWARD COUNTY,Reinforced Masonry
525881,BROWARD COUNTY,Wood
532540,BROWARD COUNTY,Wood
433694,BROWARD COUNTY,Masonry
375144,BROWARD COUNTY,Reinforced Masonry
616091,BROWARD COUNTY,Reinforced Concrete
622504,BROWARD COUNTY,Wood
332167,BROWARD COUNTY,Masonry
703432,BROWARD COUNTY,Wood
939531,BROWARD COUNTY,Reinforced Masonry
772520,BROWARD COUNTY,Masonry
934876,BROWARD COUNTY,Reinforced Masonry
799706,BROWARD COUNTY,Masonry
619500,BROWARD COUNTY,Masonry
476422,BROWARD COUNTY,Masonry
224006,BROWARD COUNTY,Masonry
688601,BROWARD COUNTY,Masonry
440718,BROWARD COUNTY,Masonry
696990,BROWARD COUNTY,Masonry
806964,BROWARD COUNTY,Reinforced Concrete
900989,BROWARD COUNTY,Reinforced Concrete
176189,BROWARD COUNTY,Reinforced Concrete
203447,BROWARD COUNTY,Reinforced Concrete
832544,BROWARD COUNTY,Masonry
594025,BROWARD COUNTY,Reinforced Masonry
715149,BROWARD COUNTY,Wood
494457,BROWARD COUNTY,Wood
364167,BROWARD COUNTY,Reinforced Concrete
671554,BROWARD COUNTY,Wood
391944,BROWARD COUNTY,Wood
513976,BROWARD COUNTY,Wood
646986,BROWARD COUNTY,Masonry
513838,BROWARD COUNTY,Masonry
976666,BROWARD COUNTY,Masonry
972872,BROWARD COUNTY,Wood
648682,BROWARD COUNTY,Wood
924889,BROWARD COUNTY,Reinforced Masonry
179954,BROWARD COUNTY,Wood
962507,BROWARD COUNTY,Wood
400178,BROWARD COUNTY,Wood
666274,BROWARD COUNTY,Reinforced Masonry
277323,BROWARD COUNTY,Wood
796219,BROWARD COUNTY,Masonry
251158,BROWARD COUNTY,Masonry
276140,BROWARD COUNTY,Masonry
839808,BROWARD COUNTY,Masonry
870483,BROWARD COUNTY,Masonry
800557,BROWARD COUNTY,Masonry
329002,BROWARD COUNTY,Reinforced Concrete
466061,BROWARD COUNTY,Reinforced Concrete
472243,BROWARD COUNTY,Masonry
150587,BROWARD COUNTY,Reinforced Masonry
453218,BROWARD COUNTY,Reinforced Masonry
429170,BROWARD COUNTY,Wood
718828,BROWARD COUNTY,Steel Frame
399405,BROWARD COUNTY,Wood
536122,BROWARD COUNTY,Wood
263180,BROWARD COUNTY,Wood
564540,BROWARD COUNTY,Wood
512052,BROWARD COUNTY,Masonry
264521,BROWARD COUNTY,Wood
277298,BROWARD COUNTY,Wood
581251,BROWARD COUNTY,Wood
124957,BROWARD COUNTY,Wood
300131,BROWARD COUNTY,Wood
502844,BROWARD COUNTY,Wood
922020,BROWARD COUNTY,Wood
293373,BROWARD COUNTY,Masonry
533522,BROWARD COUNTY,Wood
215761,BROWARD COUNTY,Masonry
891774,BROWARD COUNTY,Wood
120010,BROWARD COUNTY,Masonry
244283,BROWARD COUNTY,Wood
741157,BROWARD COUNTY,Wood
300553,MIAMI DADE COUNTY,Wood
667568,MIAMI DADE COUNTY,Wood
624997,MIAMI DADE COUNTY,Wood
347488,MIAMI DADE COUNTY,Wood
781056,MIAMI DADE COUNTY,Masonry
119042,MIAMI DADE COUNTY,Wood
602553,MIAMI DADE COUNTY,Wood
231617,MIAMI DADE COUNTY,Reinforced Concrete
334469,MIAMI DADE COUNTY,Masonry
314589,MIAMI DADE COUNTY,Masonry
377407,MIAMI DADE COUNTY,Masonry
737712,MIAMI DADE COUNTY,Wood
263141,MIAMI DADE COUNTY,Wood
296299,MIAMI DADE COUNTY,Wood
657904,MIAMI DADE COUNTY,Masonry
644122,MIAMI DADE COUNTY,Masonry
413811,MIAMI DADE COUNTY,Masonry
735309,MIAMI DADE COUNTY,Reinforced Masonry
937055,MIAMI DADE COUNTY,Masonry
949447,MIAMI DADE COUNTY,Masonry
722245,MIAMI DADE COUNTY,Masonry
184229,MIAMI DADE COUNTY,Masonry
513424,MIAMI DADE COUNTY,Masonry
909266,MIAMI DADE COUNTY,Masonry
191241,MIAMI DADE COUNTY,Wood
394352,MIAMI DADE COUNTY,Wood
416155,MIAMI DADE COUNTY,Wood
321663,MIAMI DADE COUNTY,Wood
198855,MIAMI DADE COUNTY,Wood
634464,MIAMI DADE COUNTY,Reinforced Masonry
924352,MIAMI DADE COUNTY,Reinforced Masonry
268948,MIAMI DADE COUNTY,Wood
349946,MIAMI DADE COUNTY,Wood
240060,MIAMI DADE COUNTY,Wood
737190,MIAMI DADE COUNTY,Masonry
572839,MIAMI DADE COUNTY,Wood
173931,MIAMI DADE COUNTY,Masonry
960004,MIAMI DADE COUNTY,Wood
192904,MIAMI DADE COUNTY,Masonry
960289,MIAMI DADE COUNTY,Wood
453431,MIAMI DADE COUNTY,Masonry
116559,MIAMI DADE COUNTY,Wood
296976,MIAMI DADE COUNTY,Masonry
640744,MIAMI DADE COUNTY,Masonry
502553,MIAMI DADE COUNTY,Masonry
565094,MIAMI DADE COUNTY,Masonry
690582,MIAMI DADE COUNTY,Reinforced Masonry
803574,MIAMI DADE COUNTY,Masonry
183421,MIAMI DADE COUNTY,Wood
983364,MIAMI DADE COUNTY,Reinforced Masonry
618658,MIAMI DADE COUNTY,Reinforced Concrete
318955,MIAMI DADE COUNTY,Wood
526795,MIAMI DADE COUNTY,Reinforced Masonry
645606,MIAMI DADE COUNTY,Masonry
197911,MIAMI DADE COUNTY,Reinforced Masonry
784179,MIAMI DADE COUNTY,Reinforced Masonry
157945,MIAMI DADE COUNTY,Masonry
318225,MIAMI DADE COUNTY,Masonry
406432,MIAMI DADE COUNTY,Masonry
891239,MIAMI DADE COUNTY,Masonry
573816,MIAMI DADE COUNTY,Masonry
882918,MIAMI DADE COUNTY,Masonry
621110,MIAMI DADE COUNTY,Masonry
677297,MIAMI DADE COUNTY,Masonry
289796,MIAMI DADE COUNTY,Masonry
410865,MIAMI DADE COUNTY,Masonry
797971,MIAMI DADE COUNTY,Masonry
883536,MIAMI DADE COUNTY,Masonry
100926,MIAMI DADE COUNTY,Masonry
429087,MIAMI DADE COUNTY,Masonry
521670,MIAMI DADE COUNTY,Masonry
747578,MIAMI DADE COUNTY,Masonry
217896,MIAMI DADE COUNTY,Wood
539024,MIAMI DADE COUNTY,Wood
801714,MIAMI DADE COUNTY,Wood
938218,MIAMI DADE COUNTY,Wood
734860,MIAMI DADE COUNTY,Masonry
409492,MIAMI DADE COUNTY,Reinforced Masonry
581699,MIAMI DADE COUNTY,Masonry
699765,MIAMI DADE COUNTY,Masonry
299698,MIAMI DADE COUNTY,Wood
402081,MIAMI DADE COUNTY,Masonry
974082,MIAMI DADE COUNTY,Wood
663198,MIAMI DADE COUNTY,Masonry
209995,MIAMI DADE COUNTY,Wood
147861,MIAMI DADE COUNTY,Wood
117510,MIAMI DADE COUNTY,Wood
182746,MIAMI DADE COUNTY,Masonry
837665,MIAMI DADE COUNTY,Masonry
897076,MIAMI DADE COUNTY,Reinforced Masonry
172212,MIAMI DADE COUNTY,Masonry
640195,MIAMI DADE COUNTY,Masonry
785679,MIAMI DADE COUNTY,Masonry
788690,MIAMI DADE COUNTY,Wood
879182,MIAMI DADE COUNTY,Reinforced Masonry
702300,MIAMI DADE COUNTY,Masonry
506271,MIAMI DADE COUNTY,Wood
641340,MIAMI DADE COUNTY,Wood
949927,MIAMI DADE COUNTY,Masonry
519565,MIAMI DADE COUNTY,Wood
349643,MIAMI DADE COUNTY,Wood
613148,MIAMI DADE COUNTY,Wood
335784,MIAMI DADE COUNTY,Wood
917581,MIAMI DADE COUNTY,Wood
649081,MIAMI DADE COUNTY,Wood
642526,MIAMI DADE COUNTY,Masonry
252620,MIAMI DADE COUNTY,Wood
435317,MIAMI DADE COUNTY,Masonry
793370,MIAMI DADE COUNTY,Wood
553572,MIAMI DADE COUNTY,Wood
321850,MIAMI DADE COUNTY,Wood
905348,MIAMI DADE COUNTY,Wood
588704,MIAMI DADE COUNTY,Wood
336834,MIAMI DADE COUNTY,Wood
984987,MIAMI DADE COUNTY,Wood
363161,MIAMI DADE COUNTY,Wood
517826,MIAMI DADE COUNTY,Wood
636066,MIAMI DADE COUNTY,Wood
230021,MIAMI DADE COUNTY,Wood
836470,MIAMI DADE COUNTY,Masonry
451722,MIAMI DADE COUNTY,Wood
966761,MIAMI DADE COUNTY,Masonry
990570,MIAMI DADE COUNTY,Wood
119099,MIAMI DADE COUNTY,Wood
463375,MIAMI DADE COUNTY,Wood
151244,MIAMI DADE COUNTY,Wood
908759,MIAMI DADE COUNTY,Wood
311046,MIAMI DADE COUNTY,Masonry
591188,MIAMI DADE COUNTY,Wood
444998,MIAMI DADE COUNTY,Wood
577987,MIAMI DADE COUNTY,Wood
248107,MIAMI DADE COUNTY,Wood
504277,MIAMI DADE COUNTY,Masonry
525461,MIAMI DADE COUNTY,Masonry
311997,MIAMI DADE COUNTY,Masonry
188259,MIAMI DADE COUNTY,Masonry
602450,MIAMI DADE COUNTY,Masonry
486025,MIAMI DADE COUNTY,Reinforced Concrete
404710,MIAMI DADE COUNTY,Reinforced Masonry
824305,MIAMI DADE COUNTY,Masonry
567738,MIAMI DADE COUNTY,Masonry
152278,MIAMI DADE COUNTY,Wood
513596,MIAMI DADE COUNTY,Wood
454155,MIAMI DADE COUNTY,Wood
981041,MIAMI DADE COUNTY,Wood
765780,MIAMI DADE COUNTY,Wood
204200,MIAMI DADE COUNTY,Wood
469777,MIAMI DADE COUNTY,Wood
385046,MIAMI DADE COUNTY,Wood
374766,MIAMI DADE COUNTY,Masonry
752962,MIAMI DADE COUNTY,Masonry
887159,MIAMI DADE COUNTY,Wood
232174,MIAMI DADE COUNTY,Wood
510419,MIAMI DADE COUNTY,Wood
453093,MIAMI DADE COUNTY,Wood
784713,MIAMI DADE COUNTY,Wood
745725,MIAMI DADE COUNTY,Masonry
321647,MIAMI DADE COUNTY,Wood
327722,MIAMI DADE COUNTY,Wood
819301,MIAMI DADE COUNTY,Masonry
405239,MIAMI DADE COUNTY,Masonry
435784,MIAMI DADE COUNTY,Wood
507655,MIAMI DADE COUNTY,Wood
828673,MIAMI DADE COUNTY,Wood
136303,MIAMI DADE COUNTY,Masonry
192001,MIAMI DADE COUNTY,Wood
734807,MIAMI DADE COUNTY,Wood
784373,MIAMI DADE COUNTY,Wood
592676,MIAMI DADE COUNTY,Wood
619442,MIAMI DADE COUNTY,Reinforced Masonry
172161,MIAMI DADE COUNTY,Reinforced Masonry
297012,MIAMI DADE COUNTY,Wood
483921,MIAMI DADE COUNTY,Wood
844829,MIAMI DADE COUNTY,Wood
725606,MIAMI DADE COUNTY,Wood
846859,MIAMI DADE COUNTY,Reinforced Concrete
156895,MIAMI DADE COUNTY,Masonry
886785,MIAMI DADE COUNTY,Masonry
102964,MIAMI DADE COUNTY,Reinforced Masonry
772601,MIAMI DADE COUNTY,Wood
479651,MIAMI DADE COUNTY,Wood
104126,MIAMI DADE COUNTY,Masonry
976295,MIAMI DADE COUNTY,Reinforced Masonry
898320,MIAMI DADE COUNTY,Wood
954019,MIAMI DADE COUNTY,Wood
960072,MIAMI DADE COUNTY,Reinforced Masonry
225970,MIAMI DADE COUNTY,Masonry
162311,MIAMI DADE COUNTY,Reinforced Masonry
966845,MIAMI DADE COUNTY,Reinforced Masonry
246021,MIAMI DADE COUNTY,Masonry
755511,MIAMI DADE COUNTY,Masonry
201721,MIAMI DADE COUNTY,Masonry
552250,MIAMI DADE COUNTY,Masonry
710164,MIAMI DADE COUNTY,Masonry
840305,MIAMI DADE COUNTY,Masonry
340340,MIAMI DADE COUNTY,Masonry
303617,MIAMI DADE COUNTY,Wood
302520,MIAMI DADE COUNTY,Reinforced Masonry
742511,MIAMI DADE COUNTY,Wood
773053,MIAMI DADE COUNTY,Masonry
682028,MIAMI DADE COUNTY,Masonry
886360,MIAMI DADE COUNTY,Masonry
711748,MIAMI DADE COUNTY,Masonry
335853,MIAMI DADE COUNTY,Wood
975106,MIAMI DADE COUNTY,Wood
156537,MIAMI DADE COUNTY,Wood
502992,MIAMI DADE COUNTY,Masonry
149531,MIAMI DADE COUNTY,Masonry
263649,MIAMI DADE COUNTY,Wood
474498,MIAMI DADE COUNTY,Wood
889174,MIAMI DADE COUNTY,Wood
771660,MIAMI DADE COUNTY,Wood
483244,MIAMI DADE COUNTY,Wood
351629,MIAMI DADE COUNTY,Wood
945648,MIAMI DADE COUNTY,Reinforced Masonry
167292,MIAMI DADE COUNTY,Wood
251654,MIAMI DADE COUNTY,Wood
648634,MIAMI DADE COUNTY,Wood
550675,MIAMI DADE COUNTY,Masonry
934243,MIAMI DADE COUNTY,Masonry
379534,MIAMI DADE COUNTY,Wood
831113,MIAMI DADE COUNTY,Wood
376804,MIAMI DADE COUNTY,Wood
788105,MIAMI DADE COUNTY,Reinforced Concrete
266807,MIAMI DADE COUNTY,Masonry
250844,MIAMI DADE COUNTY,Reinforced Concrete
665643,MIAMI DADE COUNTY,Masonry
946042,MIAMI DADE COUNTY,Masonry
969270,MIAMI DADE COUNTY,Masonry
422600,MIAMI DADE COUNTY,Masonry
342863,MIAMI DADE COUNTY,Wood
178913,MIAMI DADE COUNTY,Wood
973778,MIAMI DADE COUNTY,Wood
413692,MIAMI DADE COUNTY,Wood
164522,MIAMI DADE COUNTY,Masonry
567316,MIAMI DADE COUNTY,Masonry
850657,MIAMI DADE COUNTY,Masonry
605106,MIAMI DADE COUNTY,Wood
678297,MIAMI DADE COUNTY,Masonry
731761,MIAMI DADE COUNTY,Wood
366288,MIAMI DADE COUNTY,Masonry
386791,MIAMI DADE COUNTY,Wood
888004,MIAMI DADE COUNTY,Masonry
754069,MIAMI DADE COUNTY,Wood
407297,MIAMI DADE COUNTY,Wood
796192,MONROE COUNTY,Wood
423775,MONROE COUNTY,Wood
830141,MONROE COUNTY,Masonry
115853,MONROE COUNTY,Masonry
505349,MONROE COUNTY,Masonry
966001,MONROE COUNTY,Wood
952592,MONROE COUNTY,Masonry
795244,MONROE COUNTY,Wood
477208,MONROE COUNTY,Wood
142395,MONROE COUNTY,Masonry
126033,MONROE COUNTY,Wood
875293,MONROE COUNTY,Reinforced Masonry
378176,MONROE COUNTY,Masonry
480736,MONROE COUNTY,Reinforced Concrete
409044,MONROE COUNTY,Reinforced Masonry
730510,MONROE COUNTY,Masonry
754284,MONROE COUNTY,Reinforced Masonry
540349,MONROE COUNTY,Masonry
426326,MONROE COUNTY,Reinforced Masonry
231103,MONROE COUNTY,Masonry
763273,MONROE COUNTY,Wood
304751,MONROE COUNTY,Reinforced Masonry
558829,MONROE COUNTY,Masonry
412669,MONROE COUNTY,Wood
912123,MONROE COUNTY,Masonry
596803,MONROE COUNTY,Masonry
797670,MONROE COUNTY,Reinforced Masonry
762253,MONROE COUNTY,Masonry
657379,MONROE COUNTY,Reinforced Masonry
321103,MONROE COUNTY,Masonry
296609,MONROE COUNTY,Reinforced Masonry
527239,MONROE COUNTY,Wood
792674,MONROE COUNTY,Reinforced Masonry
245428,MONROE COUNTY,Masonry
277283,MONROE COUNTY,Reinforced Masonry
113635,MONROE COUNTY,Masonry
101504,MONROE COUNTY,Reinforced Concrete
199163,MONROE COUNTY,Wood
836396,MONROE COUNTY,Wood
696558,MONROE COUNTY,Wood
674139,MIAMI DADE COUNTY,Masonry
727322,MIAMI DADE COUNTY,Wood
346730,MIAMI DADE COUNTY,Masonry
366523,MIAMI DADE COUNTY,Reinforced Masonry
903192,MIAMI DADE COUNTY,Masonry
940013,MIAMI DADE COUNTY,Wood
530178,MONROE COUNTY,Reinforced Concrete
900412,MONROE COUNTY,Steel Frame
741760,MONROE COUNTY,Masonry
268679,MONROE COUNTY,Reinforced Masonry
444368,MONROE COUNTY,Reinforced Masonry
567736,MONROE COUNTY,Masonry
207500,MONROE COUNTY,Wood
982605,MONROE COUNTY,Wood
936778,MONROE COUNTY,Wood
311671,MONROE COUNTY,Reinforced Masonry
240428,MONROE COUNTY,Wood
544076,MONROE COUNTY,Wood
473092,MONROE COUNTY,Masonry
274857,MONROE COUNTY,Wood
306559,MONROE COUNTY,Reinforced Masonry
762248,MONROE COUNTY,Reinforced Masonry
469228,MONROE COUNTY,Reinforced Masonry
153251,MONROE COUNTY,Masonry
965068,MONROE COUNTY,Masonry
956439,MONROE COUNTY,Reinforced Concrete
269721,MONROE COUNTY,Masonry
778314,MONROE COUNTY,Reinforced Masonry
289021,MONROE COUNTY,Masonry
216733,MONROE COUNTY,Reinforced Masonry
298848,MONROE COUNTY,Reinforced Masonry
534017,MONROE COUNTY,Reinforced Masonry
343998,MONROE COUNTY,Reinforced Masonry
950242,MONROE COUNTY,Reinforced Masonry
727380,MONROE COUNTY,Reinforced Masonry
644864,MONROE COUNTY,Masonry
778880,MONROE COUNTY,Wood
815428,MONROE COUNTY,Masonry
970091,MONROE COUNTY,Masonry
132573,MONROE COUNTY,Masonry
158528,MONROE COUNTY,Wood
314182,MONROE COUNTY,Masonry
112627,MONROE COUNTY,Reinforced Masonry
462677,MONROE COUNTY,Reinforced Masonry
102825,MONROE COUNTY,Masonry
640962,MONROE COUNTY,Wood
101365,MONROE COUNTY,Reinforced Concrete
123193,MONROE COUNTY,Wood
486451,MONROE COUNTY,Wood
813335,MONROE COUNTY,Reinforced Masonry
639087,MONROE COUNTY,Wood
985443,MONROE COUNTY,Steel Frame
119419,MONROE COUNTY,Steel Frame
670969,MONROE COUNTY,Reinforced Masonry
317514,MONROE COUNTY,Wood
647783,MONROE COUNTY,Wood
397964,MONROE COUNTY,Wood
723102,MONROE COUNTY,Masonry
361185,MONROE COUNTY,Masonry
832414,MONROE COUNTY,Masonry
821962,MONROE COUNTY,Wood
433437,MONROE COUNTY,Wood
253024,MONROE COUNTY,Wood
867950,MONROE COUNTY,Wood
186385,MONROE COUNTY,Masonry
448610,MONROE COUNTY,Wood
259120,MONROE COUNTY,Wood
668704,MONROE COUNTY,Wood
311924,MONROE COUNTY,Masonry
496714,MONROE COUNTY,Reinforced Masonry
855607,MONROE COUNTY,Reinforced Masonry
604762,MONROE COUNTY,Wood
706504,MONROE COUNTY,Masonry
917489,MONROE COUNTY,Wood
249396,MONROE COUNTY,Wood
287691,MONROE COUNTY,Reinforced Masonry
725567,MONROE COUNTY,Wood
728075,MONROE COUNTY,Wood
479650,MONROE COUNTY,Masonry
962378,MONROE COUNTY,Wood
731845,MONROE COUNTY,Masonry
433924,MONROE COUNTY,Masonry
995926,MONROE COUNTY,Masonry
580446,MONROE COUNTY,Masonry
970181,MONROE COUNTY,Masonry
627755,MONROE COUNTY,Masonry
897374,MONROE COUNTY,Wood
524851,MONROE COUNTY,Wood
716511,MONROE COUNTY,Wood
871411,MONROE COUNTY,Wood
987164,MONROE COUNTY,Wood
888675,MONROE COUNTY,Wood
514799,MONROE COUNTY,Masonry
116587,MONROE COUNTY,Masonry
937088,MONROE COUNTY,Reinforced Masonry
533566,MONROE COUNTY,Masonry
723642,MONROE COUNTY,Wood
255541,MONROE COUNTY,Masonry
717878,MONROE COUNTY,Wood
867404,MONROE COUNTY,Wood
993402,MONROE COUNTY,Wood
208279,MONROE COUNTY,Wood
971330,MONROE COUNTY,Wood
434732,MONROE COUNTY,Masonry
522820,MONROE COUNTY,Reinforced Concrete
453322,MONROE COUNTY,Reinforced Masonry
892782,MONROE COUNTY,Reinforced Masonry
239318,MONROE COUNTY,Reinforced Concrete
303969,MONROE COUNTY,Wood
150941,MONROE COUNTY,Wood
317785,MONROE COUNTY,Wood
178729,MONROE COUNTY,Wood
961070,MONROE COUNTY,Wood
265661,MIAMI DADE COUNTY,Wood
422336,MIAMI DADE COUNTY,Reinforced Masonry
933367,MIAMI DADE COUNTY,Reinforced Masonry
979358,MIAMI DADE COUNTY,Reinforced Masonry
211956,MIAMI DADE COUNTY,Masonry
615932,MIAMI DADE COUNTY,Wood
529044,MIAMI DADE COUNTY,Masonry
437411,MIAMI DADE COUNTY,Masonry
799963,MIAMI DADE COUNTY,Wood
437194,MIAMI DADE COUNTY,Wood
463916,MIAMI DADE COUNTY,Wood
786477,MIAMI DADE COUNTY,Reinforced Masonry
284648,MIAMI DADE COUNTY,Masonry
308211,MIAMI DADE COUNTY,Wood
326848,MIAMI DADE COUNTY,Wood
917790,MIAMI DADE COUNTY,Wood
230361,MIAMI DADE COUNTY,Reinforced Masonry
423631,MIAMI DADE COUNTY,Reinforced Masonry
399101,MIAMI DADE COUNTY,Wood
852262,MIAMI DADE COUNTY,Wood
292857,MIAMI DADE COUNTY,Wood
773368,MIAMI DADE COUNTY,Wood
908925,MIAMI DADE COUNTY,Wood
161938,MIAMI DADE COUNTY,Wood
909111,MIAMI DADE COUNTY,Masonry
209822,MIAMI DADE COUNTY,Reinforced Masonry
181587,MIAMI DADE COUNTY,Masonry
324787,MIAMI DADE COUNTY,Masonry
440324,MIAMI DADE COUNTY,Wood
338467,MIAMI DADE COUNTY,Wood
296653,MIAMI DADE COUNTY,Wood
909785,MIAMI DADE COUNTY,Reinforced Masonry
882411,MIAMI DADE COUNTY,Wood
215493,MIAMI DADE COUNTY,Masonry
407180,MIAMI DADE COUNTY,Wood
154564,MIAMI DADE COUNTY,Wood
493120,MIAMI DADE COUNTY,Wood
561686,MIAMI DADE COUNTY,Wood
544991,MIAMI DADE COUNTY,Wood
262583,MIAMI DADE COUNTY,Reinforced Masonry
595616,MIAMI DADE COUNTY,Masonry
751747,MIAMI DADE COUNTY,Wood
819096,MIAMI DADE COUNTY,Wood
721385,MIAMI DADE COUNTY,Wood
360713,MIAMI DADE COUNTY,Masonry
412208,MIAMI DADE COUNTY,Masonry
658260,MIAMI DADE COUNTY,Masonry
441248,MIAMI DADE COUNTY,Masonry
234470,MIAMI DADE COUNTY,Wood
719957,MIAMI DADE COUNTY,Wood
281190,MIAMI DADE COUNTY,Masonry
206782,MIAMI DADE COUNTY,Reinforced Masonry
353699,MIAMI DADE COUNTY,Masonry
354346,MIAMI DADE COUNTY,Reinforced Masonry
636573,MIAMI DADE COUNTY,Wood
500754,MIAMI DADE COUNTY,Reinforced Masonry
309053,MIAMI DADE COUNTY,Masonry
509197,MIAMI DADE COUNTY,Masonry
960948,MIAMI DADE COUNTY,Reinforced Masonry
186647,MIAMI DADE COUNTY,Masonry
644557,MIAMI DADE COUNTY,Masonry
663827,MIAMI DADE COUNTY,Wood
139287,MIAMI DADE COUNTY,Wood
108505,MIAMI DADE COUNTY,Masonry
581904,MIAMI DADE COUNTY,Masonry
201634,MIAMI DADE COUNTY,Masonry
220805,MIAMI DADE COUNTY,Wood
843752,MIAMI DADE COUNTY,Masonry
812253,MIAMI DADE COUNTY,Wood
428565,MIAMI DADE COUNTY,Wood
296822,MIAMI DADE COUNTY,Reinforced Masonry
411380,MIAMI DADE COUNTY,Wood
864096,MIAMI DADE COUNTY,Wood
737797,MIAMI DADE COUNTY,Wood
728913,MIAMI DADE COUNTY,Wood
925127,MIAMI DADE COUNTY,Wood
450464,MIAMI DADE COUNTY,Wood
520761,MIAMI DADE COUNTY,Wood
455341,MIAMI DADE COUNTY,Wood
113020,MIAMI DADE COUNTY,Wood
222714,MIAMI DADE COUNTY,Wood
145650,MIAMI DADE COUNTY,Wood
479012,MIAMI DADE COUNTY,Wood
222962,MIAMI DADE COUNTY,Wood
339899,MIAMI DADE COUNTY,Wood
297228,MIAMI DADE COUNTY,Wood
315182,MIAMI DADE COUNTY,Wood
831513,MIAMI DADE COUNTY,Wood
101500,MIAMI DADE COUNTY,Wood
483269,MIAMI DADE COUNTY,Wood
236533,MIAMI DADE COUNTY,Masonry
882911,MIAMI DADE COUNTY,Wood
181972,MIAMI DADE COUNTY,Wood
764186,MIAMI DADE COUNTY,Wood
881413,MIAMI DADE COUNTY,Wood
768154,MIAMI DADE COUNTY,Wood
412783,MIAMI DADE COUNTY,Wood
511101,MIAMI DADE COUNTY,Wood
787254,MIAMI DADE COUNTY,Wood
209173,MIAMI DADE COUNTY,Masonry
244862,MIAMI DADE COUNTY,Wood
407808,MIAMI DADE COUNTY,Wood
565967,MIAMI DADE COUNTY,Masonry
520300,MIAMI DADE COUNTY,Masonry
111068,MIAMI DADE COUNTY,Wood
462923,MIAMI DADE COUNTY,Reinforced Concrete
655827,MIAMI DADE COUNTY,Wood
105113,MIAMI DADE COUNTY,Wood
718454,MIAMI DADE COUNTY,Masonry
988612,MIAMI DADE COUNTY,Wood
737058,MIAMI DADE COUNTY,Wood
898476,MIAMI DADE COUNTY,Wood
247709,MIAMI DADE COUNTY,Masonry
499717,MIAMI DADE COUNTY,Reinforced Masonry
776599,MIAMI DADE COUNTY,Reinforced Masonry
921085,MIAMI DADE COUNTY,Reinforced Masonry
605329,MIAMI DADE COUNTY,Wood
902694,MIAMI DADE COUNTY,Reinforced Masonry
360492,MIAMI DADE COUNTY,Reinforced Masonry
839284,MIAMI DADE COUNTY,Reinforced Masonry
202508,MIAMI DADE COUNTY,Masonry
210514,MIAMI DADE COUNTY,Wood
797593,MIAMI DADE COUNTY,Wood
164208,MIAMI DADE COUNTY,Wood
415705,MIAMI DADE COUNTY,Wood
267483,MIAMI DADE COUNTY,Wood
969085,MIAMI DADE COUNTY,Masonry
213663,MIAMI DADE COUNTY,Reinforced Masonry
186288,MIAMI DADE COUNTY,Masonry
167459,MIAMI DADE COUNTY,Steel Frame
922061,MIAMI DADE COUNTY,Masonry
170055,MIAMI DADE COUNTY,Reinforced Masonry
243733,MIAMI DADE COUNTY,Reinforced Concrete
850186,MIAMI DADE COUNTY,Masonry
781934,MIAMI DADE COUNTY,Masonry
915393,MIAMI DADE COUNTY,Masonry
393665,MIAMI DADE COUNTY,Masonry
910114,MIAMI DADE COUNTY,Masonry
683856,MIAMI DADE COUNTY,Masonry
360400,MIAMI DADE COUNTY,Reinforced Masonry
311428,MIAMI DADE COUNTY,Masonry
800548,MIAMI DADE COUNTY,Wood
147115,MIAMI DADE COUNTY,Reinforced Masonry
479014,MIAMI DADE COUNTY,Masonry
797991,MIAMI DADE COUNTY,Wood
178985,MIAMI DADE COUNTY,Masonry
917661,MIAMI DADE COUNTY,Reinforced Concrete
769319,MIAMI DADE COUNTY,Masonry
318058,MIAMI DADE COUNTY,Reinforced Masonry
247198,MIAMI DADE COUNTY,Masonry
962640,MIAMI DADE COUNTY,Wood
475332,MIAMI DADE COUNTY,Masonry
713095,MIAMI DADE COUNTY,Reinforced Concrete
240718,MIAMI DADE COUNTY,Wood
984143,MIAMI DADE COUNTY,Wood
911815,MIAMI DADE COUNTY,Reinforced Masonry
377992,MIAMI DADE COUNTY,Masonry
116801,MIAMI DADE COUNTY,Masonry
641604,MIAMI DADE COUNTY,Wood
530750,MIAMI DADE COUNTY,Reinforced Concrete
710162,MIAMI DADE COUNTY,Wood
515132,MIAMI DADE COUNTY,Masonry
134956,MIAMI DADE COUNTY,Reinforced Masonry
278557,MIAMI DADE COUNTY,Reinforced Masonry
458097,MIAMI DADE COUNTY,Wood
651748,MIAMI DADE COUNTY,Wood
601427,MIAMI DADE COUNTY,Wood
822099,MIAMI DADE COUNTY,Wood
991665,MIAMI DADE COUNTY,Masonry
954417,MIAMI DADE COUNTY,Wood
436620,MIAMI DADE COUNTY,Wood
592933,MIAMI DADE COUNTY,Wood
748099,MIAMI DADE COUNTY,Wood
825042,MIAMI DADE COUNTY,Wood
857524,MIAMI DADE COUNTY,Wood
778421,MIAMI DADE COUNTY,Wood
947981,MIAMI DADE COUNTY,Wood
200039,MIAMI DADE COUNTY,Masonry
708859,MIAMI DADE COUNTY,Masonry
258988,MIAMI DADE COUNTY,Wood
521236,MIAMI DADE COUNTY,Wood
849387,MIAMI DADE COUNTY,Wood
329180,MIAMI DADE COUNTY,Masonry
133093,MIAMI DADE COUNTY,Masonry
588938,MIAMI DADE COUNTY,Masonry
186002,MIAMI DADE COUNTY,Masonry
930080,MIAMI DADE COUNTY,Wood
695014,MIAMI DADE COUNTY,Masonry
212576,MIAMI DADE COUNTY,Wood
721979,MIAMI DADE COUNTY,Masonry
342768,MIAMI DADE COUNTY,Masonry
341665,MIAMI DADE COUNTY,Masonry
174514,MIAMI DADE COUNTY,Masonry
977538,MIAMI DADE COUNTY,Masonry
900795,MIAMI DADE COUNTY,Masonry
217274,MIAMI DADE COUNTY,Masonry
170525,MIAMI DADE COUNTY,Masonry
741624,MIAMI DADE COUNTY,Wood
364038,MIAMI DADE COUNTY,Reinforced Masonry
228501,MIAMI DADE COUNTY,Reinforced Masonry
625318,MIAMI DADE COUNTY,Wood
670836,MIAMI DADE COUNTY,Reinforced Masonry
196776,MIAMI DADE COUNTY,Masonry
856784,MIAMI DADE COUNTY,Masonry
974072,MIAMI DADE COUNTY,Masonry
549649,MIAMI DADE COUNTY,Masonry
494227,MIAMI DADE COUNTY,Wood
881516,MIAMI DADE COUNTY,Wood
744529,MIAMI DADE COUNTY,Masonry
784468,MIAMI DADE COUNTY,Masonry
883047,MIAMI DADE COUNTY,Masonry
541434,MIAMI DADE COUNTY,Masonry
157621,MIAMI DADE COUNTY,Masonry
238322,MIAMI DADE COUNTY,Masonry
386621,MIAMI DADE COUNTY,Masonry
906028,MIAMI DADE COUNTY,Masonry
735805,MIAMI DADE COUNTY,Masonry
732403,MIAMI DADE COUNTY,Masonry
210229,MIAMI DADE COUNTY,Masonry
479089,MIAMI DADE COUNTY,Wood
289187,MIAMI DADE COUNTY,Masonry
554629,MIAMI DADE COUNTY,Wood
331154,MIAMI DADE COUNTY,Steel Frame
681345,MIAMI DADE COUNTY,Wood
124964,MIAMI DADE COUNTY,Wood
584569,MIAMI DADE COUNTY,Wood
243388,MIAMI DADE COUNTY,Wood
708830,MIAMI DADE COUNTY,Wood
673728,MIAMI DADE COUNTY,Reinforced Concrete
910284,MIAMI DADE COUNTY,Wood
668103,MIAMI DADE COUNTY,Reinforced Masonry
486903,MIAMI DADE COUNTY,Wood
435917,MIAMI DADE COUNTY,Wood
433427,MIAMI DADE COUNTY,Wood
889278,MIAMI DADE COUNTY,Wood
156777,MIAMI DADE COUNTY,Wood
389356,MIAMI DADE COUNTY,Wood
540501,MIAMI DADE COUNTY,Wood
983435,MIAMI DADE COUNTY,Wood
894383,MIAMI DADE COUNTY,Reinforced Concrete
867865,MIAMI DADE COUNTY,Masonry
792971,MIAMI DADE COUNTY,Reinforced Masonry
756332,MIAMI DADE COUNTY,Reinforced Concrete
967989,BROWARD COUNTY,Reinforced Masonry
198460,BROWARD COUNTY,Wood
987324,BROWARD COUNTY,Reinforced Masonry
729012,BROWARD COUNTY,Reinforced Masonry
928100,BROWARD COUNTY,Masonry
632071,BROWARD COUNTY,Wood
853265,BROWARD COUNTY,Wood
896707,BROWARD COUNTY,Wood
825604,BROWARD COUNTY,Wood
873737,BROWARD COUNTY,Wood
151917,BROWARD COUNTY,Masonry
427256,BROWARD COUNTY,Wood
607336,BROWARD COUNTY,Masonry
248743,BROWARD COUNTY,Masonry
242494,BROWARD COUNTY,Masonry
192179,BROWARD COUNTY,Masonry
240295,BROWARD COUNTY,Masonry
652549,BROWARD COUNTY,Masonry
763715,BROWARD COUNTY,Wood
643315,BROWARD COUNTY,Wood
714828,BROWARD COUNTY,Wood
924915,BROWARD COUNTY,Masonry
528740,BROWARD COUNTY,Masonry
268584,BROWARD COUNTY,Masonry
372035,BROWARD COUNTY,Reinforced Concrete
266441,BROWARD COUNTY,Masonry
757721,BROWARD COUNTY,Wood
693993,BROWARD COUNTY,Masonry
759941,BROWARD COUNTY,Masonry
199310,BROWARD COUNTY,Masonry
495321,BROWARD COUNTY,Wood
587329,BROWARD COUNTY,Wood
567667,BROWARD COUNTY,Wood
457082,BROWARD COUNTY,Masonry
806351,BROWARD COUNTY,Masonry
355817,BROWARD COUNTY,Wood
623019,BROWARD COUNTY,Wood
642533,BROWARD COUNTY,Masonry
155730,BROWARD COUNTY,Wood
186569,BROWARD COUNTY,Masonry
735231,BROWARD COUNTY,Masonry
874155,BROWARD COUNTY,Reinforced Masonry
146996,BROWARD COUNTY,Wood
311421,BROWARD COUNTY,Wood
401982,BROWARD COUNTY,Wood
179683,BROWARD COUNTY,Masonry
127062,BROWARD COUNTY,Wood
693179,BROWARD COUNTY,Wood
375162,BROWARD COUNTY,Masonry
782629,BROWARD COUNTY,Reinforced Masonry
973538,BROWARD COUNTY,Reinforced Masonry
870012,BROWARD COUNTY,Masonry
473441,BROWARD COUNTY,Masonry
562835,BROWARD COUNTY,Wood
751870,BROWARD COUNTY,Reinforced Masonry
808704,BROWARD COUNTY,Reinforced Masonry
755506,BROWARD COUNTY,Reinforced Masonry
941238,BROWARD COUNTY,Wood
576877,BROWARD COUNTY,Wood
672321,BROWARD COUNTY,Reinforced Concrete
631691,BROWARD COUNTY,Wood
913807,BROWARD COUNTY,Wood
917920,BROWARD COUNTY,Masonry
293964,BROWARD COUNTY,Reinforced Masonry
943662,BROWARD COUNTY,Reinforced Masonry
100937,BROWARD COUNTY,Masonry
317179,BROWARD COUNTY,Masonry
331901,BROWARD COUNTY,Masonry
948926,BROWARD COUNTY,Masonry
593588,BROWARD COUNTY,Wood
859545,BROWARD COUNTY,Reinforced Concrete
893551,BROWARD COUNTY,Wood
905175,BROWARD COUNTY,Masonry
532998,BROWARD COUNTY,Reinforced Masonry
840115,BROWARD COUNTY,Wood
356691,BROWARD COUNTY,Wood
333006,BROWARD COUNTY,Steel Frame
588558,BROWARD COUNTY,Masonry
552394,BROWARD COUNTY,Reinforced Concrete
414657,BROWARD COUNTY,Wood
221222,BROWARD COUNTY,Wood
888683,BROWARD COUNTY,Wood
767092,BROWARD COUNTY,Wood
924839,BROWARD COUNTY,Masonry
123278,BROWARD COUNTY,Masonry
671026,BROWARD COUNTY,Masonry
398042,BROWARD COUNTY,Reinforced Concrete
837345,BROWARD COUNTY,Masonry
659552,BROWARD COUNTY,Masonry
871944,BROWARD COUNTY,Masonry
773590,BROWARD COUNTY,Masonry
701077,BROWARD COUNTY,Reinforced Masonry
881130,BROWARD COUNTY,Masonry
223129,BROWARD COUNTY,Masonry
723014,BROWARD COUNTY,Masonry
935136,BROWARD COUNTY,Wood
474244,BROWARD COUNTY,Wood
801288,BROWARD COUNTY,Wood
332283,BROWARD COUNTY,Wood
474089,BROWARD COUNTY,Wood
554469,BROWARD COUNTY,Wood
226765,BROWARD COUNTY,Wood
606031,BROWARD COUNTY,Wood
982866,BROWARD COUNTY,Reinforced Masonry
360346,BROWARD COUNTY,Reinforced Masonry
893121,BROWARD COUNTY,Masonry
674534,BROWARD COUNTY,Masonry
404853,BROWARD COUNTY,Masonry
429331,BROWARD COUNTY,Masonry
961377,BROWARD COUNTY,Masonry
203632,BROWARD COUNTY,Wood
860894,BROWARD COUNTY,Wood
948849,BROWARD COUNTY,Wood
615294,BROWARD COUNTY,Wood
466132,BROWARD COUNTY,Wood
261502,BROWARD COUNTY,Wood
808852,BROWARD COUNTY,Wood
138725,BROWARD COUNTY,Wood
678358,BROWARD COUNTY,Wood
917664,BROWARD COUNTY,Wood
308658,BROWARD COUNTY,Masonry
651804,BROWARD COUNTY,Wood
121530,BROWARD COUNTY,Wood
140003,BROWARD COUNTY,Wood
819551,BROWARD COUNTY,Wood
326623,BROWARD COUNTY,Wood
508785,BROWARD COUNTY,Wood
798280,BROWARD COUNTY,Wood
191044,BROWARD COUNTY,Wood
818695,BROWARD COUNTY,Wood
644870,BROWARD COUNTY,Wood
970217,BROWARD COUNTY,Reinforced Concrete
172138,BROWARD COUNTY,Masonry
575527,BROWARD COUNTY,Masonry
967281,BROWARD COUNTY,Wood
803618,BROWARD COUNTY,Wood
979507,BROWARD COUNTY,Wood
151398,BROWARD COUNTY,Wood
836761,BROWARD COUNTY,Wood
555024,BROWARD COUNTY,Wood
216145,BROWARD COUNTY,Wood
576218,BROWARD COUNTY,Wood
718613,BROWARD COUNTY,Wood
765135,BROWARD COUNTY,Wood
965882,BROWARD COUNTY,Wood
572751,BROWARD COUNTY,Wood
608853,BROWARD COUNTY,Wood
829305,BROWARD COUNTY,Wood
330541,BROWARD COUNTY,Wood
260579,BROWARD COUNTY,Wood
465834,BROWARD COUNTY,Wood
700753,BROWARD COUNTY,Wood
353836,BROWARD COUNTY,Wood
502623,BROWARD COUNTY,Wood
633315,BROWARD COUNTY,Reinforced Masonry
829303,BROWARD COUNTY,Wood
559438,BROWARD COUNTY,Wood
635848,BROWARD COUNTY,Wood
270159,BROWARD COUNTY,Wood
217161,BROWARD COUNTY,Wood
110280,BROWARD COUNTY,Wood
458642,BROWARD COUNTY,Wood
709189,BROWARD COUNTY,Wood
862119,BROWARD COUNTY,Wood
428097,BROWARD COUNTY,Wood
545654,BROWARD COUNTY,Wood
219903,BROWARD COUNTY,Wood
318337,BROWARD COUNTY,Wood
582530,BROWARD COUNTY,Masonry
905338,BROWARD COUNTY,Wood
838111,BROWARD COUNTY,Wood
662275,BROWARD COUNTY,Wood
721571,BROWARD COUNTY,Wood
287087,BROWARD COUNTY,Wood
669419,BROWARD COUNTY,Reinforced Masonry
622520,BROWARD COUNTY,Masonry
569332,BROWARD COUNTY,Wood
502845,BROWARD COUNTY,Wood
498350,BROWARD COUNTY,Wood
124288,BROWARD COUNTY,Wood
320912,BROWARD COUNTY,Wood
351954,BROWARD COUNTY,Wood
906126,BROWARD COUNTY,Wood
436052,BROWARD COUNTY,Wood
883496,BROWARD COUNTY,Wood
522047,BROWARD COUNTY,Wood
312924,BROWARD COUNTY,Wood
646742,BROWARD COUNTY,Wood
384669,BROWARD COUNTY,Wood
542278,BROWARD COUNTY,Wood
452311,BROWARD COUNTY,Wood
574318,BROWARD COUNTY,Wood
987735,BROWARD COUNTY,Wood
646886,BROWARD COUNTY,Wood
452524,BROWARD COUNTY,Wood
436092,BROWARD COUNTY,Wood
447626,BROWARD COUNTY,Wood
390591,BROWARD COUNTY,Wood
864221,BROWARD COUNTY,Wood
203691,BROWARD COUNTY,Wood
735168,BROWARD COUNTY,Wood
639640,BROWARD COUNTY,Wood
805484,BROWARD COUNTY,Reinforced Masonry
721351,BROWARD COUNTY,Masonry
349424,BROWARD COUNTY,Wood
940987,BROWARD COUNTY,Wood
232513,BROWARD COUNTY,Wood
119627,BROWARD COUNTY,Wood
994243,BROWARD COUNTY,Wood
754433,BROWARD COUNTY,Wood
173289,BROWARD COUNTY,Wood
141938,BROWARD COUNTY,Masonry
741726,BROWARD COUNTY,Reinforced Concrete
974604,BROWARD COUNTY,Reinforced Masonry
835768,BROWARD COUNTY,Reinforced Masonry
994386,BROWARD COUNTY,Reinforced Concrete
140136,BROWARD COUNTY,Reinforced Masonry
371360,BROWARD COUNTY,Masonry
920513,BROWARD COUNTY,Reinforced Masonry
140236,BROWARD COUNTY,Reinforced Masonry
689529,BROWARD COUNTY,Masonry
744851,BROWARD COUNTY,Reinforced Masonry
168280,BROWARD COUNTY,Reinforced Masonry
635192,BROWARD COUNTY,Reinforced Masonry
499554,BROWARD COUNTY,Reinforced Concrete
487108,BROWARD COUNTY,Reinforced Masonry
522468,BROWARD COUNTY,Reinforced Masonry
461117,BROWARD COUNTY,Masonry
172057,BROWARD COUNTY,Masonry
339082,BROWARD COUNTY,Masonry
643431,BROWARD COUNTY,Masonry
647792,BROWARD COUNTY,Masonry
541692,BROWARD COUNTY,Masonry
611463,BROWARD COUNTY,Masonry
733332,BROWARD COUNTY,Wood
796548,BROWARD COUNTY,Wood
801249,BROWARD COUNTY,Wood
863632,BROWARD COUNTY,Wood
659627,BROWARD COUNTY,Wood
487117,BROWARD COUNTY,Wood
301444,BROWARD COUNTY,Wood
902267,BROWARD COUNTY,Wood
530842,BROWARD COUNTY,Wood
484651,BROWARD COUNTY,Masonry
562730,BROWARD COUNTY,Masonry
571700,BROWARD COUNTY,Wood
215023,BROWARD COUNTY,Wood
278032,BROWARD COUNTY,Wood
560387,BROWARD COUNTY,Wood
902473,BROWARD COUNTY,Wood
667321,BROWARD COUNTY,Masonry
892793,BROWARD COUNTY,Wood
355993,BROWARD COUNTY,Reinforced Masonry
569678,BROWARD COUNTY,Masonry
946819,BROWARD COUNTY,Masonry
965313,BROWARD COUNTY,Masonry
992235,BROWARD COUNTY,Masonry
634735,BROWARD COUNTY,Masonry
166470,BROWARD COUNTY,Wood
678377,BROWARD COUNTY,Wood
437606,BROWARD COUNTY,Masonry
896734,BROWARD COUNTY,Masonry
789650,BROWARD COUNTY,Masonry
356621,BROWARD COUNTY,Reinforced Concrete
558372,BROWARD COUNTY,Wood
173199,BROWARD COUNTY,Masonry
856400,BROWARD COUNTY,Reinforced Concrete
984061,BROWARD COUNTY,Reinforced Concrete
425896,BROWARD COUNTY,Wood
271734,BROWARD COUNTY,Wood
367775,BROWARD COUNTY,Wood
355760,BROWARD COUNTY,Wood
944395,BROWARD COUNTY,Wood
143992,BROWARD COUNTY,Wood
412944,BROWARD COUNTY,Reinforced Masonry
139757,BROWARD COUNTY,Wood
748594,BROWARD COUNTY,Wood
816130,BROWARD COUNTY,Wood
495257,BROWARD COUNTY,Wood
719714,BROWARD COUNTY,Wood
973692,BROWARD COUNTY,Wood
554745,BROWARD COUNTY,Wood
700606,BROWARD COUNTY,Wood
574490,BROWARD COUNTY,Wood
718638,BROWARD COUNTY,Wood
378023,BROWARD COUNTY,Wood
659776,BROWARD COUNTY,Wood
378438,BROWARD COUNTY,Wood
997331,BROWARD COUNTY,Wood
282681,BROWARD COUNTY,Wood
700682,BROWARD COUNTY,Wood
825968,BROWARD COUNTY,Wood
150967,BROWARD COUNTY,Wood
880895,BROWARD COUNTY,Wood
725930,BROWARD COUNTY,Wood
216149,BROWARD COUNTY,Wood
627868,BROWARD COUNTY,Wood
699242,BROWARD COUNTY,Wood
660295,BROWARD COUNTY,Wood
636962,BROWARD COUNTY,Wood
343822,BROWARD COUNTY,Wood
854890,BROWARD COUNTY,Wood
150554,BROWARD COUNTY,Wood
204758,BROWARD COUNTY,Wood
272337,BROWARD COUNTY,Wood
963562,BROWARD COUNTY,Masonry
270754,BROWARD COUNTY,Wood
358108,BROWARD COUNTY,Wood
837955,BROWARD COUNTY,Wood
432016,BROWARD COUNTY,Wood
529545,BROWARD COUNTY,Wood
961967,BROWARD COUNTY,Wood
142164,BROWARD COUNTY,Reinforced Masonry
773375,BROWARD COUNTY,Wood
505203,BROWARD COUNTY,Masonry
393488,BROWARD COUNTY,Masonry
773648,BROWARD COUNTY,Masonry
115665,BROWARD COUNTY,Wood
582327,BROWARD COUNTY,Wood
519260,BROWARD COUNTY,Wood
317576,BROWARD COUNTY,Wood
658950,BROWARD COUNTY,Wood
443997,BROWARD COUNTY,Wood
393185,BROWARD COUNTY,Wood
280420,BROWARD COUNTY,Wood
561082,BROWARD COUNTY,Wood
432533,BROWARD COUNTY,Wood
124933,BROWARD COUNTY,Wood
858658,BROWARD COUNTY,Wood
622151,BROWARD COUNTY,Wood
466626,BROWARD COUNTY,Wood
387281,BROWARD COUNTY,Wood
567352,BROWARD COUNTY,Wood
731203,BROWARD COUNTY,Wood
107129,BROWARD COUNTY,Wood
659135,BROWARD COUNTY,Masonry
837138,BROWARD COUNTY,Wood
779700,BROWARD COUNTY,Masonry
997161,BROWARD COUNTY,Wood
357914,BROWARD COUNTY,Wood
173853,BROWARD COUNTY,Wood
667395,BROWARD COUNTY,Wood
152955,BROWARD COUNTY,Wood
408255,BROWARD COUNTY,Wood
406116,BROWARD COUNTY,Wood
637091,BROWARD COUNTY,Wood
971896,BROWARD COUNTY,Wood
595203,BROWARD COUNTY,Wood
985693,BROWARD COUNTY,Masonry
123369,BROWARD COUNTY,Wood
446302,BROWARD COUNTY,Masonry
136809,BROWARD COUNTY,Masonry
547411,BROWARD COUNTY,Reinforced Masonry
735373,BROWARD COUNTY,Masonry
285772,BROWARD COUNTY,Wood
490234,BROWARD COUNTY,Reinforced Concrete
615238,BROWARD COUNTY,Reinforced Masonry
516789,BROWARD COUNTY,Reinforced Masonry
918308,BROWARD COUNTY,Reinforced Masonry
279184,BROWARD COUNTY,Reinforced Masonry
210546,BROWARD COUNTY,Reinforced Concrete
717975,BROWARD COUNTY,Wood
496166,BROWARD COUNTY,Wood
326286,BROWARD COUNTY,Wood
427090,BROWARD COUNTY,Wood
202320,BROWARD COUNTY,Wood
149701,BROWARD COUNTY,Wood
410612,BROWARD COUNTY,Wood
461157,BROWARD COUNTY,Wood
454581,BROWARD COUNTY,Wood
592428,BROWARD COUNTY,Wood
772605,BROWARD COUNTY,Wood
632806,BROWARD COUNTY,Wood
753706,BROWARD COUNTY,Wood
537159,BROWARD COUNTY,Wood
702715,BROWARD COUNTY,Wood
383379,BROWARD COUNTY,Wood
964884,BROWARD COUNTY,Reinforced Concrete
387423,BROWARD COUNTY,Wood
800992,BROWARD COUNTY,Wood
445179,BROWARD COUNTY,Masonry
613758,BROWARD COUNTY,Masonry
408658,BROWARD COUNTY,Masonry
535377,BROWARD COUNTY,Masonry
491625,BROWARD COUNTY,Masonry
850392,BROWARD COUNTY,Masonry
990420,BROWARD COUNTY,Masonry
296089,BROWARD COUNTY,Masonry
133460,BROWARD COUNTY,Masonry
470310,BROWARD COUNTY,Masonry
220178,BROWARD COUNTY,Masonry
311729,BROWARD COUNTY,Masonry
861487,BROWARD COUNTY,Reinforced Masonry
432346,BROWARD COUNTY,Reinforced Masonry
673104,BROWARD COUNTY,Reinforced Masonry
132018,BROWARD COUNTY,Reinforced Masonry
128147,BROWARD COUNTY,Reinforced Masonry
856982,BROWARD COUNTY,Reinforced Masonry
818175,BROWARD COUNTY,Reinforced Masonry
373879,BROWARD COUNTY,Wood
197607,BROWARD COUNTY,Wood
963127,BROWARD COUNTY,Wood
900600,BROWARD COUNTY,Wood
706599,BROWARD COUNTY,Reinforced Masonry
901540,BROWARD COUNTY,Masonry
656543,BROWARD COUNTY,Reinforced Concrete
155516,BROWARD COUNTY,Masonry
841139,BROWARD COUNTY,Wood
451105,BROWARD COUNTY,Wood
609272,BROWARD COUNTY,Masonry
776230,BROWARD COUNTY,Masonry
586607,BROWARD COUNTY,Wood
575282,BROWARD COUNTY,Wood
798288,BROWARD COUNTY,Wood
367916,BROWARD COUNTY,Wood
890939,BROWARD COUNTY,Wood
116717,BROWARD COUNTY,Wood
994333,BROWARD COUNTY,Wood
777422,BROWARD COUNTY,Wood
477806,BROWARD COUNTY,Wood
460946,BROWARD COUNTY,Wood
100693,BROWARD COUNTY,Reinforced Masonry
578361,BROWARD COUNTY,Wood
641517,BROWARD COUNTY,Wood
391105,BROWARD COUNTY,Wood
882744,BROWARD COUNTY,Wood
630836,BROWARD COUNTY,Wood
570991,BROWARD COUNTY,Wood
684051,BROWARD COUNTY,Wood
198702,BROWARD COUNTY,Wood
137621,BROWARD COUNTY,Wood
699815,BROWARD COUNTY,Wood
430069,BROWARD COUNTY,Wood
958864,BROWARD COUNTY,Wood
570336,BROWARD COUNTY,Wood
827283,BROWARD COUNTY,Wood
262744,BROWARD COUNTY,Wood
242589,BROWARD COUNTY,Wood
793989,BROWARD COUNTY,Wood
273468,BROWARD COUNTY,Wood
749934,BROWARD COUNTY,Wood
682332,BROWARD COUNTY,Masonry
813570,BROWARD COUNTY,Wood
839209,BROWARD COUNTY,Reinforced Masonry
387767,BROWARD COUNTY,Masonry
640051,BROWARD COUNTY,Masonry
526161,BROWARD COUNTY,Wood
227106,BROWARD COUNTY,Masonry
458803,BROWARD COUNTY,Masonry
938141,BROWARD COUNTY,Masonry
649423,BROWARD COUNTY,Masonry
323851,BROWARD COUNTY,Reinforced Masonry
474671,BROWARD COUNTY,Wood
559833,BROWARD COUNTY,Masonry
409342,BROWARD COUNTY,Wood
664266,BROWARD COUNTY,Wood
436918,BROWARD COUNTY,Wood
323659,BROWARD COUNTY,Wood
179948,BROWARD COUNTY,Wood
633828,BROWARD COUNTY,Wood
350940,BROWARD COUNTY,Wood
683182,BROWARD COUNTY,Wood
978164,BROWARD COUNTY,Wood
659150,BROWARD COUNTY,Wood
680718,BROWARD COUNTY,Wood
857256,BROWARD COUNTY,Wood
771320,BROWARD COUNTY,Wood
418777,BROWARD COUNTY,Wood
451832,BROWARD COUNTY,Wood
960321,BROWARD COUNTY,Masonry
971909,BROWARD COUNTY,Wood
274157,BROWARD COUNTY,Wood
644549,BROWARD COUNTY,Wood
452798,BROWARD COUNTY,Wood
439761,BROWARD COUNTY,Wood
627658,BROWARD COUNTY,Wood
448049,BROWARD COUNTY,Wood
805694,BROWARD COUNTY,Wood
150152,BROWARD COUNTY,Wood
126686,BROWARD COUNTY,Wood
574623,BROWARD COUNTY,Wood
321679,BROWARD COUNTY,Wood
395556,BROWARD COUNTY,Wood
428000,BROWARD COUNTY,Wood
517614,BROWARD COUNTY,Masonry
123782,BROWARD COUNTY,Wood
588357,BROWARD COUNTY,Wood
420149,BROWARD COUNTY,Wood
697136,BROWARD COUNTY,Wood
315307,BROWARD COUNTY,Wood
214132,BROWARD COUNTY,Wood
846393,BROWARD COUNTY,Wood
406647,BROWARD COUNTY,Wood
940657,BROWARD COUNTY,Wood
380664,BROWARD COUNTY,Wood
329122,BROWARD COUNTY,Wood
200592,BROWARD COUNTY,Wood
582621,BROWARD COUNTY,Wood
395192,BROWARD COUNTY,Wood
245375,BROWARD COUNTY,Wood
522393,BROWARD COUNTY,Masonry
107910,BROWARD COUNTY,Wood
128064,BROWARD COUNTY,Masonry
152038,BROWARD COUNTY,Wood
478587,BROWARD COUNTY,Wood
990346,BROWARD COUNTY,Wood
441959,BROWARD COUNTY,Wood
338733,BROWARD COUNTY,Wood
573315,BROWARD COUNTY,Wood
815517,BROWARD COUNTY,Wood
406915,BROWARD COUNTY,Wood
179911,BROWARD COUNTY,Wood
114545,BROWARD COUNTY,Wood
904930,BROWARD COUNTY,Wood
810494,BROWARD COUNTY,Wood
938409,BROWARD COUNTY,Wood
779402,BROWARD COUNTY,Wood
213096,BROWARD COUNTY,Wood
889835,BROWARD COUNTY,Wood
685263,BROWARD COUNTY,Masonry
298686,BROWARD COUNTY,Wood
591124,BROWARD COUNTY,Wood
557967,BROWARD COUNTY,Wood
458207,BROWARD COUNTY,Wood
947087,BROWARD COUNTY,Wood
266899,BROWARD COUNTY,Wood
879795,BROWARD COUNTY,Masonry
790237,BROWARD COUNTY,Masonry
574923,BROWARD COUNTY,Masonry
212706,BROWARD COUNTY,Masonry
268603,BROWARD COUNTY,Wood
899960,BROWARD COUNTY,Reinforced Masonry
270842,BROWARD COUNTY,Wood
954102,BROWARD COUNTY,Wood
905212,BROWARD COUNTY,Wood
588844,BROWARD COUNTY,Reinforced Masonry
786633,BROWARD COUNTY,Reinforced Masonry
819052,BROWARD COUNTY,Wood
472865,BROWARD COUNTY,Wood
616769,BROWARD COUNTY,Reinforced Masonry
534503,BROWARD COUNTY,Wood
627894,BROWARD COUNTY,Wood
927605,BROWARD COUNTY,Wood
244319,BROWARD COUNTY,Reinforced Masonry
122578,BROWARD COUNTY,Wood
577106,BROWARD COUNTY,Wood
468088,BROWARD COUNTY,Wood
340019,BROWARD COUNTY,Wood
499563,BROWARD COUNTY,Wood
407032,BROWARD COUNTY,Wood
453630,BROWARD COUNTY,Wood
602693,BROWARD COUNTY,Reinforced Masonry
767378,BROWARD COUNTY,Reinforced Masonry
854373,BROWARD COUNTY,Reinforced Masonry
782065,BROWARD COUNTY,Reinforced Concrete
732384,BROWARD COUNTY,Reinforced Concrete
133562,BROWARD COUNTY,Reinforced Concrete
127681,BROWARD COUNTY,Reinforced Concrete
414634,BROWARD COUNTY,Steel Frame
439739,BROWARD COUNTY,Reinforced Concrete
437671,BROWARD COUNTY,Reinforced Masonry
992797,BROWARD COUNTY,Masonry
631228,BROWARD COUNTY,Wood
287374,BROWARD COUNTY,Reinforced Concrete
512486,BROWARD COUNTY,Reinforced Masonry
302137,BROWARD COUNTY,Reinforced Masonry
480777,BROWARD COUNTY,Masonry
753819,BROWARD COUNTY,Reinforced Masonry
458076,BROWARD COUNTY,Masonry
538936,BROWARD COUNTY,Reinforced Masonry
456164,BROWARD COUNTY,Masonry
602545,BROWARD COUNTY,Masonry
708187,BROWARD COUNTY,Reinforced Masonry
690113,BROWARD COUNTY,Masonry
467907,BROWARD COUNTY,Masonry
723320,MONROE COUNTY,Masonry
287295,MONROE COUNTY,Masonry
708846,MONROE COUNTY,Wood
473430,MONROE COUNTY,Wood
949046,MONROE COUNTY,Wood
611337,BROWARD COUNTY,Reinforced Masonry
994005,BROWARD COUNTY,Reinforced Masonry
851343,BROWARD COUNTY,Steel Frame
771324,BROWARD COUNTY,Reinforced Masonry
846695,BROWARD COUNTY,Masonry
652424,BROWARD COUNTY,Reinforced Masonry
302110,BROWARD COUNTY,Wood
353793,BROWARD COUNTY,Masonry
593572,BROWARD COUNTY,Wood
374318,BROWARD COUNTY,Wood
826496,BROWARD COUNTY,Wood
185342,BROWARD COUNTY,Wood
581343,BROWARD COUNTY,Wood
703143,BROWARD COUNTY,Wood
108866,BROWARD COUNTY,Wood
524975,BROWARD COUNTY,Masonry
711119,BROWARD COUNTY,Masonry
145904,BROWARD COUNTY,Wood
858679,BROWARD COUNTY,Wood
885893,BROWARD COUNTY,Wood
408017,BROWARD COUNTY,Wood
673117,BROWARD COUNTY,Wood
735612,BROWARD COUNTY,Wood
833416,BROWARD COUNTY,Wood
804410,BROWARD COUNTY,Wood
719066,BROWARD COUNTY,Wood
460935,BROWARD COUNTY,Wood
878070,BROWARD COUNTY,Wood
356118,BROWARD COUNTY,Wood
839724,BROWARD COUNTY,Wood
829664,BROWARD COUNTY,Wood
833594,BROWARD COUNTY,Wood
950157,BROWARD COUNTY,Masonry
686701,BROWARD COUNTY,Masonry
772790,BROWARD COUNTY,Wood
125713,BROWARD COUNTY,Wood
783130,BROWARD COUNTY,Wood
100074,BROWARD COUNTY,Wood
544757,BROWARD COUNTY,Wood
734611,BROWARD COUNTY,Reinforced Masonry
806267,BROWARD COUNTY,Wood
455803,BROWARD COUNTY,Masonry
133174,BROWARD COUNTY,Masonry
706390,BROWARD COUNTY,Reinforced Masonry
409438,BROWARD COUNTY,Reinforced Masonry
654978,BROWARD COUNTY,Wood
255998,BROWARD COUNTY,Masonry
193823,BROWARD COUNTY,Wood
803965,BROWARD COUNTY,Wood
229420,BROWARD COUNTY,Wood
893650,BROWARD COUNTY,Wood
126606,BROWARD COUNTY,Wood
436297,BROWARD COUNTY,Masonry
676763,BROWARD COUNTY,Masonry
406071,BROWARD COUNTY,Masonry
542772,BROWARD COUNTY,Masonry
954870,BROWARD COUNTY,Wood
181383,BROWARD COUNTY,Wood
219052,BROWARD COUNTY,Wood
505154,BROWARD COUNTY,Wood
880751,BROWARD COUNTY,Wood
262056,BROWARD COUNTY,Wood
898351,BROWARD COUNTY,Wood
423956,BROWARD COUNTY,Masonry
830116,BROWARD COUNTY,Wood
544546,BROWARD COUNTY,Wood
237679,BROWARD COUNTY,Wood
745344,BROWARD COUNTY,Wood
535358,BROWARD COUNTY,Wood
430027,BROWARD COUNTY,Wood
143173,BROWARD COUNTY,Wood
250387,BROWARD COUNTY,Wood
761101,BROWARD COUNTY,Wood
296148,BROWARD COUNTY,Wood
338814,BROWARD COUNTY,Wood
120681,BROWARD COUNTY,Steel Frame
678054,BROWARD COUNTY,Wood
573639,BROWARD COUNTY,Wood
173942,BROWARD COUNTY,Wood
409502,BROWARD COUNTY,Wood
589888,BROWARD COUNTY,Wood
955020,BROWARD COUNTY,Wood
637814,BROWARD COUNTY,Wood
587618,BROWARD COUNTY,Masonry
544341,BROWARD COUNTY,Masonry
908336,BROWARD COUNTY,Wood
465285,BROWARD COUNTY,Wood
702973,BROWARD COUNTY,Wood
943124,BROWARD COUNTY,Wood
441995,BROWARD COUNTY,Wood
688349,BROWARD COUNTY,Wood
746616,BROWARD COUNTY,Wood
475792,BROWARD COUNTY,Wood
686632,BROWARD COUNTY,Wood
488046,BROWARD COUNTY,Masonry
756530,BROWARD COUNTY,Masonry
338780,BROWARD COUNTY,Masonry
733093,BROWARD COUNTY,Masonry
690558,BROWARD COUNTY,Masonry
503298,BROWARD COUNTY,Masonry
345649,BROWARD COUNTY,Masonry
673684,BROWARD COUNTY,Masonry
168789,BROWARD COUNTY,Masonry
204876,BROWARD COUNTY,Masonry
605270,BROWARD COUNTY,Masonry
791662,BROWARD COUNTY,Masonry
449469,BROWARD COUNTY,Masonry
220272,BROWARD COUNTY,Reinforced Masonry
872397,BROWARD COUNTY,Reinforced Concrete
860828,BROWARD COUNTY,Masonry
797761,BROWARD COUNTY,Wood
487929,BROWARD COUNTY,Masonry
620600,BROWARD COUNTY,Wood
531111,BROWARD COUNTY,Reinforced Masonry
932961,BROWARD COUNTY,Masonry
556634,BROWARD COUNTY,Wood
746884,BROWARD COUNTY,Reinforced Masonry
594044,BROWARD COUNTY,Reinforced Masonry
236733,BROWARD COUNTY,Reinforced Masonry
395026,BROWARD COUNTY,Wood
680212,BROWARD COUNTY,Reinforced Masonry
304546,BROWARD COUNTY,Masonry
412105,BROWARD COUNTY,Masonry
384239,BROWARD COUNTY,Wood
632250,BROWARD COUNTY,Masonry
911699,BROWARD COUNTY,Reinforced Masonry
255010,BROWARD COUNTY,Wood
889689,BROWARD COUNTY,Wood
936324,BROWARD COUNTY,Wood
391648,BROWARD COUNTY,Wood
344117,BROWARD COUNTY,Wood
689030,BROWARD COUNTY,Wood
903792,BROWARD COUNTY,Wood
891640,BROWARD COUNTY,Wood
586497,BROWARD COUNTY,Wood
355220,BROWARD COUNTY,Wood
572905,BROWARD COUNTY,Wood
220864,BROWARD COUNTY,Wood
482204,BROWARD COUNTY,Wood
727289,BROWARD COUNTY,Wood
947286,BROWARD COUNTY,Wood
357844,BROWARD COUNTY,Wood
335685,BROWARD COUNTY,Wood
340307,BROWARD COUNTY,Wood
294521,BROWARD COUNTY,Wood
502985,BROWARD COUNTY,Wood
147563,BROWARD COUNTY,Wood
756540,BROWARD COUNTY,Wood
810070,BROWARD COUNTY,Wood
599565,BROWARD COUNTY,Wood
568188,BROWARD COUNTY,Wood
523527,BROWARD COUNTY,Wood
207533,BROWARD COUNTY,Wood
686769,BROWARD COUNTY,Wood
728291,BROWARD COUNTY,Masonry
619222,BROWARD COUNTY,Wood
144113,BROWARD COUNTY,Wood
853680,BROWARD COUNTY,Wood
418132,BROWARD COUNTY,Wood
577545,BROWARD COUNTY,Wood
221675,BROWARD COUNTY,Wood
613338,BROWARD COUNTY,Wood
866137,BROWARD COUNTY,Wood
499530,BROWARD COUNTY,Wood
728060,BROWARD COUNTY,Wood
682211,BROWARD COUNTY,Wood
213468,BROWARD COUNTY,Wood
179504,BROWARD COUNTY,Wood
538858,BROWARD COUNTY,Wood
572897,BROWARD COUNTY,Wood
345822,BROWARD COUNTY,Wood
396167,BROWARD COUNTY,Wood
982600,BROWARD COUNTY,Wood
463495,BROWARD COUNTY,Wood
312429,BROWARD COUNTY,Wood
733738,BROWARD COUNTY,Masonry
772582,BROWARD COUNTY,Reinforced Masonry
864820,BROWARD COUNTY,Masonry
560860,BROWARD COUNTY,Masonry
488802,BROWARD COUNTY,Masonry
353421,BROWARD COUNTY,Masonry
556107,BROWARD COUNTY,Masonry
629227,BROWARD COUNTY,Masonry
520062,BROWARD COUNTY,Masonry
594135,BROWARD COUNTY,Masonry
451557,BROWARD COUNTY,Masonry
348355,BROWARD COUNTY,Masonry
645385,BROWARD COUNTY,Reinforced Masonry
674526,BROWARD COUNTY,Masonry
304344,BROWARD COUNTY,Wood
648473,BROWARD COUNTY,Wood
597916,BROWARD COUNTY,Wood
548239,BROWARD COUNTY,Wood
598658,BROWARD COUNTY,Wood
491085,BROWARD COUNTY,Wood
556161,BROWARD COUNTY,Wood
862194,BROWARD COUNTY,Wood
130566,BROWARD COUNTY,Wood
665180,BROWARD COUNTY,Wood
230814,BROWARD COUNTY,Wood
240632,BROWARD COUNTY,Wood
798523,BROWARD COUNTY,Wood
342599,BROWARD COUNTY,Wood
117013,BROWARD COUNTY,Reinforced Concrete
695016,BROWARD COUNTY,Reinforced Masonry
365942,BROWARD COUNTY,Wood
808416,BROWARD COUNTY,Masonry
820256,BROWARD COUNTY,Wood
864384,BROWARD COUNTY,Wood
738692,BROWARD COUNTY,Masonry
206767,BROWARD COUNTY,Masonry
742795,BROWARD COUNTY,Wood
851980,BROWARD COUNTY,Wood
330762,BROWARD COUNTY,Masonry
734498,BROWARD COUNTY,Masonry
514247,BROWARD COUNTY,Masonry
409417,BROWARD COUNTY,Reinforced Masonry
146929,BROWARD COUNTY,Masonry
606100,BROWARD COUNTY,Wood
810803,BROWARD COUNTY,Wood
868615,BROWARD COUNTY,Wood
962650,BROWARD COUNTY,Wood
797579,BROWARD COUNTY,Wood
984628,BROWARD COUNTY,Wood
978109,BROWARD COUNTY,Wood
950547,BROWARD COUNTY,Wood
445097,BROWARD COUNTY,Wood
473479,BROWARD COUNTY,Wood
920203,BROWARD COUNTY,Wood
412034,BROWARD COUNTY,Wood
906739,BROWARD COUNTY,Wood
751328,BROWARD COUNTY,Reinforced Masonry
808032,BROWARD COUNTY,Wood
474065,BROWARD COUNTY,Wood
974919,BROWARD COUNTY,Wood
514997,MIAMI DADE COUNTY,Reinforced Concrete
516118,MIAMI DADE COUNTY,Reinforced Concrete
205479,MIAMI DADE COUNTY,Reinforced Concrete
146257,MIAMI DADE COUNTY,Reinforced Masonry
478934,MIAMI DADE COUNTY,Reinforced Masonry
834178,MIAMI DADE COUNTY,Reinforced Masonry
347506,MIAMI DADE COUNTY,Reinforced Masonry
454937,MIAMI DADE COUNTY,Reinforced Masonry
201631,MIAMI DADE COUNTY,Masonry
298810,MIAMI DADE COUNTY,Reinforced Masonry
275314,MIAMI DADE COUNTY,Masonry
361911,MIAMI DADE COUNTY,Wood
786181,MIAMI DADE COUNTY,Wood
732034,MIAMI DADE COUNTY,Wood
262911,MIAMI DADE COUNTY,Wood
878408,MIAMI DADE COUNTY,Wood
529577,MIAMI DADE COUNTY,Wood
136383,MIAMI DADE COUNTY,Masonry
646181,MIAMI DADE COUNTY,Masonry
576926,MIAMI DADE COUNTY,Wood
169897,MIAMI DADE COUNTY,Wood
389184,MIAMI DADE COUNTY,Wood
113582,MIAMI DADE COUNTY,Wood
686277,MIAMI DADE COUNTY,Wood
134806,MIAMI DADE COUNTY,Wood
696220,MIAMI DADE COUNTY,Wood
766508,MIAMI DADE COUNTY,Wood
739252,MIAMI DADE COUNTY,Wood
863869,MIAMI DADE COUNTY,Wood
489963,MIAMI DADE COUNTY,Wood
652422,MIAMI DADE COUNTY,Reinforced Masonry
106337,MIAMI DADE COUNTY,Masonry
720629,MIAMI DADE COUNTY,Masonry
142937,MIAMI DADE COUNTY,Wood
422886,MIAMI DADE COUNTY,Masonry
184044,MIAMI DADE COUNTY,Masonry
461407,MIAMI DADE COUNTY,Masonry
701070,MIAMI DADE COUNTY,Masonry
900649,MIAMI DADE COUNTY,Wood
229785,MIAMI DADE COUNTY,Reinforced Masonry
165973,MIAMI DADE COUNTY,Wood
794266,MIAMI DADE COUNTY,Wood
357680,MIAMI DADE COUNTY,Masonry
617544,MIAMI DADE COUNTY,Masonry
915613,MIAMI DADE COUNTY,Wood
786205,MIAMI DADE COUNTY,Wood
458147,MIAMI DADE COUNTY,Masonry
901003,MIAMI DADE COUNTY,Masonry
241029,MIAMI DADE COUNTY,Wood
943742,MIAMI DADE COUNTY,Reinforced Masonry
423397,MIAMI DADE COUNTY,Wood
804188,MIAMI DADE COUNTY,Masonry
790852,MIAMI DADE COUNTY,Wood
479165,MIAMI DADE COUNTY,Steel Frame
787752,MIAMI DADE COUNTY,Masonry
425899,MIAMI DADE COUNTY,Masonry
403272,MIAMI DADE COUNTY,Wood
183712,MIAMI DADE COUNTY,Wood
783295,MIAMI DADE COUNTY,Masonry
915269,MIAMI DADE COUNTY,Wood
143058,MIAMI DADE COUNTY,Wood
594504,MIAMI DADE COUNTY,Reinforced Masonry
124092,MIAMI DADE COUNTY,Masonry
559662,MIAMI DADE COUNTY,Wood
374589,MIAMI DADE COUNTY,Wood
331534,MIAMI DADE COUNTY,Wood
997795,MIAMI DADE COUNTY,Reinforced Masonry
707479,MIAMI DADE COUNTY,Reinforced Masonry
912082,MIAMI DADE COUNTY,Wood
383987,MIAMI DADE COUNTY,Wood
756115,MIAMI DADE COUNTY,Masonry
154824,MIAMI DADE COUNTY,Wood
936318,MIAMI DADE COUNTY,Wood
800198,MIAMI DADE COUNTY,Masonry
369531,MIAMI DADE COUNTY,Masonry
960269,MIAMI DADE COUNTY,Masonry
365226,MIAMI DADE COUNTY,Masonry
800174,MIAMI DADE COUNTY,Masonry
833535,MIAMI DADE COUNTY,Wood
767265,MIAMI DADE COUNTY,Wood
325396,MIAMI DADE COUNTY,Wood
657844,MIAMI DADE COUNTY,Masonry
144120,MIAMI DADE COUNTY,Reinforced Masonry
502196,MIAMI DADE COUNTY,Wood
792488,MIAMI DADE COUNTY,Wood
443763,MIAMI DADE COUNTY,Wood
570498,MIAMI DADE COUNTY,Masonry
738250,MIAMI DADE COUNTY,Wood
818582,MIAMI DADE COUNTY,Masonry
860047,MIAMI DADE COUNTY,Masonry
685447,MIAMI DADE COUNTY,Wood
199349,MIAMI DADE COUNTY,Wood
855375,MIAMI DADE COUNTY,Wood
343815,MIAMI DADE COUNTY,Wood
294749,MIAMI DADE COUNTY,Wood
650309,MIAMI DADE COUNTY,Wood
898257,MIAMI DADE COUNTY,Wood
196247,MIAMI DADE COUNTY,Wood
853613,MIAMI DADE COUNTY,Wood
573849,MIAMI DADE COUNTY,Wood
178577,MIAMI DADE COUNTY,Wood
440024,MIAMI DADE COUNTY,Wood
785075,MIAMI DADE COUNTY,Wood
972081,MIAMI DADE COUNTY,Reinforced Masonry
637975,MIAMI DADE COUNTY,Wood
722248,MIAMI DADE COUNTY,Masonry
936037,MIAMI DADE COUNTY,Masonry
357490,MIAMI DADE COUNTY,Masonry
551998,MIAMI DADE COUNTY,Masonry
894056,MIAMI DADE COUNTY,Reinforced Masonry
626511,MIAMI DADE COUNTY,Wood
529684,MIAMI DADE COUNTY,Masonry
115092,MIAMI DADE COUNTY,Wood
368646,MIAMI DADE COUNTY,Masonry
590879,MIAMI DADE COUNTY,Reinforced Masonry
721522,MIAMI DADE COUNTY,Wood
816243,MIAMI DADE COUNTY,Reinforced Masonry
332229,MIAMI DADE COUNTY,Reinforced Masonry
903061,MIAMI DADE COUNTY,Reinforced Masonry
722556,MIAMI DADE COUNTY,Wood
670260,MIAMI DADE COUNTY,Reinforced Concrete
603911,MIAMI DADE COUNTY,Reinforced Masonry
884420,MIAMI DADE COUNTY,Wood
964858,MIAMI DADE COUNTY,Reinforced Masonry
123277,MIAMI DADE COUNTY,Reinforced Concrete
865899,MIAMI DADE COUNTY,Steel Frame
167414,MIAMI DADE COUNTY,Reinforced Masonry
548197,MIAMI DADE COUNTY,Reinforced Masonry
499371,MIAMI DADE COUNTY,Masonry
226365,MIAMI DADE COUNTY,Reinforced Masonry
398075,MIAMI DADE COUNTY,Masonry
740185,MIAMI DADE COUNTY,Wood
559799,MIAMI DADE COUNTY,Masonry
657119,MIAMI DADE COUNTY,Wood
865596,MIAMI DADE COUNTY,Masonry
342319,MIAMI DADE COUNTY,Masonry
981463,MIAMI DADE COUNTY,Masonry
861144,MIAMI DADE COUNTY,Masonry
867897,MIAMI DADE COUNTY,Masonry
904089,MIAMI DADE COUNTY,Wood
302451,MIAMI DADE COUNTY,Wood
948815,MIAMI DADE COUNTY,Wood
237844,MIAMI DADE COUNTY,Masonry
167969,MIAMI DADE COUNTY,Wood
389092,MIAMI DADE COUNTY,Wood
823800,MIAMI DADE COUNTY,Masonry
881874,MIAMI DADE COUNTY,Masonry
770634,MIAMI DADE COUNTY,Wood
102012,MIAMI DADE COUNTY,Masonry
291507,MIAMI DADE COUNTY,Reinforced Masonry
672192,MIAMI DADE COUNTY,Wood
816616,MIAMI DADE COUNTY,Masonry
379282,MIAMI DADE COUNTY,Masonry
623280,MIAMI DADE COUNTY,Reinforced Masonry
589234,MIAMI DADE COUNTY,Masonry
901650,MIAMI DADE COUNTY,Wood
458509,MIAMI DADE COUNTY,Masonry
949148,MIAMI DADE COUNTY,Reinforced Masonry
585812,MIAMI DADE COUNTY,Masonry
376739,MIAMI DADE COUNTY,Masonry
384723,MIAMI DADE COUNTY,Wood
200919,MIAMI DADE COUNTY,Reinforced Concrete
419447,MIAMI DADE COUNTY,Wood
549204,MIAMI DADE COUNTY,Masonry
632465,MIAMI DADE COUNTY,Masonry
976045,MIAMI DADE COUNTY,Masonry
711885,MIAMI DADE COUNTY,Masonry
644979,MIAMI DADE COUNTY,Wood
111094,MIAMI DADE COUNTY,Wood
983884,MIAMI DADE COUNTY,Masonry
487411,MIAMI DADE COUNTY,Reinforced Masonry
880731,MIAMI DADE COUNTY,Masonry
980097,MIAMI DADE COUNTY,Wood
635351,MIAMI DADE COUNTY,Wood
810111,MIAMI DADE COUNTY,Wood
195851,MIAMI DADE COUNTY,Wood
177204,MIAMI DADE COUNTY,Reinforced Masonry
102290,MIAMI DADE COUNTY,Reinforced Masonry
749659,MIAMI DADE COUNTY,Wood
674810,MIAMI DADE COUNTY,Reinforced Concrete
176716,MIAMI DADE COUNTY,Reinforced Masonry
646008,MIAMI DADE COUNTY,Reinforced Concrete
585440,MIAMI DADE COUNTY,Reinforced Masonry
747027,MIAMI DADE COUNTY,Reinforced Concrete
211861,MIAMI DADE COUNTY,Reinforced Concrete
441312,MIAMI DADE COUNTY,Reinforced Concrete
593979,MIAMI DADE COUNTY,Reinforced Masonry
281367,MIAMI DADE COUNTY,Reinforced Masonry
863677,MIAMI DADE COUNTY,Reinforced Masonry
834911,MIAMI DADE COUNTY,Wood
526934,MIAMI DADE COUNTY,Masonry
800203,MIAMI DADE COUNTY,Wood
462379,MIAMI DADE COUNTY,Masonry
129035,MIAMI DADE COUNTY,Wood
283549,MIAMI DADE COUNTY,Masonry
242302,MIAMI DADE COUNTY,Reinforced Masonry
737252,MIAMI DADE COUNTY,Wood
953762,MIAMI DADE COUNTY,Reinforced Masonry
977115,MIAMI DADE COUNTY,Wood
211827,MIAMI DADE COUNTY,Steel Frame
467261,MIAMI DADE COUNTY,Reinforced Concrete
385156,MIAMI DADE COUNTY,Reinforced Concrete
354212,MIAMI DADE COUNTY,Steel Frame
628314,MIAMI DADE COUNTY,Masonry
557454,MIAMI DADE COUNTY,Masonry
790357,MIAMI DADE COUNTY,Reinforced Masonry
885056,MIAMI DADE COUNTY,Wood
284386,MIAMI DADE COUNTY,Reinforced Masonry
602205,MIAMI DADE COUNTY,Wood
971537,MIAMI DADE COUNTY,Wood
706610,MIAMI DADE COUNTY,Reinforced Masonry
507129,MIAMI DADE COUNTY,Wood
855095,MIAMI DADE COUNTY,Wood
186077,MIAMI DADE COUNTY,Wood
550054,MIAMI DADE COUNTY,Masonry
168805,MIAMI DADE COUNTY,Reinforced Masonry
669823,MIAMI DADE COUNTY,Masonry
892507,MIAMI DADE COUNTY,Wood
600279,MIAMI DADE COUNTY,Masonry
350689,MIAMI DADE COUNTY,Masonry
573886,MIAMI DADE COUNTY,Masonry
351639,MIAMI DADE COUNTY,Reinforced Masonry
197994,MIAMI DADE COUNTY,Reinforced Masonry
757816,MIAMI DADE COUNTY,Reinforced Masonry
515503,MIAMI DADE COUNTY,Reinforced Concrete
103230,MIAMI DADE COUNTY,Reinforced Masonry
397874,MIAMI DADE COUNTY,Wood
982177,MIAMI DADE COUNTY,Reinforced Concrete
396544,MIAMI DADE COUNTY,Reinforced Masonry
467221,MIAMI DADE COUNTY,Reinforced Concrete
966736,MIAMI DADE COUNTY,Wood
817564,MIAMI DADE COUNTY,Reinforced Masonry
813853,MIAMI DADE COUNTY,Wood
831459,MIAMI DADE COUNTY,Masonry
459247,MIAMI DADE COUNTY,Wood
776253,MIAMI DADE COUNTY,Reinforced Masonry
173983,MIAMI DADE COUNTY,Reinforced Masonry
341710,MIAMI DADE COUNTY,Masonry
473121,MIAMI DADE COUNTY,Wood
129771,MIAMI DADE COUNTY,Masonry
757238,MIAMI DADE COUNTY,Wood
206158,MIAMI DADE COUNTY,Reinforced Masonry
325452,MIAMI DADE COUNTY,Masonry
597255,MIAMI DADE COUNTY,Masonry
824764,MIAMI DADE COUNTY,Reinforced Masonry
332950,MIAMI DADE COUNTY,Masonry
971270,MIAMI DADE COUNTY,Masonry
220000,MIAMI DADE COUNTY,Masonry
833868,MIAMI DADE COUNTY,Masonry
773606,MIAMI DADE COUNTY,Masonry
900443,MIAMI DADE COUNTY,Masonry
364166,MIAMI DADE COUNTY,Masonry
552090,MIAMI DADE COUNTY,Masonry
925437,MIAMI DADE COUNTY,Masonry
429228,MIAMI DADE COUNTY,Reinforced Concrete
124814,MIAMI DADE COUNTY,Reinforced Concrete
961608,MIAMI DADE COUNTY,Reinforced Concrete
259296,MIAMI DADE COUNTY,Masonry
616021,MIAMI DADE COUNTY,Wood
603722,MIAMI DADE COUNTY,Masonry
163928,MIAMI DADE COUNTY,Masonry
228333,MIAMI DADE COUNTY,Masonry
487535,MIAMI DADE COUNTY,Wood
903973,MIAMI DADE COUNTY,Masonry
567185,MIAMI DADE COUNTY,Reinforced Masonry
357146,MIAMI DADE COUNTY,Masonry
279429,MIAMI DADE COUNTY,Wood
740529,MIAMI DADE COUNTY,Reinforced Masonry
532499,MIAMI DADE COUNTY,Masonry
530485,MIAMI DADE COUNTY,Steel Frame
282917,MIAMI DADE COUNTY,Reinforced Masonry
909151,MIAMI DADE COUNTY,Reinforced Concrete
606821,MIAMI DADE COUNTY,Steel Frame
346840,MIAMI DADE COUNTY,Masonry
752116,MIAMI DADE COUNTY,Masonry
147517,MIAMI DADE COUNTY,Reinforced Masonry
796955,MIAMI DADE COUNTY,Reinforced Masonry
814401,MIAMI DADE COUNTY,Wood
377043,MIAMI DADE COUNTY,Masonry
121904,MIAMI DADE COUNTY,Wood
792030,MIAMI DADE COUNTY,Wood
640308,MIAMI DADE COUNTY,Reinforced Masonry
266077,MIAMI DADE COUNTY,Wood
294276,MIAMI DADE COUNTY,Wood
343738,MIAMI DADE COUNTY,Masonry
738421,MIAMI DADE COUNTY,Masonry
882004,MIAMI DADE COUNTY,Masonry
418896,MIAMI DADE COUNTY,Reinforced Masonry
570149,MIAMI DADE COUNTY,Reinforced Concrete
753621,MIAMI DADE COUNTY,Wood
279920,MIAMI DADE COUNTY,Masonry
889497,MIAMI DADE COUNTY,Masonry
702247,MIAMI DADE COUNTY,Wood
588343,MIAMI DADE COUNTY,Wood
620265,MIAMI DADE COUNTY,Wood
364969,MIAMI DADE COUNTY,Wood
523742,MIAMI DADE COUNTY,Wood
419560,MIAMI DADE COUNTY,Reinforced Masonry
590019,MIAMI DADE COUNTY,Wood
900434,MIAMI DADE COUNTY,Wood
309017,MIAMI DADE COUNTY,Masonry
398022,MIAMI DADE COUNTY,Masonry
922445,MIAMI DADE COUNTY,Masonry
673724,MIAMI DADE COUNTY,Wood
629026,MIAMI DADE COUNTY,Wood
845753,MIAMI DADE COUNTY,Wood
109475,MIAMI DADE COUNTY,Wood
325716,MIAMI DADE COUNTY,Wood
510655,MIAMI DADE COUNTY,Masonry
143696,MIAMI DADE COUNTY,Wood
613886,MIAMI DADE COUNTY,Masonry
136851,MIAMI DADE COUNTY,Wood
975298,MIAMI DADE COUNTY,Wood
892990,MIAMI DADE COUNTY,Masonry
525003,MIAMI DADE COUNTY,Wood
814228,MIAMI DADE COUNTY,Reinforced Concrete
794431,MIAMI DADE COUNTY,Masonry
746761,MIAMI DADE COUNTY,Masonry
590661,MIAMI DADE COUNTY,Reinforced Concrete
495363,MIAMI DADE COUNTY,Wood
607404,MIAMI DADE COUNTY,Reinforced Masonry
793893,MIAMI DADE COUNTY,Reinforced Masonry
923008,MIAMI DADE COUNTY,Wood
896379,MIAMI DADE COUNTY,Masonry
735667,MIAMI DADE COUNTY,Wood
451932,MIAMI DADE COUNTY,Masonry
909245,MIAMI DADE COUNTY,Wood
783880,MIAMI DADE COUNTY,Wood
380822,MIAMI DADE COUNTY,Wood
944338,MIAMI DADE COUNTY,Wood
293615,MIAMI DADE COUNTY,Wood
938101,MIAMI DADE COUNTY,Wood
733582,MIAMI DADE COUNTY,Wood
953196,MIAMI DADE COUNTY,Steel Frame
142307,MIAMI DADE COUNTY,Masonry
255039,MIAMI DADE COUNTY,Reinforced Masonry
837288,MIAMI DADE COUNTY,Steel Frame
233047,MIAMI DADE COUNTY,Masonry
673475,MIAMI DADE COUNTY,Masonry
713228,MIAMI DADE COUNTY,Masonry
904786,MIAMI DADE COUNTY,Masonry
191252,MIAMI DADE COUNTY,Wood
605246,MIAMI DADE COUNTY,Steel Frame
464145,MIAMI DADE COUNTY,Reinforced Masonry
145159,MIAMI DADE COUNTY,Steel Frame
174523,MIAMI DADE COUNTY,Masonry
479883,MIAMI DADE COUNTY,Wood
853714,MIAMI DADE COUNTY,Steel Frame
896307,MIAMI DADE COUNTY,Reinforced Concrete
779812,MIAMI DADE COUNTY,Reinforced Masonry
459134,MIAMI DADE COUNTY,Reinforced Masonry
996637,MIAMI DADE COUNTY,Masonry
860016,MIAMI DADE COUNTY,Reinforced Masonry
526869,MIAMI DADE COUNTY,Masonry
109548,MIAMI DADE COUNTY,Masonry
562195,MIAMI DADE COUNTY,Wood
879506,MIAMI DADE COUNTY,Masonry
142499,MIAMI DADE COUNTY,Wood
789691,MIAMI DADE COUNTY,Reinforced Masonry
856287,MIAMI DADE COUNTY,Reinforced Masonry
800011,MIAMI DADE COUNTY,Reinforced Masonry
263412,MIAMI DADE COUNTY,Steel Frame
895221,MIAMI DADE COUNTY,Reinforced Masonry
545594,MIAMI DADE COUNTY,Steel Frame
547923,MIAMI DADE COUNTY,Masonry
954237,MIAMI DADE COUNTY,Masonry
144993,MIAMI DADE COUNTY,Steel Frame
472856,MIAMI DADE COUNTY,Wood
219449,MIAMI DADE COUNTY,Wood
859207,MIAMI DADE COUNTY,Wood
157859,MIAMI DADE COUNTY,Reinforced Concrete
235720,MIAMI DADE COUNTY,Reinforced Concrete
412828,MIAMI DADE COUNTY,Reinforced Masonry
538434,MIAMI DADE COUNTY,Reinforced Concrete
609321,MIAMI DADE COUNTY,Wood
640191,MIAMI DADE COUNTY,Wood
959938,MIAMI DADE COUNTY,Wood
114520,MIAMI DADE COUNTY,Reinforced Concrete
867427,MIAMI DADE COUNTY,Reinforced Concrete
226979,MIAMI DADE COUNTY,Reinforced Concrete
418812,MIAMI DADE COUNTY,Wood
899916,MIAMI DADE COUNTY,Reinforced Masonry
282738,MIAMI DADE COUNTY,Reinforced Concrete
701227,MIAMI DADE COUNTY,Wood
672575,MIAMI DADE COUNTY,Wood
631797,MIAMI DADE COUNTY,Reinforced Masonry
926058,MIAMI DADE COUNTY,Reinforced Masonry
618495,MIAMI DADE COUNTY,Reinforced Masonry
284866,MIAMI DADE COUNTY,Reinforced Masonry
702124,MIAMI DADE COUNTY,Masonry
680840,MIAMI DADE COUNTY,Masonry
523571,MIAMI DADE COUNTY,Reinforced Concrete
363723,MIAMI DADE COUNTY,Masonry
204470,MIAMI DADE COUNTY,Reinforced Concrete
922660,MIAMI DADE COUNTY,Reinforced Concrete
741776,MIAMI DADE COUNTY,Reinforced Masonry
416089,MIAMI DADE COUNTY,Masonry
489956,MIAMI DADE COUNTY,Wood
263576,MIAMI DADE COUNTY,Masonry
861914,MIAMI DADE COUNTY,Reinforced Concrete
687994,MIAMI DADE COUNTY,Wood
100361,MIAMI DADE COUNTY,Reinforced Masonry
416333,MIAMI DADE COUNTY,Masonry
668242,MIAMI DADE COUNTY,Masonry
811166,MIAMI DADE COUNTY,Wood
585245,MIAMI DADE COUNTY,Reinforced Masonry
968539,MIAMI DADE COUNTY,Masonry
591835,MIAMI DADE COUNTY,Masonry
873669,MIAMI DADE COUNTY,Masonry
495915,MIAMI DADE COUNTY,Masonry
886415,MIAMI DADE COUNTY,Reinforced Masonry
184048,MIAMI DADE COUNTY,Masonry
931116,MIAMI DADE COUNTY,Masonry
791267,MIAMI DADE COUNTY,Wood
433371,MIAMI DADE COUNTY,Wood
797260,MIAMI DADE COUNTY,Wood
715780,MIAMI DADE COUNTY,Wood
325963,MIAMI DADE COUNTY,Wood
948664,MIAMI DADE COUNTY,Reinforced Masonry
715894,MIAMI DADE COUNTY,Wood
779916,MIAMI DADE COUNTY,Reinforced Masonry
987874,MIAMI DADE COUNTY,Wood
522254,MIAMI DADE COUNTY,Masonry
731497,MIAMI DADE COUNTY,Masonry
899864,MIAMI DADE COUNTY,Reinforced Masonry
337697,MIAMI DADE COUNTY,Wood
441637,MIAMI DADE COUNTY,Wood
601023,MIAMI DADE COUNTY,Wood
989817,MIAMI DADE COUNTY,Wood
925980,MIAMI DADE COUNTY,Wood
930967,MIAMI DADE COUNTY,Wood
350283,MIAMI DADE COUNTY,Wood
943637,MIAMI DADE COUNTY,Wood
110168,MIAMI DADE COUNTY,Wood
610866,MIAMI DADE COUNTY,Wood
868706,MIAMI DADE COUNTY,Wood
270406,MIAMI DADE COUNTY,Wood
498507,MIAMI DADE COUNTY,Wood
146694,MIAMI DADE COUNTY,Wood
662039,MIAMI DADE COUNTY,Wood
742331,MIAMI DADE COUNTY,Wood
624778,MIAMI DADE COUNTY,Wood
276875,MIAMI DADE COUNTY,Wood
349640,MIAMI DADE COUNTY,Wood
382655,MIAMI DADE COUNTY,Wood
379943,MIAMI DADE COUNTY,Wood
278545,MIAMI DADE COUNTY,Wood
683828,MIAMI DADE COUNTY,Wood
571624,MIAMI DADE COUNTY,Wood
735774,MIAMI DADE COUNTY,Wood
578582,MIAMI DADE COUNTY,Masonry
487696,MIAMI DADE COUNTY,Wood
835757,MIAMI DADE COUNTY,Wood
175953,MIAMI DADE COUNTY,Reinforced Masonry
536345,MIAMI DADE COUNTY,Masonry
985869,MIAMI DADE COUNTY,Masonry
690156,MIAMI DADE COUNTY,Masonry
864822,MIAMI DADE COUNTY,Wood
276538,MIAMI DADE COUNTY,Wood
524867,MIAMI DADE COUNTY,Masonry
768772,MIAMI DADE COUNTY,Masonry
543395,MIAMI DADE COUNTY,Reinforced Masonry
914357,MIAMI DADE COUNTY,Reinforced Masonry
313504,MIAMI DADE COUNTY,Wood
569012,MIAMI DADE COUNTY,Wood
466296,MIAMI DADE COUNTY,Wood
634842,MIAMI DADE COUNTY,Wood
944328,MIAMI DADE COUNTY,Masonry
118125,MIAMI DADE COUNTY,Masonry
450407,MIAMI DADE COUNTY,Masonry
451333,MIAMI DADE COUNTY,Wood
774823,MIAMI DADE COUNTY,Reinforced Masonry
860434,MIAMI DADE COUNTY,Masonry
374209,MIAMI DADE COUNTY,Masonry
246806,MIAMI DADE COUNTY,Reinforced Masonry
668702,MIAMI DADE COUNTY,Masonry
386305,MIAMI DADE COUNTY,Masonry
195375,MIAMI DADE COUNTY,Wood
948031,MIAMI DADE COUNTY,Wood
695810,MIAMI DADE COUNTY,Wood
552863,MIAMI DADE COUNTY,Reinforced Masonry
287590,MIAMI DADE COUNTY,Masonry
779568,MIAMI DADE COUNTY,Masonry
121763,MIAMI DADE COUNTY,Masonry
709606,MIAMI DADE COUNTY,Masonry
611236,MIAMI DADE COUNTY,Masonry
878062,MIAMI DADE COUNTY,Masonry
522837,MIAMI DADE COUNTY,Masonry
159417,MIAMI DADE COUNTY,Masonry
865702,MIAMI DADE COUNTY,Masonry
390166,MIAMI DADE COUNTY,Reinforced Concrete
666501,MIAMI DADE COUNTY,Reinforced Masonry
858998,MIAMI DADE COUNTY,Reinforced Masonry
779327,MIAMI DADE COUNTY,Wood
193710,MIAMI DADE COUNTY,Wood
568604,MIAMI DADE COUNTY,Wood
250771,MIAMI DADE COUNTY,Wood
752688,MIAMI DADE COUNTY,Masonry
144942,MIAMI DADE COUNTY,Masonry
246858,MIAMI DADE COUNTY,Reinforced Masonry
660049,MIAMI DADE COUNTY,Masonry
153659,MIAMI DADE COUNTY,Reinforced Concrete
835240,MIAMI DADE COUNTY,Reinforced Masonry
908254,MIAMI DADE COUNTY,Masonry
308770,MIAMI DADE COUNTY,Masonry
183165,MIAMI DADE COUNTY,Masonry
645820,MIAMI DADE COUNTY,Wood
797134,MIAMI DADE COUNTY,Masonry
596621,MIAMI DADE COUNTY,Steel Frame
938991,MIAMI DADE COUNTY,Reinforced Masonry
117680,MIAMI DADE COUNTY,Reinforced Concrete
728529,MIAMI DADE COUNTY,Masonry
157966,MIAMI DADE COUNTY,Reinforced Masonry
811698,MIAMI DADE COUNTY,Reinforced Masonry
213608,MIAMI DADE COUNTY,Masonry
181491,MIAMI DADE COUNTY,Masonry
362645,MIAMI DADE COUNTY,Masonry
620798,MIAMI DADE COUNTY,Masonry
574874,MIAMI DADE COUNTY,Wood
806839,MIAMI DADE COUNTY,Wood
821286,MIAMI DADE COUNTY,Wood
639680,MIAMI DADE COUNTY,Wood
523999,MIAMI DADE COUNTY,Wood
803471,MIAMI DADE COUNTY,Wood
494565,MIAMI DADE COUNTY,Wood
777003,MIAMI DADE COUNTY,Wood
492949,MIAMI DADE COUNTY,Wood
966799,MIAMI DADE COUNTY,Wood
728854,MIAMI DADE COUNTY,Wood
129401,MIAMI DADE COUNTY,Masonry
461063,MIAMI DADE COUNTY,Wood
103533,MIAMI DADE COUNTY,Wood
191443,MIAMI DADE COUNTY,Wood
424913,MIAMI DADE COUNTY,Reinforced Concrete
701232,MIAMI DADE COUNTY,Reinforced Masonry
661108,MIAMI DADE COUNTY,Wood
341988,MIAMI DADE COUNTY,Masonry
900211,MIAMI DADE COUNTY,Wood
493064,MIAMI DADE COUNTY,Masonry
172907,MIAMI DADE COUNTY,Masonry
389626,MIAMI DADE COUNTY,Masonry
390765,MIAMI DADE COUNTY,Wood
247717,MIAMI DADE COUNTY,Wood
444842,MIAMI DADE COUNTY,Wood
902253,MIAMI DADE COUNTY,Wood
983738,MIAMI DADE COUNTY,Masonry
308214,MIAMI DADE COUNTY,Reinforced Masonry
960377,MIAMI DADE COUNTY,Wood
381663,MIAMI DADE COUNTY,Masonry
740966,MIAMI DADE COUNTY,Wood
234037,MIAMI DADE COUNTY,Wood
685714,MIAMI DADE COUNTY,Wood
609743,MIAMI DADE COUNTY,Wood
952236,MIAMI DADE COUNTY,Wood
380659,MIAMI DADE COUNTY,Masonry
642036,MIAMI DADE COUNTY,Reinforced Masonry
248028,MIAMI DADE COUNTY,Masonry
548707,MIAMI DADE COUNTY,Reinforced Concrete
257493,MIAMI DADE COUNTY,Reinforced Masonry
710013,MIAMI DADE COUNTY,Masonry
874917,MIAMI DADE COUNTY,Wood
744915,MIAMI DADE COUNTY,Wood
251255,MIAMI DADE COUNTY,Reinforced Masonry
200552,MIAMI DADE COUNTY,Wood
195182,MIAMI DADE COUNTY,Wood
804223,MIAMI DADE COUNTY,Wood
832584,MIAMI DADE COUNTY,Reinforced Masonry
559214,MIAMI DADE COUNTY,Wood
305420,MIAMI DADE COUNTY,Masonry
107608,MIAMI DADE COUNTY,Wood
188930,MIAMI DADE COUNTY,Masonry
821261,MIAMI DADE COUNTY,Reinforced Masonry
324030,MIAMI DADE COUNTY,Reinforced Masonry
529019,MIAMI DADE COUNTY,Wood
126418,MIAMI DADE COUNTY,Masonry
657430,MIAMI DADE COUNTY,Wood
881431,MIAMI DADE COUNTY,Wood
124254,MIAMI DADE COUNTY,Wood
353993,MIAMI DADE COUNTY,Wood
110808,MIAMI DADE COUNTY,Wood
330567,MIAMI DADE COUNTY,Masonry
802007,MIAMI DADE COUNTY,Masonry
510478,MIAMI DADE COUNTY,Wood
573290,MIAMI DADE COUNTY,Wood
962720,MIAMI DADE COUNTY,Wood
434434,MIAMI DADE COUNTY,Wood
560863,MIAMI DADE COUNTY,Wood
746992,MIAMI DADE COUNTY,Reinforced Masonry
788019,MIAMI DADE COUNTY,Wood
460848,MIAMI DADE COUNTY,Wood
154382,MIAMI DADE COUNTY,Wood
209327,MIAMI DADE COUNTY,Masonry
648414,MIAMI DADE COUNTY,Reinforced Masonry
595002,MIAMI DADE COUNTY,Reinforced Masonry
920713,MIAMI DADE COUNTY,Wood
344942,MIAMI DADE COUNTY,Masonry
833029,MIAMI DADE COUNTY,Masonry
197406,MIAMI DADE COUNTY,Wood
160865,MIAMI DADE COUNTY,Steel Frame
145234,MIAMI DADE COUNTY,Reinforced Masonry
380023,MIAMI DADE COUNTY,Reinforced Concrete
179231,MIAMI DADE COUNTY,Steel Frame
963249,MIAMI DADE COUNTY,Wood
895789,MIAMI DADE COUNTY,Wood
773478,MIAMI DADE COUNTY,Masonry
532078,MIAMI DADE COUNTY,Masonry
337834,MIAMI DADE COUNTY,Masonry
243615,MIAMI DADE COUNTY,Reinforced Masonry
203720,MIAMI DADE COUNTY,Reinforced Masonry
899747,MIAMI DADE COUNTY,Masonry
975265,MIAMI DADE COUNTY,Masonry
202110,MIAMI DADE COUNTY,Masonry
549018,MIAMI DADE COUNTY,Wood
919065,MIAMI DADE COUNTY,Reinforced Masonry
282866,MIAMI DADE COUNTY,Wood
488399,MIAMI DADE COUNTY,Wood
605126,MIAMI DADE COUNTY,Reinforced Masonry
123771,MIAMI DADE COUNTY,Wood
928368,MIAMI DADE COUNTY,Wood
521098,MIAMI DADE COUNTY,Wood
430815,MIAMI DADE COUNTY,Wood
462924,MIAMI DADE COUNTY,Wood
581753,MIAMI DADE COUNTY,Wood
191019,MIAMI DADE COUNTY,Wood
370860,MIAMI DADE COUNTY,Wood
358522,MIAMI DADE COUNTY,Masonry
302686,MIAMI DADE COUNTY,Reinforced Masonry
265360,MIAMI DADE COUNTY,Wood
703884,MIAMI DADE COUNTY,Wood
401666,MIAMI DADE COUNTY,Masonry
980692,MIAMI DADE COUNTY,Reinforced Concrete
710240,MIAMI DADE COUNTY,Masonry
436798,MIAMI DADE COUNTY,Masonry
469542,MIAMI DADE COUNTY,Reinforced Concrete
296174,MIAMI DADE COUNTY,Masonry
123910,MIAMI DADE COUNTY,Wood
721393,MIAMI DADE COUNTY,Wood
762530,MIAMI DADE COUNTY,Masonry
996347,MIAMI DADE COUNTY,Wood
342943,MIAMI DADE COUNTY,Masonry
882227,MIAMI DADE COUNTY,Reinforced Masonry
161365,MIAMI DADE COUNTY,Reinforced Masonry
352979,MIAMI DADE COUNTY,Masonry
639628,MIAMI DADE COUNTY,Wood
671582,MIAMI DADE COUNTY,Wood
440686,MIAMI DADE COUNTY,Wood
143960,MIAMI DADE COUNTY,Reinforced Masonry
475015,MIAMI DADE COUNTY,Reinforced Masonry
428363,MIAMI DADE COUNTY,Masonry
239854,MIAMI DADE COUNTY,Masonry
848123,MIAMI DADE COUNTY,Masonry
844748,MIAMI DADE COUNTY,Wood
427513,MIAMI DADE COUNTY,Wood
120854,MIAMI DADE COUNTY,Wood
550031,MIAMI DADE COUNTY,Reinforced Masonry
772907,MIAMI DADE COUNTY,Masonry
840335,MIAMI DADE COUNTY,Wood
928811,MIAMI DADE COUNTY,Reinforced Masonry
245580,MIAMI DADE COUNTY,Masonry
754918,MIAMI DADE COUNTY,Wood
125835,MIAMI DADE COUNTY,Masonry
212024,MIAMI DADE COUNTY,Reinforced Masonry
111027,MIAMI DADE COUNTY,Masonry
595342,MIAMI DADE COUNTY,Wood
281677,MIAMI DADE COUNTY,Masonry
975498,MIAMI DADE COUNTY,Wood
929406,MIAMI DADE COUNTY,Reinforced Masonry
324349,MIAMI DADE COUNTY,Masonry
217394,MIAMI DADE COUNTY,Reinforced Concrete
288457,MIAMI DADE COUNTY,Masonry
578687,MIAMI DADE COUNTY,Wood
461335,MIAMI DADE COUNTY,Reinforced Masonry
179905,MIAMI DADE COUNTY,Wood
410654,MIAMI DADE COUNTY,Wood
198015,MIAMI DADE COUNTY,Wood
376134,MIAMI DADE COUNTY,Wood
214881,MIAMI DADE COUNTY,Masonry
657270,MIAMI DADE COUNTY,Wood
510457,MIAMI DADE COUNTY,Reinforced Masonry
979942,MIAMI DADE COUNTY,Reinforced Masonry
789718,MIAMI DADE COUNTY,Wood
529089,MIAMI DADE COUNTY,Masonry
289771,MIAMI DADE COUNTY,Masonry
914834,MIAMI DADE COUNTY,Reinforced Masonry
885745,MIAMI DADE COUNTY,Masonry
924680,MIAMI DADE COUNTY,Masonry
432555,MIAMI DADE COUNTY,Reinforced Masonry
518594,MIAMI DADE COUNTY,Wood
724139,MIAMI DADE COUNTY,Masonry
736061,MIAMI DADE COUNTY,Wood
579396,MIAMI DADE COUNTY,Reinforced Masonry
837327,MIAMI DADE COUNTY,Reinforced Masonry
622844,MIAMI DADE COUNTY,Wood
406624,MIAMI DADE COUNTY,Reinforced Concrete
291932,MIAMI DADE COUNTY,Steel Frame
234063,MIAMI DADE COUNTY,Masonry
855397,MIAMI DADE COUNTY,Reinforced Concrete
504669,MIAMI DADE COUNTY,Reinforced Concrete
919960,MIAMI DADE COUNTY,Masonry
236205,MIAMI DADE COUNTY,Wood
516229,MIAMI DADE COUNTY,Reinforced Masonry
994252,MIAMI DADE COUNTY,Wood
343962,MIAMI DADE COUNTY,Steel Frame
164725,MIAMI DADE COUNTY,Reinforced Masonry
929486,MIAMI DADE COUNTY,Reinforced Masonry
446628,MIAMI DADE COUNTY,Reinforced Masonry
455589,MIAMI DADE COUNTY,Masonry
394709,MIAMI DADE COUNTY,Masonry
623793,MIAMI DADE COUNTY,Masonry
837823,MIAMI DADE COUNTY,Wood
999145,MIAMI DADE COUNTY,Steel Frame
482974,MIAMI DADE COUNTY,Masonry
369823,MIAMI DADE COUNTY,Wood
456934,MIAMI DADE COUNTY,Wood
913527,MIAMI DADE COUNTY,Masonry
486754,MIAMI DADE COUNTY,Steel Frame
771166,MIAMI DADE COUNTY,Reinforced Masonry
464083,MIAMI DADE COUNTY,Reinforced Masonry
611399,MIAMI DADE COUNTY,Wood
728317,MIAMI DADE COUNTY,Wood
640698,MIAMI DADE COUNTY,Reinforced Masonry
890064,MIAMI DADE COUNTY,Masonry
697915,MIAMI DADE COUNTY,Reinforced Masonry
580585,MIAMI DADE COUNTY,Masonry
252460,MIAMI DADE COUNTY,Masonry
377101,MIAMI DADE COUNTY,Wood
202645,MIAMI DADE COUNTY,Wood
161304,MIAMI DADE COUNTY,Wood
515392,MIAMI DADE COUNTY,Masonry
415358,MIAMI DADE COUNTY,Reinforced Masonry
489326,MIAMI DADE COUNTY,Wood
579638,MIAMI DADE COUNTY,Reinforced Masonry
888109,MIAMI DADE COUNTY,Reinforced Masonry
631687,MIAMI DADE COUNTY,Reinforced Masonry
248901,MIAMI DADE COUNTY,Reinforced Masonry
549961,MIAMI DADE COUNTY,Reinforced Masonry
695469,MIAMI DADE COUNTY,Masonry
151510,MIAMI DADE COUNTY,Reinforced Masonry
138378,MIAMI DADE COUNTY,Reinforced Masonry
200446,MIAMI DADE COUNTY,Masonry
524547,MIAMI DADE COUNTY,Reinforced Masonry
439726,MIAMI DADE COUNTY,Wood
975753,MIAMI DADE COUNTY,Masonry
657703,MIAMI DADE COUNTY,Wood
794340,MIAMI DADE COUNTY,Masonry
330159,MIAMI DADE COUNTY,Masonry
169584,MIAMI DADE COUNTY,Masonry
777756,MIAMI DADE COUNTY,Wood
789303,MIAMI DADE COUNTY,Wood
671466,MIAMI DADE COUNTY,Wood
630579,MIAMI DADE COUNTY,Wood
237333,MIAMI DADE COUNTY,Wood
256008,MIAMI DADE COUNTY,Wood
943203,MIAMI DADE COUNTY,Wood
305015,MIAMI DADE COUNTY,Wood
269501,MIAMI DADE COUNTY,Reinforced Masonry
918981,MIAMI DADE COUNTY,Wood
808158,MIAMI DADE COUNTY,Wood
180837,MIAMI DADE COUNTY,Wood
496583,MIAMI DADE COUNTY,Wood
279066,MIAMI DADE COUNTY,Wood
386410,MIAMI DADE COUNTY,Reinforced Masonry
186417,MIAMI DADE COUNTY,Wood
295800,MIAMI DADE COUNTY,Wood
978670,MIAMI DADE COUNTY,Wood
313125,MIAMI DADE COUNTY,Masonry
647266,MIAMI DADE COUNTY,Steel Frame
227353,MIAMI DADE COUNTY,Reinforced Masonry
108972,MIAMI DADE COUNTY,Masonry
969169,MIAMI DADE COUNTY,Reinforced Masonry
958356,MIAMI DADE COUNTY,Reinforced Masonry
824499,MIAMI DADE COUNTY,Reinforced Masonry
893798,MIAMI DADE COUNTY,Masonry
927724,MIAMI DADE COUNTY,Wood
219438,MIAMI DADE COUNTY,Reinforced Masonry
512902,MIAMI DADE COUNTY,Reinforced Masonry
620405,MIAMI DADE COUNTY,Wood
501924,MIAMI DADE COUNTY,Masonry
555915,MIAMI DADE COUNTY,Wood
805208,MIAMI DADE COUNTY,Masonry
477561,MIAMI DADE COUNTY,Masonry
466857,MIAMI DADE COUNTY,Masonry
786126,MIAMI DADE COUNTY,Masonry
929861,MIAMI DADE COUNTY,Wood
241443,MIAMI DADE COUNTY,Reinforced Concrete
216654,MIAMI DADE COUNTY,Masonry
172373,MIAMI DADE COUNTY,Reinforced Masonry
231100,MIAMI DADE COUNTY,Wood
223756,MIAMI DADE COUNTY,Wood
431605,MIAMI DADE COUNTY,Masonry
586798,MIAMI DADE COUNTY,Masonry
330449,MIAMI DADE COUNTY,Reinforced Masonry
850460,MIAMI DADE COUNTY,Wood
428282,MIAMI DADE COUNTY,Wood
675742,MIAMI DADE COUNTY,Reinforced Masonry
207166,MIAMI DADE COUNTY,Reinforced Masonry
149601,MIAMI DADE COUNTY,Masonry
183500,MIAMI DADE COUNTY,Masonry
285602,MIAMI DADE COUNTY,Masonry
691625,MIAMI DADE COUNTY,Wood
285244,MIAMI DADE COUNTY,Masonry
619809,MIAMI DADE COUNTY,Masonry
929374,MIAMI DADE COUNTY,Masonry
338228,MIAMI DADE COUNTY,Masonry
300919,MIAMI DADE COUNTY,Masonry
221892,MIAMI DADE COUNTY,Reinforced Concrete
491594,MIAMI DADE COUNTY,Reinforced Concrete
223727,MIAMI DADE COUNTY,Masonry
717713,MIAMI DADE COUNTY,Wood
881973,MIAMI DADE COUNTY,Reinforced Concrete
299501,MIAMI DADE COUNTY,Reinforced Masonry
901861,MIAMI DADE COUNTY,Wood
184816,MIAMI DADE COUNTY,Wood
759198,MIAMI DADE COUNTY,Wood
716075,MIAMI DADE COUNTY,Wood
422111,MIAMI DADE COUNTY,Masonry
597984,MIAMI DADE COUNTY,Masonry
614348,MIAMI DADE COUNTY,Masonry
437185,MIAMI DADE COUNTY,Masonry
281669,MIAMI DADE COUNTY,Wood
117466,MIAMI DADE COUNTY,Wood
906105,MIAMI DADE COUNTY,Reinforced Masonry
863384,MIAMI DADE COUNTY,Reinforced Masonry
187651,MIAMI DADE COUNTY,Reinforced Masonry
604671,MIAMI DADE COUNTY,Wood
725039,MIAMI DADE COUNTY,Reinforced Masonry
121664,MIAMI DADE COUNTY,Masonry
562735,MIAMI DADE COUNTY,Wood
213710,MIAMI DADE COUNTY,Wood
974620,MIAMI DADE COUNTY,Wood
906794,MIAMI DADE COUNTY,Wood
107520,MIAMI DADE COUNTY,Wood
818989,MIAMI DADE COUNTY,Masonry
198213,MIAMI DADE COUNTY,Wood
882388,MIAMI DADE COUNTY,Wood
336173,MIAMI DADE COUNTY,Masonry
612342,MIAMI DADE COUNTY,Wood
154411,MIAMI DADE COUNTY,Wood
196084,MIAMI DADE COUNTY,Wood
325210,MIAMI DADE COUNTY,Wood
936132,MIAMI DADE COUNTY,Masonry
414577,MIAMI DADE COUNTY,Reinforced Concrete
295554,MIAMI DADE COUNTY,Masonry
417059,MIAMI DADE COUNTY,Masonry
434496,MIAMI DADE COUNTY,Masonry
467323,MIAMI DADE COUNTY,Reinforced Masonry
240717,MIAMI DADE COUNTY,Masonry
226595,MIAMI DADE COUNTY,Masonry
400247,MIAMI DADE COUNTY,Wood
143253,MIAMI DADE COUNTY,Wood
128774,MIAMI DADE COUNTY,Wood
698104,MIAMI DADE COUNTY,Masonry
382239,MIAMI DADE COUNTY,Wood
902651,MIAMI DADE COUNTY,Wood
251324,MIAMI DADE COUNTY,Reinforced Masonry
889859,MIAMI DADE COUNTY,Reinforced Masonry
759985,MIAMI DADE COUNTY,Reinforced Masonry
488843,MIAMI DADE COUNTY,Masonry
183489,MIAMI DADE COUNTY,Masonry
880723,MIAMI DADE COUNTY,Reinforced Masonry
659461,MIAMI DADE COUNTY,Wood
172447,MIAMI DADE COUNTY,Wood
649359,MIAMI DADE COUNTY,Wood
909403,MIAMI DADE COUNTY,Wood
657300,MIAMI DADE COUNTY,Wood
613084,MIAMI DADE COUNTY,Masonry
954931,MIAMI DADE COUNTY,Masonry
575371,MIAMI DADE COUNTY,Masonry
434868,MIAMI DADE COUNTY,Wood
850310,MIAMI DADE COUNTY,Wood
774952,MIAMI DADE COUNTY,Wood
662409,MIAMI DADE COUNTY,Wood
513885,MIAMI DADE COUNTY,Wood
891762,MIAMI DADE COUNTY,Reinforced Masonry
790605,MIAMI DADE COUNTY,Reinforced Masonry
761535,MIAMI DADE COUNTY,Wood
932201,MIAMI DADE COUNTY,Masonry
631948,MIAMI DADE COUNTY,Wood
370963,MIAMI DADE COUNTY,Reinforced Masonry
545814,MIAMI DADE COUNTY,Masonry
626416,MIAMI DADE COUNTY,Reinforced Masonry
901056,MIAMI DADE COUNTY,Masonry
818342,MIAMI DADE COUNTY,Reinforced Masonry
479870,MIAMI DADE COUNTY,Masonry
541878,MIAMI DADE COUNTY,Wood
566091,MIAMI DADE COUNTY,Masonry
985408,MIAMI DADE COUNTY,Wood
131576,MIAMI DADE COUNTY,Masonry
305692,MIAMI DADE COUNTY,Wood
866187,MIAMI DADE COUNTY,Masonry
637885,MIAMI DADE COUNTY,Wood
847453,MIAMI DADE COUNTY,Masonry
444307,MIAMI DADE COUNTY,Masonry
769703,MIAMI DADE COUNTY,Masonry
143289,MIAMI DADE COUNTY,Wood
592233,MIAMI DADE COUNTY,Masonry
488608,MIAMI DADE COUNTY,Reinforced Masonry
523157,MIAMI DADE COUNTY,Reinforced Concrete
677630,MIAMI DADE COUNTY,Reinforced Concrete
504223,MIAMI DADE COUNTY,Reinforced Masonry
304381,MIAMI DADE COUNTY,Masonry
539870,MIAMI DADE COUNTY,Wood
451111,MIAMI DADE COUNTY,Wood
423151,MIAMI DADE COUNTY,Wood
775913,MIAMI DADE COUNTY,Reinforced Concrete
230455,MIAMI DADE COUNTY,Reinforced Concrete
718532,MIAMI DADE COUNTY,Steel Frame
723367,MIAMI DADE COUNTY,Wood
983922,MIAMI DADE COUNTY,Reinforced Concrete
833463,MIAMI DADE COUNTY,Masonry
827473,MIAMI DADE COUNTY,Wood
921433,MIAMI DADE COUNTY,Wood
928152,MIAMI DADE COUNTY,Wood
583814,MIAMI DADE COUNTY,Wood
219715,MIAMI DADE COUNTY,Wood
214256,MIAMI DADE COUNTY,Wood
194396,MIAMI DADE COUNTY,Wood
185190,MIAMI DADE COUNTY,Wood
258175,MIAMI DADE COUNTY,Wood
569885,MIAMI DADE COUNTY,Masonry
757948,MIAMI DADE COUNTY,Wood
571736,MIAMI DADE COUNTY,Wood
869272,MIAMI DADE COUNTY,Wood
543001,MIAMI DADE COUNTY,Wood
744362,MIAMI DADE COUNTY,Masonry
251308,MIAMI DADE COUNTY,Wood
924196,MIAMI DADE COUNTY,Masonry
964133,MIAMI DADE COUNTY,Reinforced Masonry
999594,MIAMI DADE COUNTY,Steel Frame
852643,MIAMI DADE COUNTY,Masonry
422162,MIAMI DADE COUNTY,Reinforced Concrete
327555,MIAMI DADE COUNTY,Wood
176605,MIAMI DADE COUNTY,Masonry
948832,MIAMI DADE COUNTY,Wood
746422,MIAMI DADE COUNTY,Reinforced Masonry
370995,MIAMI DADE COUNTY,Wood
736574,MIAMI DADE COUNTY,Wood
746849,MIAMI DADE COUNTY,Wood
167098,MIAMI DADE COUNTY,Wood
665460,MIAMI DADE COUNTY,Reinforced Concrete
340240,MIAMI DADE COUNTY,Reinforced Masonry
619904,MIAMI DADE COUNTY,Reinforced Masonry
601233,MIAMI DADE COUNTY,Masonry
738805,MIAMI DADE COUNTY,Wood
800619,MIAMI DADE COUNTY,Wood
464770,MIAMI DADE COUNTY,Wood
994732,MIAMI DADE COUNTY,Reinforced Concrete
755634,MIAMI DADE COUNTY,Reinforced Masonry
622957,MIAMI DADE COUNTY,Reinforced Masonry
198177,MIAMI DADE COUNTY,Wood
867909,MIAMI DADE COUNTY,Masonry
971844,MIAMI DADE COUNTY,Masonry
426576,MIAMI DADE COUNTY,Wood
621077,MIAMI DADE COUNTY,Reinforced Masonry
405756,MIAMI DADE COUNTY,Wood
931853,MIAMI DADE COUNTY,Masonry
606125,MIAMI DADE COUNTY,Wood
878654,MIAMI DADE COUNTY,Wood
854616,MIAMI DADE COUNTY,Reinforced Masonry
723246,MIAMI DADE COUNTY,Masonry
203666,MIAMI DADE COUNTY,Masonry
930435,MIAMI DADE COUNTY,Reinforced Masonry
606812,MIAMI DADE COUNTY,Reinforced Masonry
143490,MIAMI DADE COUNTY,Masonry
136870,MIAMI DADE COUNTY,Wood
460506,MIAMI DADE COUNTY,Wood
553478,MIAMI DADE COUNTY,Wood
202649,MIAMI DADE COUNTY,Wood
893936,MIAMI DADE COUNTY,Masonry
307568,MIAMI DADE COUNTY,Wood
662789,MIAMI DADE COUNTY,Wood
961034,MIAMI DADE COUNTY,Reinforced Masonry
707934,MIAMI DADE COUNTY,Masonry
586486,MIAMI DADE COUNTY,Masonry
382274,MIAMI DADE COUNTY,Masonry
764408,MIAMI DADE COUNTY,Masonry
337200,MIAMI DADE COUNTY,Wood
561887,MIAMI DADE COUNTY,Wood
921061,MIAMI DADE COUNTY,Wood
396664,MIAMI DADE COUNTY,Wood
189068,MIAMI DADE COUNTY,Masonry
733521,MIAMI DADE COUNTY,Reinforced Concrete
688292,MIAMI DADE COUNTY,Reinforced Masonry
725889,MIAMI DADE COUNTY,Wood
918835,MIAMI DADE COUNTY,Masonry
651485,MIAMI DADE COUNTY,Reinforced Masonry
717227,MIAMI DADE COUNTY,Masonry
325046,MIAMI DADE COUNTY,Reinforced Masonry
888648,MIAMI DADE COUNTY,Reinforced Masonry
673292,MIAMI DADE COUNTY,Wood
443856,MIAMI DADE COUNTY,Reinforced Masonry
151409,MIAMI DADE COUNTY,Reinforced Masonry
380618,MIAMI DADE COUNTY,Reinforced Masonry
554995,MIAMI DADE COUNTY,Masonry
433861,MIAMI DADE COUNTY,Reinforced Masonry
388145,MIAMI DADE COUNTY,Wood
827250,MIAMI DADE COUNTY,Wood
576348,MIAMI DADE COUNTY,Wood
794215,MIAMI DADE COUNTY,Masonry
442817,MIAMI DADE COUNTY,Masonry
117908,MIAMI DADE COUNTY,Masonry
620951,MIAMI DADE COUNTY,Masonry
258599,MIAMI DADE COUNTY,Masonry
417556,MIAMI DADE COUNTY,Masonry
407729,MIAMI DADE COUNTY,Wood
805448,MIAMI DADE COUNTY,Wood
618156,MIAMI DADE COUNTY,Wood
459252,MIAMI DADE COUNTY,Wood
615104,MIAMI DADE COUNTY,Wood
736323,MIAMI DADE COUNTY,Masonry
839464,MIAMI DADE COUNTY,Steel Frame
827336,MIAMI DADE COUNTY,Steel Frame
887436,MIAMI DADE COUNTY,Reinforced Concrete
338366,MIAMI DADE COUNTY,Masonry
201182,MIAMI DADE COUNTY,Masonry
153010,MIAMI DADE COUNTY,Masonry
330944,MIAMI DADE COUNTY,Reinforced Concrete
148856,MIAMI DADE COUNTY,Masonry
348642,MIAMI DADE COUNTY,Wood
376113,MIAMI DADE COUNTY,Wood
460708,MIAMI DADE COUNTY,Reinforced Masonry
575162,MIAMI DADE COUNTY,Masonry
944554,MIAMI DADE COUNTY,Masonry
236144,MIAMI DADE COUNTY,Masonry
842594,MIAMI DADE COUNTY,Masonry
544844,MIAMI DADE COUNTY,Wood
820763,MIAMI DADE COUNTY,Wood
643672,MIAMI DADE COUNTY,Masonry
257496,MIAMI DADE COUNTY,Reinforced Masonry
616076,MIAMI DADE COUNTY,Masonry
484499,MIAMI DADE COUNTY,Masonry
788242,MIAMI DADE COUNTY,Wood
762216,MIAMI DADE COUNTY,Reinforced Masonry
974908,MIAMI DADE COUNTY,Masonry
343904,MIAMI DADE COUNTY,Wood
497009,MIAMI DADE COUNTY,Masonry
924171,MIAMI DADE COUNTY,Masonry
449046,MIAMI DADE COUNTY,Masonry
604648,MIAMI DADE COUNTY,Masonry
904465,MIAMI DADE COUNTY,Wood
304283,MIAMI DADE COUNTY,Wood
537376,MIAMI DADE COUNTY,Wood
601764,MIAMI DADE COUNTY,Masonry
519287,MIAMI DADE COUNTY,Wood
436652,MIAMI DADE COUNTY,Reinforced Masonry
334334,MIAMI DADE COUNTY,Masonry
643025,MIAMI DADE COUNTY,Masonry
794363,MIAMI DADE COUNTY,Wood
630614,MIAMI DADE COUNTY,Masonry
967777,MIAMI DADE COUNTY,Wood
650789,MIAMI DADE COUNTY,Wood
257581,MIAMI DADE COUNTY,Reinforced Masonry
656490,MIAMI DADE COUNTY,Reinforced Concrete
226708,MIAMI DADE COUNTY,Masonry
619911,MIAMI DADE COUNTY,Reinforced Masonry
502914,MIAMI DADE COUNTY,Wood
717350,MIAMI DADE COUNTY,Reinforced Masonry
336422,MIAMI DADE COUNTY,Masonry
342316,MIAMI DADE COUNTY,Masonry
924716,MIAMI DADE COUNTY,Masonry
615628,MIAMI DADE COUNTY,Masonry
161949,MIAMI DADE COUNTY,Wood
334658,MIAMI DADE COUNTY,Wood
989258,MIAMI DADE COUNTY,Masonry
416750,MIAMI DADE COUNTY,Masonry
720751,MIAMI DADE COUNTY,Masonry
483974,MIAMI DADE COUNTY,Wood
710163,MIAMI DADE COUNTY,Masonry
296965,MIAMI DADE COUNTY,Masonry
557153,MIAMI DADE COUNTY,Wood
396594,MIAMI DADE COUNTY,Wood
617611,MIAMI DADE COUNTY,Wood
786529,MIAMI DADE COUNTY,Wood
382956,MIAMI DADE COUNTY,Wood
873938,MIAMI DADE COUNTY,Wood
245715,MIAMI DADE COUNTY,Wood
210120,MIAMI DADE COUNTY,Wood
961640,MIAMI DADE COUNTY,Reinforced Concrete
970466,MIAMI DADE COUNTY,Reinforced Masonry
572562,MIAMI DADE COUNTY,Masonry
271862,MIAMI DADE COUNTY,Masonry
872168,MIAMI DADE COUNTY,Wood
808266,MIAMI DADE COUNTY,Wood
978508,MIAMI DADE COUNTY,Wood
261369,MIAMI DADE COUNTY,Masonry
404155,MIAMI DADE COUNTY,Masonry
727171,MIAMI DADE COUNTY,Wood
398529,MIAMI DADE COUNTY,Wood
223235,MIAMI DADE COUNTY,Wood
922901,MIAMI DADE COUNTY,Wood
240088,MIAMI DADE COUNTY,Reinforced Masonry
711901,MIAMI DADE COUNTY,Wood
593658,MIAMI DADE COUNTY,Wood
499129,MIAMI DADE COUNTY,Wood
566950,MIAMI DADE COUNTY,Wood
894224,MIAMI DADE COUNTY,Wood
132498,MIAMI DADE COUNTY,Wood
719355,MIAMI DADE COUNTY,Wood
347701,MIAMI DADE COUNTY,Wood
421311,MIAMI DADE COUNTY,Wood
842137,MIAMI DADE COUNTY,Reinforced Masonry
337267,MIAMI DADE COUNTY,Masonry
189762,MIAMI DADE COUNTY,Wood
499577,MIAMI DADE COUNTY,Masonry
281513,MIAMI DADE COUNTY,Masonry
492789,MIAMI DADE COUNTY,Wood
715381,MIAMI DADE COUNTY,Wood
836410,MIAMI DADE COUNTY,Masonry
337693,MIAMI DADE COUNTY,Wood
877187,MIAMI DADE COUNTY,Wood
809302,MIAMI DADE COUNTY,Masonry
599743,MIAMI DADE COUNTY,Wood
353738,MIAMI DADE COUNTY,Wood
477642,MIAMI DADE COUNTY,Masonry
165783,MIAMI DADE COUNTY,Masonry
491569,MIAMI DADE COUNTY,Masonry
618997,MIAMI DADE COUNTY,Wood
489721,MIAMI DADE COUNTY,Wood
893611,MIAMI DADE COUNTY,Masonry
631484,MIAMI DADE COUNTY,Masonry
297341,MIAMI DADE COUNTY,Wood
873046,MIAMI DADE COUNTY,Wood
439297,MIAMI DADE COUNTY,Masonry
771993,MIAMI DADE COUNTY,Reinforced Masonry
929178,MIAMI DADE COUNTY,Wood
105646,MIAMI DADE COUNTY,Wood
605646,MIAMI DADE COUNTY,Wood
881636,MIAMI DADE COUNTY,Wood
747893,MIAMI DADE COUNTY,Wood
692472,MIAMI DADE COUNTY,Masonry
277588,MIAMI DADE COUNTY,Masonry
531482,MIAMI DADE COUNTY,Masonry
683307,MIAMI DADE COUNTY,Masonry
745768,MIAMI DADE COUNTY,Masonry
792569,MIAMI DADE COUNTY,Steel Frame
785662,MIAMI DADE COUNTY,Reinforced Masonry
271544,MIAMI DADE COUNTY,Reinforced Masonry
449119,MIAMI DADE COUNTY,Reinforced Masonry
128447,MIAMI DADE COUNTY,Wood
608430,MIAMI DADE COUNTY,Wood
551827,MIAMI DADE COUNTY,Wood
115716,MIAMI DADE COUNTY,Wood
856674,MIAMI DADE COUNTY,Wood
488235,MIAMI DADE COUNTY,Reinforced Masonry
788573,MIAMI DADE COUNTY,Reinforced Masonry
857994,MIAMI DADE COUNTY,Reinforced Concrete
965533,MIAMI DADE COUNTY,Wood
281218,MIAMI DADE COUNTY,Wood
387905,MIAMI DADE COUNTY,Wood
637845,MIAMI DADE COUNTY,Wood
563602,MIAMI DADE COUNTY,Wood
734396,MIAMI DADE COUNTY,Wood
878218,MIAMI DADE COUNTY,Wood
122442,MIAMI DADE COUNTY,Wood
788201,MIAMI DADE COUNTY,Wood
269194,MIAMI DADE COUNTY,Wood
552721,MIAMI DADE COUNTY,Wood
120838,MIAMI DADE COUNTY,Wood
161725,MIAMI DADE COUNTY,Wood
457469,MIAMI DADE COUNTY,Wood
338478,MIAMI DADE COUNTY,Wood
331778,MIAMI DADE COUNTY,Wood
139078,MIAMI DADE COUNTY,Wood
431815,MIAMI DADE COUNTY,Wood
177554,MIAMI DADE COUNTY,Wood
249374,MIAMI DADE COUNTY,Wood
676814,MIAMI DADE COUNTY,Masonry
830176,MIAMI DADE COUNTY,Wood
533589,MIAMI DADE COUNTY,Wood
892598,MIAMI DADE COUNTY,Masonry
479240,MIAMI DADE COUNTY,Wood
488616,MIAMI DADE COUNTY,Wood
170241,MIAMI DADE COUNTY,Wood
317276,MIAMI DADE COUNTY,Wood
522868,MIAMI DADE COUNTY,Wood
805575,MIAMI DADE COUNTY,Wood
191945,MIAMI DADE COUNTY,Wood
497379,MIAMI DADE COUNTY,Wood
862881,MIAMI DADE COUNTY,Wood
724941,MIAMI DADE COUNTY,Wood
292871,MIAMI DADE COUNTY,Wood
642804,MIAMI DADE COUNTY,Wood
623974,MIAMI DADE COUNTY,Wood
897847,MIAMI DADE COUNTY,Masonry
572454,MIAMI DADE COUNTY,Wood
619864,MIAMI DADE COUNTY,Wood
564821,MIAMI DADE COUNTY,Wood
691801,MIAMI DADE COUNTY,Wood
922522,MIAMI DADE COUNTY,Wood
634837,MIAMI DADE COUNTY,Reinforced Masonry
550669,MIAMI DADE COUNTY,Masonry
140564,MIAMI DADE COUNTY,Wood
409325,MIAMI DADE COUNTY,Reinforced Masonry
600970,MIAMI DADE COUNTY,Wood
872124,MIAMI DADE COUNTY,Masonry
896730,MIAMI DADE COUNTY,Masonry
379563,MIAMI DADE COUNTY,Wood
317075,MIAMI DADE COUNTY,Wood
268924,MIAMI DADE COUNTY,Reinforced Masonry
428076,MIAMI DADE COUNTY,Reinforced Masonry
358816,MIAMI DADE COUNTY,Wood
505233,MIAMI DADE COUNTY,Wood
593214,MIAMI DADE COUNTY,Wood
310082,MIAMI DADE COUNTY,Wood
256984,MIAMI DADE COUNTY,Wood
300265,MIAMI DADE COUNTY,Wood
238844,MIAMI DADE COUNTY,Masonry
418690,MIAMI DADE COUNTY,Wood
870793,MIAMI DADE COUNTY,Wood
938314,MIAMI DADE COUNTY,Masonry
575250,MIAMI DADE COUNTY,Wood
163691,MIAMI DADE COUNTY,Wood
338141,MIAMI DADE COUNTY,Wood
542429,MIAMI DADE COUNTY,Wood
639920,MIAMI DADE COUNTY,Reinforced Masonry
391301,MIAMI DADE COUNTY,Masonry
341275,MIAMI DADE COUNTY,Masonry
682164,MIAMI DADE COUNTY,Masonry
571996,MIAMI DADE COUNTY,Wood
247627,MIAMI DADE COUNTY,Wood
213312,MIAMI DADE COUNTY,Wood
447260,MIAMI DADE COUNTY,Wood
207504,MIAMI DADE COUNTY,Wood
785614,MIAMI DADE COUNTY,Masonry
509882,MIAMI DADE COUNTY,Reinforced Masonry
565612,MIAMI DADE COUNTY,Masonry
699122,MIAMI DADE COUNTY,Reinforced Masonry
581021,MIAMI DADE COUNTY,Steel Frame
539606,MIAMI DADE COUNTY,Wood
375608,MIAMI DADE COUNTY,Masonry
193946,MIAMI DADE COUNTY,Masonry
288772,MIAMI DADE COUNTY,Masonry
926772,MIAMI DADE COUNTY,Masonry
843993,MIAMI DADE COUNTY,Wood
643519,MIAMI DADE COUNTY,Wood
223854,MIAMI DADE COUNTY,Wood
723372,MIAMI DADE COUNTY,Wood
252285,MIAMI DADE COUNTY,Masonry
157651,MIAMI DADE COUNTY,Masonry
749455,MIAMI DADE COUNTY,Wood
500415,MIAMI DADE COUNTY,Wood
534850,MIAMI DADE COUNTY,Wood
985875,MIAMI DADE COUNTY,Wood
937620,MIAMI DADE COUNTY,Wood
948546,MIAMI DADE COUNTY,Masonry
162138,MIAMI DADE COUNTY,Reinforced Masonry
761224,MIAMI DADE COUNTY,Masonry
576094,MIAMI DADE COUNTY,Reinforced Masonry
336327,MIAMI DADE COUNTY,Steel Frame
876329,MIAMI DADE COUNTY,Wood
784328,MIAMI DADE COUNTY,Masonry
198673,MIAMI DADE COUNTY,Wood
644307,MIAMI DADE COUNTY,Masonry
921948,MIAMI DADE COUNTY,Masonry
496437,MIAMI DADE COUNTY,Wood
837759,MIAMI DADE COUNTY,Wood
938067,MIAMI DADE COUNTY,Masonry
890966,MIAMI DADE COUNTY,Wood
510825,MIAMI DADE COUNTY,Wood
568558,MIAMI DADE COUNTY,Wood
775130,MIAMI DADE COUNTY,Wood
604840,MIAMI DADE COUNTY,Reinforced Concrete
990154,MIAMI DADE COUNTY,Reinforced Concrete
620512,MIAMI DADE COUNTY,Wood
806084,MIAMI DADE COUNTY,Wood
917269,MIAMI DADE COUNTY,Wood
934279,MIAMI DADE COUNTY,Wood
112267,MIAMI DADE COUNTY,Reinforced Masonry
761234,MIAMI DADE COUNTY,Wood
101640,MIAMI DADE COUNTY,Masonry
187564,MIAMI DADE COUNTY,Wood
129645,MIAMI DADE COUNTY,Masonry
869329,MIAMI DADE COUNTY,Masonry
210824,MIAMI DADE COUNTY,Masonry
704140,MIAMI DADE COUNTY,Masonry
955084,MIAMI DADE COUNTY,Masonry
303186,MIAMI DADE COUNTY,Masonry
932538,MIAMI DADE COUNTY,Wood
548451,MIAMI DADE COUNTY,Wood
144475,MIAMI DADE COUNTY,Wood
103136,MIAMI DADE COUNTY,Masonry
434336,MIAMI DADE COUNTY,Wood
321906,MIAMI DADE COUNTY,Masonry
922114,MIAMI DADE COUNTY,Masonry
125333,MIAMI DADE COUNTY,Wood
695358,MIAMI DADE COUNTY,Masonry
207305,MIAMI DADE COUNTY,Reinforced Masonry
290408,MIAMI DADE COUNTY,Wood
934401,MIAMI DADE COUNTY,Wood
810034,MIAMI DADE COUNTY,Wood
509101,MIAMI DADE COUNTY,Reinforced Masonry
277978,MIAMI DADE COUNTY,Masonry
742897,MIAMI DADE COUNTY,Wood
259546,MIAMI DADE COUNTY,Wood
788467,MIAMI DADE COUNTY,Wood
693658,MIAMI DADE COUNTY,Wood
154173,MIAMI DADE COUNTY,Masonry
924280,MIAMI DADE COUNTY,Wood
409799,MIAMI DADE COUNTY,Wood
875497,MIAMI DADE COUNTY,Wood
943209,MIAMI DADE COUNTY,Reinforced Masonry
744060,MIAMI DADE COUNTY,Masonry
348492,MIAMI DADE COUNTY,Reinforced Masonry
149877,MIAMI DADE COUNTY,Masonry
305064,MIAMI DADE COUNTY,Wood
112035,MIAMI DADE COUNTY,Masonry
965511,MIAMI DADE COUNTY,Wood
415634,MIAMI DADE COUNTY,Masonry
467768,MIAMI DADE COUNTY,Wood
512833,MIAMI DADE COUNTY,Wood
273749,MIAMI DADE COUNTY,Wood
858609,MIAMI DADE COUNTY,Wood
207609,MIAMI DADE COUNTY,Wood
240918,MIAMI DADE COUNTY,Wood
719602,MIAMI DADE COUNTY,Wood
803895,MIAMI DADE COUNTY,Wood
863019,MIAMI DADE COUNTY,Wood
698268,MIAMI DADE COUNTY,Masonry
698347,MIAMI DADE COUNTY,Wood
934366,MIAMI DADE COUNTY,Reinforced Concrete
584968,MIAMI DADE COUNTY,Reinforced Masonry
604356,MIAMI DADE COUNTY,Masonry
589011,MIAMI DADE COUNTY,Masonry
596083,MIAMI DADE COUNTY,Masonry
441567,MIAMI DADE COUNTY,Masonry
768828,MIAMI DADE COUNTY,Wood
956541,MIAMI DADE COUNTY,Wood
134843,MIAMI DADE COUNTY,Wood
417457,MIAMI DADE COUNTY,Wood
783289,MIAMI DADE COUNTY,Wood
924434,MIAMI DADE COUNTY,Wood
153916,MIAMI DADE COUNTY,Wood
213251,MIAMI DADE COUNTY,Wood
894051,MIAMI DADE COUNTY,Masonry
926551,MIAMI DADE COUNTY,Reinforced Masonry
721641,MIAMI DADE COUNTY,Reinforced Masonry
631713,MIAMI DADE COUNTY,Masonry
566479,MIAMI DADE COUNTY,Reinforced Masonry
345740,MIAMI DADE COUNTY,Masonry
422421,MIAMI DADE COUNTY,Wood
781714,MIAMI DADE COUNTY,Steel Frame
455830,MIAMI DADE COUNTY,Reinforced Concrete
522388,MIAMI DADE COUNTY,Reinforced Concrete
242017,MIAMI DADE COUNTY,Wood
821366,MIAMI DADE COUNTY,Masonry
492623,MIAMI DADE COUNTY,Wood
982896,MIAMI DADE COUNTY,Masonry
134150,MIAMI DADE COUNTY,Masonry
663201,MIAMI DADE COUNTY,Masonry
444825,MIAMI DADE COUNTY,Masonry
795764,MIAMI DADE COUNTY,Reinforced Masonry
509235,MIAMI DADE COUNTY,Wood
293068,MIAMI DADE COUNTY,Wood
168433,MIAMI DADE COUNTY,Wood
957113,MIAMI DADE COUNTY,Reinforced Masonry
806144,MIAMI DADE COUNTY,Wood
360787,MIAMI DADE COUNTY,Reinforced Masonry
140897,MIAMI DADE COUNTY,Reinforced Masonry
292848,MIAMI DADE COUNTY,Wood
638204,MIAMI DADE COUNTY,Reinforced Masonry
153401,MIAMI DADE COUNTY,Reinforced Masonry
365802,MIAMI DADE COUNTY,Reinforced Masonry
441997,MIAMI DADE COUNTY,Reinforced Masonry
402861,MIAMI DADE COUNTY,Wood
418768,MIAMI DADE COUNTY,Wood
176072,MIAMI DADE COUNTY,Wood
507701,MIAMI DADE COUNTY,Reinforced Masonry
314607,MIAMI DADE COUNTY,Wood
579627,MIAMI DADE COUNTY,Reinforced Masonry
229899,MIAMI DADE COUNTY,Wood
573897,MIAMI DADE COUNTY,Wood
563705,MIAMI DADE COUNTY,Wood
173738,MIAMI DADE COUNTY,Reinforced Masonry
983692,MIAMI DADE COUNTY,Masonry
723700,MIAMI DADE COUNTY,Masonry
264801,MIAMI DADE COUNTY,Masonry
154165,MIAMI DADE COUNTY,Reinforced Masonry
261954,MIAMI DADE COUNTY,Masonry
204405,MIAMI DADE COUNTY,Wood
996358,MIAMI DADE COUNTY,Wood
157245,MIAMI DADE COUNTY,Wood
409259,MIAMI DADE COUNTY,Wood
562965,MIAMI DADE COUNTY,Wood
444250,MIAMI DADE COUNTY,Wood
649773,MIAMI DADE COUNTY,Wood
371940,MIAMI DADE COUNTY,Masonry
209754,MIAMI DADE COUNTY,Wood
248183,MIAMI DADE COUNTY,Wood
346708,MIAMI DADE COUNTY,Wood
627575,MIAMI DADE COUNTY,Wood
160964,MIAMI DADE COUNTY,Wood
729234,MIAMI DADE COUNTY,Wood
582735,MIAMI DADE COUNTY,Wood
885401,MIAMI DADE COUNTY,Wood
439637,MIAMI DADE COUNTY,Wood
651103,MIAMI DADE COUNTY,Masonry
147657,MIAMI DADE COUNTY,Wood
561314,MIAMI DADE COUNTY,Masonry
690713,MIAMI DADE COUNTY,Wood
294911,MIAMI DADE COUNTY,Wood
771858,MIAMI DADE COUNTY,Masonry
381998,MIAMI DADE COUNTY,Wood
722136,MIAMI DADE COUNTY,Masonry
203933,MIAMI DADE COUNTY,Wood
581962,MIAMI DADE COUNTY,Reinforced Masonry
561009,MIAMI DADE COUNTY,Steel Frame
706785,MIAMI DADE COUNTY,Reinforced Masonry
649167,MIAMI DADE COUNTY,Reinforced Masonry
352359,MIAMI DADE COUNTY,Wood
180094,MIAMI DADE COUNTY,Masonry
410011,MIAMI DADE COUNTY,Masonry
208335,MIAMI DADE COUNTY,Reinforced Concrete
668115,MIAMI DADE COUNTY,Wood
754551,MIAMI DADE COUNTY,Wood
949463,MIAMI DADE COUNTY,Masonry
578884,MIAMI DADE COUNTY,Wood
649260,MIAMI DADE COUNTY,Wood
484026,MIAMI DADE COUNTY,Masonry
566853,MIAMI DADE COUNTY,Wood
738793,MIAMI DADE COUNTY,Reinforced Masonry
524558,MIAMI DADE COUNTY,Wood
913885,MIAMI DADE COUNTY,Wood
182147,MIAMI DADE COUNTY,Wood
690728,MIAMI DADE COUNTY,Wood
888244,MIAMI DADE COUNTY,Wood
851914,MIAMI DADE COUNTY,Wood
265186,MIAMI DADE COUNTY,Wood
663572,MIAMI DADE COUNTY,Wood
781011,MIAMI DADE COUNTY,Wood
422964,MIAMI DADE COUNTY,Wood
247958,MIAMI DADE COUNTY,Wood
784706,MIAMI DADE COUNTY,Wood
451444,MIAMI DADE COUNTY,Wood
110308,MIAMI DADE COUNTY,Wood
856070,MIAMI DADE COUNTY,Reinforced Masonry
558520,MIAMI DADE COUNTY,Masonry
173643,MIAMI DADE COUNTY,Masonry
372529,MIAMI DADE COUNTY,Masonry
804765,MIAMI DADE COUNTY,Reinforced Concrete
329397,MIAMI DADE COUNTY,Masonry
993434,MIAMI DADE COUNTY,Steel Frame
413368,MIAMI DADE COUNTY,Reinforced Concrete
301102,MIAMI DADE COUNTY,Reinforced Concrete
339706,MIAMI DADE COUNTY,Masonry
761155,MIAMI DADE COUNTY,Masonry
178284,MIAMI DADE COUNTY,Masonry
270766,MIAMI DADE COUNTY,Reinforced Concrete
849296,MIAMI DADE COUNTY,Reinforced Masonry
290892,MIAMI DADE COUNTY,Wood
793936,MIAMI DADE COUNTY,Wood
441232,MIAMI DADE COUNTY,Wood
824310,MIAMI DADE COUNTY,Wood
884028,MIAMI DADE COUNTY,Masonry
707278,MIAMI DADE COUNTY,Wood
522223,MIAMI DADE COUNTY,Masonry
209181,MIAMI DADE COUNTY,Wood
406999,MIAMI DADE COUNTY,Wood
315477,MIAMI DADE COUNTY,Reinforced Masonry
171764,MIAMI DADE COUNTY,Reinforced Concrete
940660,MIAMI DADE COUNTY,Masonry
767459,MIAMI DADE COUNTY,Reinforced Concrete
919173,MIAMI DADE COUNTY,Masonry
496479,MIAMI DADE COUNTY,Wood
284638,MIAMI DADE COUNTY,Wood
181991,MIAMI DADE COUNTY,Wood
756836,MIAMI DADE COUNTY,Masonry
443955,MIAMI DADE COUNTY,Masonry
294716,MIAMI DADE COUNTY,Masonry
325365,MIAMI DADE COUNTY,Masonry
386925,MIAMI DADE COUNTY,Masonry
340965,MIAMI DADE COUNTY,Masonry
160943,MIAMI DADE COUNTY,Reinforced Masonry
520501,MIAMI DADE COUNTY,Masonry
362928,MIAMI DADE COUNTY,Wood
774761,MIAMI DADE COUNTY,Wood
104592,MIAMI DADE COUNTY,Wood
653699,MIAMI DADE COUNTY,Masonry
600710,MIAMI DADE COUNTY,Masonry
371592,MIAMI DADE COUNTY,Reinforced Masonry
595922,MIAMI DADE COUNTY,Masonry
542303,MIAMI DADE COUNTY,Wood
310376,MIAMI DADE COUNTY,Masonry
821664,MIAMI DADE COUNTY,Masonry
785012,MIAMI DADE COUNTY,Masonry
366028,MIAMI DADE COUNTY,Wood
487855,MIAMI DADE COUNTY,Wood
998603,MIAMI DADE COUNTY,Wood
595763,MIAMI DADE COUNTY,Reinforced Concrete
573455,MIAMI DADE COUNTY,Masonry
373270,MIAMI DADE COUNTY,Reinforced Masonry
200635,MIAMI DADE COUNTY,Reinforced Masonry
360385,MIAMI DADE COUNTY,Masonry
548967,MIAMI DADE COUNTY,Masonry
772760,MIAMI DADE COUNTY,Masonry
405387,MIAMI DADE COUNTY,Reinforced Masonry
424353,MIAMI DADE COUNTY,Masonry
790166,MIAMI DADE COUNTY,Masonry
189570,MIAMI DADE COUNTY,Masonry
677979,MIAMI DADE COUNTY,Masonry
444066,MIAMI DADE COUNTY,Wood
520572,MIAMI DADE COUNTY,Reinforced Masonry
185117,MIAMI DADE COUNTY,Wood
329010,MIAMI DADE COUNTY,Wood
573872,MIAMI DADE COUNTY,Wood
725716,MIAMI DADE COUNTY,Masonry
690188,MIAMI DADE COUNTY,Wood
743460,MIAMI DADE COUNTY,Wood
716155,MIAMI DADE COUNTY,Wood
153718,MIAMI DADE COUNTY,Wood
439933,MIAMI DADE COUNTY,Wood
377379,MIAMI DADE COUNTY,Wood
245688,MIAMI DADE COUNTY,Wood
574922,MIAMI DADE COUNTY,Wood
234251,MIAMI DADE COUNTY,Wood
354736,MIAMI DADE COUNTY,Masonry
781762,MIAMI DADE COUNTY,Wood
755908,MIAMI DADE COUNTY,Wood
607261,MIAMI DADE COUNTY,Wood
888148,MIAMI DADE COUNTY,Wood
494996,MIAMI DADE COUNTY,Wood
848987,MIAMI DADE COUNTY,Masonry
474937,MIAMI DADE COUNTY,Wood
585940,MIAMI DADE COUNTY,Wood
659106,MIAMI DADE COUNTY,Wood
356172,MIAMI DADE COUNTY,Wood
895360,MIAMI DADE COUNTY,Wood
931120,MIAMI DADE COUNTY,Reinforced Masonry
849676,MIAMI DADE COUNTY,Masonry
738324,MIAMI DADE COUNTY,Wood
461404,MIAMI DADE COUNTY,Reinforced Masonry
299232,MIAMI DADE COUNTY,Reinforced Masonry
963583,MIAMI DADE COUNTY,Wood
549594,MIAMI DADE COUNTY,Masonry
993359,MIAMI DADE COUNTY,Wood
425049,MIAMI DADE COUNTY,Masonry
748904,MIAMI DADE COUNTY,Wood
815693,MIAMI DADE COUNTY,Masonry
867957,MIAMI DADE COUNTY,Wood
646226,MIAMI DADE COUNTY,Wood
846147,MIAMI DADE COUNTY,Masonry
124495,MIAMI DADE COUNTY,Wood
213366,MIAMI DADE COUNTY,Masonry
381384,MIAMI DADE COUNTY,Wood
221084,MIAMI DADE COUNTY,Wood
815514,MIAMI DADE COUNTY,Wood
386286,MIAMI DADE COUNTY,Wood
744283,MIAMI DADE COUNTY,Wood
877834,MIAMI DADE COUNTY,Wood
927973,MIAMI DADE COUNTY,Wood
225569,MIAMI DADE COUNTY,Wood
375874,MIAMI DADE COUNTY,Wood
526164,MIAMI DADE COUNTY,Wood
762992,MIAMI DADE COUNTY,Wood
233166,MIAMI DADE COUNTY,Wood
801545,MIAMI DADE COUNTY,Masonry
163206,MIAMI DADE COUNTY,Masonry
389099,MIAMI DADE COUNTY,Masonry
119051,MIAMI DADE COUNTY,Wood
605162,MIAMI DADE COUNTY,Wood
571576,MIAMI DADE COUNTY,Masonry
412830,MIAMI DADE COUNTY,Wood
975310,MIAMI DADE COUNTY,Wood
688168,MIAMI DADE COUNTY,Reinforced Masonry
981219,MIAMI DADE COUNTY,Masonry
148958,MIAMI DADE COUNTY,Wood
397356,MIAMI DADE COUNTY,Masonry
562113,MIAMI DADE COUNTY,Masonry
504449,MIAMI DADE COUNTY,Reinforced Masonry
734550,MIAMI DADE COUNTY,Wood
946022,MIAMI DADE COUNTY,Wood
159172,MIAMI DADE COUNTY,Masonry
240587,MIAMI DADE COUNTY,Wood
859568,MIAMI DADE COUNTY,Wood
461915,MIAMI DADE COUNTY,Wood
132063,MIAMI DADE COUNTY,Masonry
221386,MIAMI DADE COUNTY,Steel Frame
157089,MIAMI DADE COUNTY,Wood
943246,MIAMI DADE COUNTY,Reinforced Concrete
398449,MIAMI DADE COUNTY,Wood
114746,MIAMI DADE COUNTY,Reinforced Masonry
123736,MIAMI DADE COUNTY,Masonry
688213,MIAMI DADE COUNTY,Masonry
665338,MIAMI DADE COUNTY,Wood
117941,MIAMI DADE COUNTY,Wood
366474,MIAMI DADE COUNTY,Wood
602568,MIAMI DADE COUNTY,Masonry
365303,MIAMI DADE COUNTY,Wood
248393,MIAMI DADE COUNTY,Masonry
697455,MIAMI DADE COUNTY,Masonry
499853,MIAMI DADE COUNTY,Wood
130899,MIAMI DADE COUNTY,Wood
232066,MIAMI DADE COUNTY,Masonry
597145,MIAMI DADE COUNTY,Wood
562726,MIAMI DADE COUNTY,Wood
513363,MIAMI DADE COUNTY,Wood
896042,MIAMI DADE COUNTY,Wood
911215,MIAMI DADE COUNTY,Wood
601531,MIAMI DADE COUNTY,Masonry
384641,MIAMI DADE COUNTY,Wood
189948,MIAMI DADE COUNTY,Wood
669218,MIAMI DADE COUNTY,Wood
435998,MIAMI DADE COUNTY,Wood
297268,MIAMI DADE COUNTY,Wood
147997,MIAMI DADE COUNTY,Wood
747320,MIAMI DADE COUNTY,Wood
509812,MIAMI DADE COUNTY,Wood
914997,MIAMI DADE COUNTY,Wood
940061,MIAMI DADE COUNTY,Wood
989738,MIAMI DADE COUNTY,Wood
687725,MIAMI DADE COUNTY,Wood
213817,MIAMI DADE COUNTY,Reinforced Masonry
296131,MIAMI DADE COUNTY,Reinforced Masonry
732391,MIAMI DADE COUNTY,Masonry
265011,MIAMI DADE COUNTY,Masonry
183566,MIAMI DADE COUNTY,Masonry
974359,MIAMI DADE COUNTY,Masonry
215451,MIAMI DADE COUNTY,Masonry
147621,MIAMI DADE COUNTY,Masonry
823064,MIAMI DADE COUNTY,Reinforced Masonry
996782,MIAMI DADE COUNTY,Reinforced Masonry
281039,MIAMI DADE COUNTY,Wood
568115,MIAMI DADE COUNTY,Wood
691706,MIAMI DADE COUNTY,Masonry
712296,MIAMI DADE COUNTY,Wood
547593,MIAMI DADE COUNTY,Wood
869669,MIAMI DADE COUNTY,Wood
708155,MIAMI DADE COUNTY,Masonry
811870,MIAMI DADE COUNTY,Masonry
979482,MIAMI DADE COUNTY,Wood
645483,MIAMI DADE COUNTY,Wood
389882,MIAMI DADE COUNTY,Wood
710649,MIAMI DADE COUNTY,Wood
995487,MIAMI DADE COUNTY,Wood
803561,MIAMI DADE COUNTY,Wood
910030,MIAMI DADE COUNTY,Wood
781329,MIAMI DADE COUNTY,Wood
590928,MIAMI DADE COUNTY,Reinforced Concrete
584263,MIAMI DADE COUNTY,Masonry
390461,MIAMI DADE COUNTY,Reinforced Masonry
172523,MIAMI DADE COUNTY,Reinforced Masonry
986470,MIAMI DADE COUNTY,Wood
505826,MIAMI DADE COUNTY,Wood
622662,MIAMI DADE COUNTY,Reinforced Masonry
226218,MIAMI DADE COUNTY,Masonry
762157,MIAMI DADE COUNTY,Wood
312336,MIAMI DADE COUNTY,Wood
717712,MIAMI DADE COUNTY,Masonry
299864,MIAMI DADE COUNTY,Wood
204338,MIAMI DADE COUNTY,Reinforced Concrete
867240,MIAMI DADE COUNTY,Reinforced Masonry
808113,MIAMI DADE COUNTY,Wood
157884,MIAMI DADE COUNTY,Wood
746279,MIAMI DADE COUNTY,Wood
294241,MIAMI DADE COUNTY,Wood
390464,MIAMI DADE COUNTY,Wood
983574,MIAMI DADE COUNTY,Masonry
623217,MIAMI DADE COUNTY,Wood
842669,MIAMI DADE COUNTY,Masonry
101030,MIAMI DADE COUNTY,Masonry
919048,MIAMI DADE COUNTY,Wood
884560,MIAMI DADE COUNTY,Wood
440501,MIAMI DADE COUNTY,Wood
236399,MIAMI DADE COUNTY,Wood
553241,MIAMI DADE COUNTY,Reinforced Masonry
336334,MIAMI DADE COUNTY,Wood
454756,MIAMI DADE COUNTY,Masonry
781834,MIAMI DADE COUNTY,Reinforced Masonry
953982,MIAMI DADE COUNTY,Wood
941692,MIAMI DADE COUNTY,Wood
615188,MIAMI DADE COUNTY,Wood
723303,MIAMI DADE COUNTY,Wood
616344,MIAMI DADE COUNTY,Wood
785321,MIAMI DADE COUNTY,Masonry
870997,MIAMI DADE COUNTY,Reinforced Masonry
919618,MIAMI DADE COUNTY,Masonry
272826,MIAMI DADE COUNTY,Masonry
430444,MIAMI DADE COUNTY,Reinforced Masonry
279937,MIAMI DADE COUNTY,Reinforced Masonry
246387,MIAMI DADE COUNTY,Masonry
887804,MIAMI DADE COUNTY,Wood
264020,MIAMI DADE COUNTY,Wood
100491,MIAMI DADE COUNTY,Wood
872811,MIAMI DADE COUNTY,Reinforced Concrete
670967,MIAMI DADE COUNTY,Masonry
725381,MIAMI DADE COUNTY,Reinforced Masonry
390641,MIAMI DADE COUNTY,Wood
297451,MIAMI DADE COUNTY,Reinforced Masonry
744225,MIAMI DADE COUNTY,Reinforced Masonry
995112,MIAMI DADE COUNTY,Reinforced Masonry
561360,MIAMI DADE COUNTY,Reinforced Masonry
334313,MIAMI DADE COUNTY,Reinforced Masonry
690071,MIAMI DADE COUNTY,Reinforced Masonry
628161,MIAMI DADE COUNTY,Reinforced Masonry
103628,MIAMI DADE COUNTY,Masonry
788913,MIAMI DADE COUNTY,Wood
814538,MIAMI DADE COUNTY,Reinforced Masonry
751383,MIAMI DADE COUNTY,Masonry
473785,MIAMI DADE COUNTY,Reinforced Masonry
317692,MIAMI DADE COUNTY,Reinforced Concrete
620006,MIAMI DADE COUNTY,Wood
705654,MIAMI DADE COUNTY,Wood
556531,MIAMI DADE COUNTY,Masonry
904203,MIAMI DADE COUNTY,Wood
302453,MIAMI DADE COUNTY,Wood
843497,MIAMI DADE COUNTY,Reinforced Masonry
397036,MIAMI DADE COUNTY,Masonry
339933,MIAMI DADE COUNTY,Masonry
802962,MIAMI DADE COUNTY,Reinforced Masonry
370846,MIAMI DADE COUNTY,Wood
541289,MIAMI DADE COUNTY,Wood
170934,MIAMI DADE COUNTY,Wood
298373,MIAMI DADE COUNTY,Masonry
349176,MIAMI DADE COUNTY,Reinforced Masonry
629041,MIAMI DADE COUNTY,Wood
124800,MIAMI DADE COUNTY,Wood
399013,MIAMI DADE COUNTY,Wood
200838,MIAMI DADE COUNTY,Wood
403339,MIAMI DADE COUNTY,Masonry
848458,MIAMI DADE COUNTY,Reinforced Masonry
891439,MIAMI DADE COUNTY,Wood
647602,MIAMI DADE COUNTY,Wood
837982,MIAMI DADE COUNTY,Masonry
206682,MIAMI DADE COUNTY,Masonry
585784,MIAMI DADE COUNTY,Masonry
593816,MIAMI DADE COUNTY,Wood
294718,MIAMI DADE COUNTY,Wood
294348,MIAMI DADE COUNTY,Wood
373872,MIAMI DADE COUNTY,Wood
866064,MIAMI DADE COUNTY,Wood
677467,MIAMI DADE COUNTY,Wood
635720,MIAMI DADE COUNTY,Reinforced Masonry
311783,MIAMI DADE COUNTY,Masonry
971689,MIAMI DADE COUNTY,Wood
496702,MIAMI DADE COUNTY,Wood
147699,MIAMI DADE COUNTY,Wood
347389,MIAMI DADE COUNTY,Wood
197117,MIAMI DADE COUNTY,Reinforced Masonry
787956,MIAMI DADE COUNTY,Wood
280933,MIAMI DADE COUNTY,Wood
233269,MIAMI DADE COUNTY,Wood
638944,MIAMI DADE COUNTY,Wood
536294,MIAMI DADE COUNTY,Wood
403591,MIAMI DADE COUNTY,Wood
785772,MIAMI DADE COUNTY,Wood
986708,MIAMI DADE COUNTY,Wood
558928,MIAMI DADE COUNTY,Wood
467903,MIAMI DADE COUNTY,Wood
718990,MIAMI DADE COUNTY,Wood
514746,MIAMI DADE COUNTY,Wood
528906,MIAMI DADE COUNTY,Wood
360265,MIAMI DADE COUNTY,Wood
695994,MIAMI DADE COUNTY,Wood
541717,MIAMI DADE COUNTY,Wood
430125,MIAMI DADE COUNTY,Wood
145593,MIAMI DADE COUNTY,Wood
846815,MIAMI DADE COUNTY,Wood
668848,MIAMI DADE COUNTY,Masonry
184164,MIAMI DADE COUNTY,Wood
110655,MIAMI DADE COUNTY,Wood
528023,MIAMI DADE COUNTY,Wood
702290,MIAMI DADE COUNTY,Wood
487940,MIAMI DADE COUNTY,Wood
323663,MIAMI DADE COUNTY,Reinforced Masonry
671810,MIAMI DADE COUNTY,Wood
271741,MIAMI DADE COUNTY,Reinforced Masonry
851957,MIAMI DADE COUNTY,Wood
349325,MIAMI DADE COUNTY,Masonry
540271,MIAMI DADE COUNTY,Wood
151182,MIAMI DADE COUNTY,Wood
360407,MIAMI DADE COUNTY,Wood
513497,MIAMI DADE COUNTY,Wood
778159,MIAMI DADE COUNTY,Masonry
454841,MIAMI DADE COUNTY,Wood
845924,MIAMI DADE COUNTY,Wood
439920,MIAMI DADE COUNTY,Wood
756756,MIAMI DADE COUNTY,Reinforced Concrete
814425,MIAMI DADE COUNTY,Masonry
820106,MIAMI DADE COUNTY,Wood
891303,MIAMI DADE COUNTY,Reinforced Masonry
156645,MIAMI DADE COUNTY,Masonry
603310,MIAMI DADE COUNTY,Steel Frame
386443,MIAMI DADE COUNTY,Reinforced Concrete
430608,MIAMI DADE COUNTY,Masonry
418809,MIAMI DADE COUNTY,Reinforced Masonry
238088,MIAMI DADE COUNTY,Reinforced Masonry
233018,MIAMI DADE COUNTY,Masonry
338721,MIAMI DADE COUNTY,Wood
694009,MIAMI DADE COUNTY,Masonry
367998,MIAMI DADE COUNTY,Reinforced Masonry
264383,MIAMI DADE COUNTY,Masonry
498401,MIAMI DADE COUNTY,Wood
948958,MIAMI DADE COUNTY,Masonry
489091,MIAMI DADE COUNTY,Wood
326514,MIAMI DADE COUNTY,Reinforced Masonry
422596,MIAMI DADE COUNTY,Masonry
405665,MIAMI DADE COUNTY,Wood
580182,MIAMI DADE COUNTY,Wood
116015,MIAMI DADE COUNTY,Wood
122256,MIAMI DADE COUNTY,Wood
475103,MIAMI DADE COUNTY,Wood
441074,MIAMI DADE COUNTY,Masonry
239311,MIAMI DADE COUNTY,Reinforced Masonry
720989,MIAMI DADE COUNTY,Wood
838296,MIAMI DADE COUNTY,Reinforced Masonry
230441,MIAMI DADE COUNTY,Reinforced Masonry
226802,MIAMI DADE COUNTY,Reinforced Masonry
824356,MIAMI DADE COUNTY,Wood
541385,MIAMI DADE COUNTY,Wood
653189,MIAMI DADE COUNTY,Masonry
388366,MIAMI DADE COUNTY,Reinforced Concrete
109569,MIAMI DADE COUNTY,Masonry
548664,MIAMI DADE COUNTY,Masonry
467851,MIAMI DADE COUNTY,Wood
555594,MIAMI DADE COUNTY,Masonry
237548,MIAMI DADE COUNTY,Masonry
245078,MIAMI DADE COUNTY,Masonry
561941,MIAMI DADE COUNTY,Masonry
663393,MIAMI DADE COUNTY,Wood
294907,MIAMI DADE COUNTY,Wood
252779,MIAMI DADE COUNTY,Masonry
398733,MIAMI DADE COUNTY,Wood
585851,MIAMI DADE COUNTY,Reinforced Masonry
438102,MIAMI DADE COUNTY,Reinforced Concrete
851443,MIAMI DADE COUNTY,Reinforced Concrete
847678,MIAMI DADE COUNTY,Wood
628145,MIAMI DADE COUNTY,Reinforced Masonry
140644,MIAMI DADE COUNTY,Wood
646455,MIAMI DADE COUNTY,Wood
757132,MIAMI DADE COUNTY,Wood
120766,MIAMI DADE COUNTY,Wood
127729,MIAMI DADE COUNTY,Masonry
918165,MIAMI DADE COUNTY,Reinforced Masonry
246038,MIAMI DADE COUNTY,Masonry
557379,MIAMI DADE COUNTY,Masonry
530697,MIAMI DADE COUNTY,Wood
696498,MIAMI DADE COUNTY,Masonry
483422,MIAMI DADE COUNTY,Wood
666651,MIAMI DADE COUNTY,Wood
623130,MIAMI DADE COUNTY,Wood
750132,MIAMI DADE COUNTY,Reinforced Masonry
535030,MIAMI DADE COUNTY,Masonry
993407,MIAMI DADE COUNTY,Masonry
315125,MIAMI DADE COUNTY,Wood
767961,MIAMI DADE COUNTY,Masonry
835549,MIAMI DADE COUNTY,Masonry
894209,MIAMI DADE COUNTY,Masonry
930768,MIAMI DADE COUNTY,Masonry
321402,MIAMI DADE COUNTY,Masonry
437457,MIAMI DADE COUNTY,Wood
580988,MIAMI DADE COUNTY,Wood
304845,MIAMI DADE COUNTY,Wood
132199,MIAMI DADE COUNTY,Wood
133146,MIAMI DADE COUNTY,Reinforced Masonry
993661,MIAMI DADE COUNTY,Wood
843158,MIAMI DADE COUNTY,Wood
966328,MIAMI DADE COUNTY,Masonry
575922,MIAMI DADE COUNTY,Wood
944733,MIAMI DADE COUNTY,Reinforced Masonry
896371,MIAMI DADE COUNTY,Masonry
203951,MIAMI DADE COUNTY,Masonry
638407,MIAMI DADE COUNTY,Masonry
338514,MIAMI DADE COUNTY,Masonry
225952,MIAMI DADE COUNTY,Wood
980592,MIAMI DADE COUNTY,Wood
555605,MIAMI DADE COUNTY,Wood
479006,MIAMI DADE COUNTY,Masonry
126343,MIAMI DADE COUNTY,Masonry
273605,MIAMI DADE COUNTY,Masonry
796202,MIAMI DADE COUNTY,Masonry
485334,MIAMI DADE COUNTY,Wood
498823,MIAMI DADE COUNTY,Wood
357069,MIAMI DADE COUNTY,Wood
639792,MIAMI DADE COUNTY,Masonry
556714,MIAMI DADE COUNTY,Wood
257161,MIAMI DADE COUNTY,Masonry
526225,MIAMI DADE COUNTY,Wood
330520,MIAMI DADE COUNTY,Wood
583581,MIAMI DADE COUNTY,Wood
424746,MIAMI DADE COUNTY,Wood
178460,MIAMI DADE COUNTY,Masonry
792620,MIAMI DADE COUNTY,Wood
945098,MIAMI DADE COUNTY,Wood
647915,MIAMI DADE COUNTY,Wood
962043,MIAMI DADE COUNTY,Wood
715205,MIAMI DADE COUNTY,Wood
631689,MIAMI DADE COUNTY,Wood
668091,MIAMI DADE COUNTY,Wood
870083,MIAMI DADE COUNTY,Wood
534387,MIAMI DADE COUNTY,Wood
658344,MIAMI DADE COUNTY,Wood
270136,MIAMI DADE COUNTY,Reinforced Masonry
671391,MIAMI DADE COUNTY,Steel Frame
102462,MIAMI DADE COUNTY,Reinforced Masonry
327747,MIAMI DADE COUNTY,Reinforced Masonry
289015,MIAMI DADE COUNTY,Reinforced Masonry
539830,MIAMI DADE COUNTY,Reinforced Masonry
271655,MIAMI DADE COUNTY,Reinforced Masonry
990717,MIAMI DADE COUNTY,Reinforced Masonry
330905,MIAMI DADE COUNTY,Reinforced Masonry
705703,MIAMI DADE COUNTY,Masonry
913102,MIAMI DADE COUNTY,Reinforced Masonry
671522,MIAMI DADE COUNTY,Reinforced Masonry
289517,MIAMI DADE COUNTY,Reinforced Masonry
129899,MIAMI DADE COUNTY,Reinforced Masonry
994890,MIAMI DADE COUNTY,Reinforced Masonry
421232,MIAMI DADE COUNTY,Reinforced Concrete
331661,MIAMI DADE COUNTY,Reinforced Concrete
785439,MIAMI DADE COUNTY,Reinforced Concrete
803942,MIAMI DADE COUNTY,Steel Frame
943333,MIAMI DADE COUNTY,Masonry
410311,MIAMI DADE COUNTY,Wood
301605,MIAMI DADE COUNTY,Masonry
857138,MIAMI DADE COUNTY,Masonry
597098,MIAMI DADE COUNTY,Masonry
648566,MIAMI DADE COUNTY,Masonry
964811,MIAMI DADE COUNTY,Wood
254064,MIAMI DADE COUNTY,Wood
347398,MIAMI DADE COUNTY,Wood
849532,MIAMI DADE COUNTY,Wood
397235,MIAMI DADE COUNTY,Reinforced Concrete
379197,MIAMI DADE COUNTY,Wood
154315,MIAMI DADE COUNTY,Wood
241284,MIAMI DADE COUNTY,Masonry
815553,MIAMI DADE COUNTY,Reinforced Masonry
595123,MIAMI DADE COUNTY,Wood
169572,MIAMI DADE COUNTY,Masonry
846231,MIAMI DADE COUNTY,Masonry
885099,MIAMI DADE COUNTY,Masonry
262745,MIAMI DADE COUNTY,Masonry
996223,MIAMI DADE COUNTY,Reinforced Masonry
619482,MIAMI DADE COUNTY,Wood
261818,MIAMI DADE COUNTY,Wood
870698,MIAMI DADE COUNTY,Wood
118744,MIAMI DADE COUNTY,Reinforced Concrete
520979,MIAMI DADE COUNTY,Masonry
878642,MIAMI DADE COUNTY,Wood
920507,MIAMI DADE COUNTY,Wood
512670,MIAMI DADE COUNTY,Wood
313812,MIAMI DADE COUNTY,Masonry
907589,MIAMI DADE COUNTY,Masonry
656966,MIAMI DADE COUNTY,Masonry
348480,MIAMI DADE COUNTY,Masonry
600042,MIAMI DADE COUNTY,Masonry
182645,MIAMI DADE COUNTY,Wood
921019,MIAMI DADE COUNTY,Wood
592635,MIAMI DADE COUNTY,Wood
883425,MIAMI DADE COUNTY,Wood
439929,MIAMI DADE COUNTY,Masonry
129707,MIAMI DADE COUNTY,Wood
409635,MIAMI DADE COUNTY,Wood
182018,MIAMI DADE COUNTY,Reinforced Masonry
527913,MIAMI DADE COUNTY,Wood
617375,MIAMI DADE COUNTY,Reinforced Masonry
715213,MIAMI DADE COUNTY,Reinforced Masonry
755309,MIAMI DADE COUNTY,Masonry
107960,MIAMI DADE COUNTY,Masonry
363634,MIAMI DADE COUNTY,Reinforced Masonry
962259,MIAMI DADE COUNTY,Masonry
955972,MIAMI DADE COUNTY,Masonry
257912,MIAMI DADE COUNTY,Wood
743091,MIAMI DADE COUNTY,Masonry
864655,MIAMI DADE COUNTY,Masonry
353689,MIAMI DADE COUNTY,Wood
876115,MIAMI DADE COUNTY,Wood
552744,MIAMI DADE COUNTY,Wood
300963,MIAMI DADE COUNTY,Masonry
857342,MIAMI DADE COUNTY,Wood
310406,MIAMI DADE COUNTY,Wood
110958,MIAMI DADE COUNTY,Wood
628632,MIAMI DADE COUNTY,Reinforced Masonry
883993,MIAMI DADE COUNTY,Wood
700373,MIAMI DADE COUNTY,Wood
825329,MIAMI DADE COUNTY,Wood
621248,MIAMI DADE COUNTY,Wood
916073,MIAMI DADE COUNTY,Wood
213995,MIAMI DADE COUNTY,Wood
800411,MIAMI DADE COUNTY,Wood
659988,MIAMI DADE COUNTY,Wood
480975,MIAMI DADE COUNTY,Wood
359508,MIAMI DADE COUNTY,Wood
374094,MIAMI DADE COUNTY,Wood
343584,MIAMI DADE COUNTY,Masonry
521607,MIAMI DADE COUNTY,Masonry
287808,MIAMI DADE COUNTY,Reinforced Concrete
136929,MIAMI DADE COUNTY,Reinforced Masonry
340491,MIAMI DADE COUNTY,Masonry
336894,MIAMI DADE COUNTY,Wood
548372,MIAMI DADE COUNTY,Wood
847371,MIAMI DADE COUNTY,Wood
739207,MIAMI DADE COUNTY,Reinforced Masonry
873722,MIAMI DADE COUNTY,Masonry
290114,MIAMI DADE COUNTY,Reinforced Masonry
669924,MIAMI DADE COUNTY,Reinforced Masonry
286816,MIAMI DADE COUNTY,Reinforced Concrete
295367,MIAMI DADE COUNTY,Wood
602589,MIAMI DADE COUNTY,Reinforced Masonry
555996,MIAMI DADE COUNTY,Masonry
707885,MIAMI DADE COUNTY,Steel Frame
470044,MIAMI DADE COUNTY,Reinforced Masonry
963108,MIAMI DADE COUNTY,Steel Frame
312624,MIAMI DADE COUNTY,Masonry
863084,MIAMI DADE COUNTY,Masonry
476756,MIAMI DADE COUNTY,Reinforced Masonry
200804,MIAMI DADE COUNTY,Masonry
512722,MIAMI DADE COUNTY,Reinforced Masonry
658182,MIAMI DADE COUNTY,Reinforced Concrete
187094,MIAMI DADE COUNTY,Reinforced Concrete
485876,MIAMI DADE COUNTY,Wood
512349,MIAMI DADE COUNTY,Reinforced Concrete
815558,MIAMI DADE COUNTY,Reinforced Masonry
709341,MIAMI DADE COUNTY,Reinforced Masonry
750684,MIAMI DADE COUNTY,Reinforced Concrete
259646,MIAMI DADE COUNTY,Wood
104262,MIAMI DADE COUNTY,Reinforced Masonry
563613,MIAMI DADE COUNTY,Masonry
204748,MIAMI DADE COUNTY,Reinforced Masonry
563428,MIAMI DADE COUNTY,Masonry
932257,MIAMI DADE COUNTY,Masonry
849985,MIAMI DADE COUNTY,Masonry
862954,MIAMI DADE COUNTY,Masonry
494497,MIAMI DADE COUNTY,Masonry
629648,MIAMI DADE COUNTY,Wood
205002,MIAMI DADE COUNTY,Wood
880896,MIAMI DADE COUNTY,Masonry
354990,MIAMI DADE COUNTY,Reinforced Concrete
723998,MIAMI DADE COUNTY,Wood
528894,MIAMI DADE COUNTY,Wood
228720,MIAMI DADE COUNTY,Reinforced Masonry
889431,MIAMI DADE COUNTY,Reinforced Concrete
886422,MIAMI DADE COUNTY,Reinforced Concrete
865354,MIAMI DADE COUNTY,Reinforced Concrete
738762,MIAMI DADE COUNTY,Wood
634845,MIAMI DADE COUNTY,Masonry
814100,MIAMI DADE COUNTY,Masonry
417744,MIAMI DADE COUNTY,Masonry
686399,MIAMI DADE COUNTY,Masonry
285816,MIAMI DADE COUNTY,Reinforced Masonry
884370,MIAMI DADE COUNTY,Wood
417183,MIAMI DADE COUNTY,Masonry
902225,MIAMI DADE COUNTY,Masonry
810501,MIAMI DADE COUNTY,Wood
791346,MIAMI DADE COUNTY,Masonry
658024,MIAMI DADE COUNTY,Reinforced Masonry
818458,MIAMI DADE COUNTY,Reinforced Masonry
802379,MIAMI DADE COUNTY,Reinforced Concrete
790723,MIAMI DADE COUNTY,Reinforced Masonry
973793,MIAMI DADE COUNTY,Masonry
670287,MIAMI DADE COUNTY,Masonry
270385,MIAMI DADE COUNTY,Reinforced Concrete
706762,MIAMI DADE COUNTY,Reinforced Masonry
213775,MIAMI DADE COUNTY,Wood
437545,MIAMI DADE COUNTY,Wood
360357,MIAMI DADE COUNTY,Reinforced Masonry
199256,MIAMI DADE COUNTY,Wood
987702,MIAMI DADE COUNTY,Wood
920284,MIAMI DADE COUNTY,Wood
992978,MIAMI DADE COUNTY,Wood
173755,MIAMI DADE COUNTY,Masonry
561364,MIAMI DADE COUNTY,Wood
695190,MIAMI DADE COUNTY,Wood
110453,MIAMI DADE COUNTY,Wood
922383,MIAMI DADE COUNTY,Wood
290280,MIAMI DADE COUNTY,Wood
880913,MIAMI DADE COUNTY,Wood
150128,MIAMI DADE COUNTY,Masonry
159183,MIAMI DADE COUNTY,Masonry
166744,MIAMI DADE COUNTY,Masonry
529617,MIAMI DADE COUNTY,Wood
464292,MIAMI DADE COUNTY,Wood
357558,MIAMI DADE COUNTY,Wood
583652,MIAMI DADE COUNTY,Masonry
723807,MIAMI DADE COUNTY,Wood
382688,MIAMI DADE COUNTY,Wood
895440,MIAMI DADE COUNTY,Wood
371896,MIAMI DADE COUNTY,Wood
576177,MIAMI DADE COUNTY,Wood
847797,MIAMI DADE COUNTY,Wood
147097,MIAMI DADE COUNTY,Wood
431055,MIAMI DADE COUNTY,Wood
638962,MIAMI DADE COUNTY,Masonry
705034,MIAMI DADE COUNTY,Reinforced Concrete
981878,MIAMI DADE COUNTY,Masonry
912401,MIAMI DADE COUNTY,Wood
176414,MIAMI DADE COUNTY,Wood
977994,MIAMI DADE COUNTY,Wood
915370,MIAMI DADE COUNTY,Wood
337477,MIAMI DADE COUNTY,Wood
960874,MIAMI DADE COUNTY,Wood
497898,MIAMI DADE COUNTY,Wood
550999,MIAMI DADE COUNTY,Wood
897991,MIAMI DADE COUNTY,Wood
513108,MIAMI DADE COUNTY,Wood
911374,MIAMI DADE COUNTY,Wood
210312,MIAMI DADE COUNTY,Wood
713929,MIAMI DADE COUNTY,Wood
338726,MIAMI DADE COUNTY,Masonry
997250,MIAMI DADE COUNTY,Reinforced Concrete
199237,MIAMI DADE COUNTY,Wood
381375,MIAMI DADE COUNTY,Masonry
908844,MIAMI DADE COUNTY,Reinforced Masonry
979650,MIAMI DADE COUNTY,Wood
662376,MIAMI DADE COUNTY,Wood
509603,MIAMI DADE COUNTY,Wood
854997,MIAMI DADE COUNTY,Wood
322303,MIAMI DADE COUNTY,Wood
873638,MIAMI DADE COUNTY,Wood
989784,MIAMI DADE COUNTY,Masonry
207816,MIAMI DADE COUNTY,Masonry
454228,MIAMI DADE COUNTY,Masonry
146901,MIAMI DADE COUNTY,Masonry
454263,MIAMI DADE COUNTY,Masonry
273719,MIAMI DADE COUNTY,Masonry
608039,MIAMI DADE COUNTY,Wood
172750,MIAMI DADE COUNTY,Masonry
226312,MIAMI DADE COUNTY,Masonry
392019,MIAMI DADE COUNTY,Wood
947743,MIAMI DADE COUNTY,Wood
228275,MIAMI DADE COUNTY,Wood
856428,MIAMI DADE COUNTY,Reinforced Masonry
650745,MIAMI DADE COUNTY,Masonry
240111,MIAMI DADE COUNTY,Wood
993366,MIAMI DADE COUNTY,Wood
478386,MIAMI DADE COUNTY,Reinforced Masonry
335305,MIAMI DADE COUNTY,Masonry
398813,MIAMI DADE COUNTY,Wood
200581,MIAMI DADE COUNTY,Wood
594429,MIAMI DADE COUNTY,Wood
251781,MIAMI DADE COUNTY,Wood
277487,MIAMI DADE COUNTY,Masonry
292451,MIAMI DADE COUNTY,Wood
786905,MIAMI DADE COUNTY,Wood
723955,MIAMI DADE COUNTY,Masonry
843386,MIAMI DADE COUNTY,Masonry
811315,MIAMI DADE COUNTY,Wood
763861,MIAMI DADE COUNTY,Reinforced Concrete
324779,MIAMI DADE COUNTY,Wood
291102,MIAMI DADE COUNTY,Wood
840208,MIAMI DADE COUNTY,Wood
939556,MIAMI DADE COUNTY,Wood
973509,MIAMI DADE COUNTY,Wood
857321,MIAMI DADE COUNTY,Wood
660335,MIAMI DADE COUNTY,Wood
155355,MIAMI DADE COUNTY,Masonry
185697,MIAMI DADE COUNTY,Masonry
884455,MIAMI DADE COUNTY,Wood
107408,MIAMI DADE COUNTY,Reinforced Masonry
239963,MIAMI DADE COUNTY,Reinforced Masonry
357708,MIAMI DADE COUNTY,Wood
295524,MIAMI DADE COUNTY,Wood
257853,MIAMI DADE COUNTY,Wood
534461,MIAMI DADE COUNTY,Masonry
172827,MIAMI DADE COUNTY,Reinforced Masonry
616400,MIAMI DADE COUNTY,Masonry
565781,MIAMI DADE COUNTY,Masonry
333945,MIAMI DADE COUNTY,Masonry
145489,MIAMI DADE COUNTY,Masonry
210761,MIAMI DADE COUNTY,Masonry
163509,MIAMI DADE COUNTY,Masonry
292390,MIAMI DADE COUNTY,Masonry
463791,MIAMI DADE COUNTY,Wood
286476,MIAMI DADE COUNTY,Wood
496843,MIAMI DADE COUNTY,Wood
842010,MIAMI DADE COUNTY,Wood
753064,MIAMI DADE COUNTY,Masonry
592440,MIAMI DADE COUNTY,Masonry
372508,MIAMI DADE COUNTY,Reinforced Masonry
409859,MIAMI DADE COUNTY,Wood
642879,MIAMI DADE COUNTY,Reinforced Masonry
749216,MIAMI DADE COUNTY,Reinforced Masonry
102165,MIAMI DADE COUNTY,Masonry
405320,MIAMI DADE COUNTY,Wood
422632,MIAMI DADE COUNTY,Reinforced Masonry
584681,MIAMI DADE COUNTY,Wood
558392,MIAMI DADE COUNTY,Wood
473289,MIAMI DADE COUNTY,Wood
357999,MIAMI DADE COUNTY,Wood
697747,MIAMI DADE COUNTY,Wood
751049,MIAMI DADE COUNTY,Wood
364412,MIAMI DADE COUNTY,Wood
595902,MIAMI DADE COUNTY,Reinforced Masonry
417208,MIAMI DADE COUNTY,Masonry
745281,MIAMI DADE COUNTY,Reinforced Masonry
733623,MIAMI DADE COUNTY,Reinforced Masonry
154107,MIAMI DADE COUNTY,Wood
891310,MIAMI DADE COUNTY,Wood
239120,MIAMI DADE COUNTY,Wood
485224,MIAMI DADE COUNTY,Wood
585525,MIAMI DADE COUNTY,Wood
703988,MIAMI DADE COUNTY,Masonry
828687,MIAMI DADE COUNTY,Wood
763944,MIAMI DADE COUNTY,Reinforced Masonry
218416,MIAMI DADE COUNTY,Reinforced Masonry
289158,MIAMI DADE COUNTY,Wood
549215,MIAMI DADE COUNTY,Reinforced Concrete
150040,MIAMI DADE COUNTY,Reinforced Concrete
381534,MIAMI DADE COUNTY,Reinforced Masonry
466908,MIAMI DADE COUNTY,Reinforced Masonry
859621,MIAMI DADE COUNTY,Masonry
848783,MIAMI DADE COUNTY,Wood
288170,MIAMI DADE COUNTY,Wood
568474,MIAMI DADE COUNTY,Masonry
284414,MIAMI DADE COUNTY,Wood
596067,MIAMI DADE COUNTY,Wood
201978,MIAMI DADE COUNTY,Wood
853197,MIAMI DADE COUNTY,Wood
909231,MIAMI DADE COUNTY,Wood
619623,MIAMI DADE COUNTY,Wood
124710,MIAMI DADE COUNTY,Wood
267431,MIAMI DADE COUNTY,Wood
761740,MIAMI DADE COUNTY,Wood
810223,MIAMI DADE COUNTY,Masonry
815691,MIAMI DADE COUNTY,Wood
401479,MIAMI DADE COUNTY,Wood
905967,MIAMI DADE COUNTY,Masonry
103204,MIAMI DADE COUNTY,Wood
639245,MIAMI DADE COUNTY,Wood
789270,MIAMI DADE COUNTY,Wood
409373,MIAMI DADE COUNTY,Wood
388662,MIAMI DADE COUNTY,Wood
430267,MIAMI DADE COUNTY,Wood
135643,MIAMI DADE COUNTY,Wood
651422,MIAMI DADE COUNTY,Wood
449375,MIAMI DADE COUNTY,Masonry
759467,MIAMI DADE COUNTY,Masonry
224693,MIAMI DADE COUNTY,Wood
967815,MIAMI DADE COUNTY,Wood
631939,MIAMI DADE COUNTY,Wood
442665,MIAMI DADE COUNTY,Wood
404241,MIAMI DADE COUNTY,Wood
194474,MIAMI DADE COUNTY,Reinforced Masonry
443739,MIAMI DADE COUNTY,Steel Frame
702163,MIAMI DADE COUNTY,Masonry
363466,MIAMI DADE COUNTY,Masonry
993310,MIAMI DADE COUNTY,Masonry
436372,MIAMI DADE COUNTY,Masonry
325454,MIAMI DADE COUNTY,Wood
467894,MIAMI DADE COUNTY,Wood
641024,MIAMI DADE COUNTY,Wood
825277,MIAMI DADE COUNTY,Masonry
727345,MIAMI DADE COUNTY,Masonry
525701,MIAMI DADE COUNTY,Masonry
996202,MIAMI DADE COUNTY,Wood
196057,MIAMI DADE COUNTY,Masonry
729509,MIAMI DADE COUNTY,Masonry
184032,MIAMI DADE COUNTY,Reinforced Masonry
734883,MIAMI DADE COUNTY,Reinforced Masonry
183924,MIAMI DADE COUNTY,Reinforced Concrete
205171,MIAMI DADE COUNTY,Reinforced Concrete
571349,MIAMI DADE COUNTY,Masonry
429076,MIAMI DADE COUNTY,Masonry
243178,MIAMI DADE COUNTY,Masonry
623088,MIAMI DADE COUNTY,Reinforced Masonry
492094,MIAMI DADE COUNTY,Wood
924593,MIAMI DADE COUNTY,Wood
606468,MIAMI DADE COUNTY,Masonry
841011,MIAMI DADE COUNTY,Masonry
354777,MIAMI DADE COUNTY,Wood
769253,MIAMI DADE COUNTY,Wood
572308,MIAMI DADE COUNTY,Reinforced Masonry
306206,MIAMI DADE COUNTY,Wood
570511,MIAMI DADE COUNTY,Reinforced Concrete
622517,MIAMI DADE COUNTY,Reinforced Masonry
826575,MIAMI DADE COUNTY,Steel Frame
533400,MIAMI DADE COUNTY,Wood
430410,MIAMI DADE COUNTY,Wood
260256,MIAMI DADE COUNTY,Masonry
752792,MIAMI DADE COUNTY,Masonry
193183,MIAMI DADE COUNTY,Reinforced Masonry
464406,MIAMI DADE COUNTY,Masonry
714995,MIAMI DADE COUNTY,Steel Frame
394059,MIAMI DADE COUNTY,Masonry
316525,MIAMI DADE COUNTY,Masonry
642630,MIAMI DADE COUNTY,Reinforced Masonry
978131,MIAMI DADE COUNTY,Masonry
755786,MIAMI DADE COUNTY,Reinforced Masonry
305926,MIAMI DADE COUNTY,Wood
277515,MIAMI DADE COUNTY,Masonry
894569,MIAMI DADE COUNTY,Masonry
774717,MIAMI DADE COUNTY,Masonry
969113,MIAMI DADE COUNTY,Wood
137592,MIAMI DADE COUNTY,Wood
883734,MIAMI DADE COUNTY,Reinforced Masonry
987893,MIAMI DADE COUNTY,Wood
188986,MIAMI DADE COUNTY,Reinforced Masonry
711476,MIAMI DADE COUNTY,Reinforced Masonry
546827,MIAMI DADE COUNTY,Wood
828180,MIAMI DADE COUNTY,Masonry
362132,MIAMI DADE COUNTY,Wood
230518,MIAMI DADE COUNTY,Wood
558487,MIAMI DADE COUNTY,Reinforced Masonry
350915,MIAMI DADE COUNTY,Wood
832257,MIAMI DADE COUNTY,Masonry
616709,MIAMI DADE COUNTY,Wood
332404,MIAMI DADE COUNTY,Masonry
222518,MIAMI DADE COUNTY,Masonry
319024,MIAMI DADE COUNTY,Masonry
199667,MIAMI DADE COUNTY,Wood
751553,MIAMI DADE COUNTY,Wood
554279,MIAMI DADE COUNTY,Wood
490866,MIAMI DADE COUNTY,Steel Frame
733934,MIAMI DADE COUNTY,Wood
415288,MIAMI DADE COUNTY,Masonry
132920,MIAMI DADE COUNTY,Masonry
229696,MIAMI DADE COUNTY,Masonry
582659,MIAMI DADE COUNTY,Masonry
409601,MIAMI DADE COUNTY,Masonry
748562,MIAMI DADE COUNTY,Masonry
376045,MIAMI DADE COUNTY,Wood
842225,MIAMI DADE COUNTY,Wood
990018,MIAMI DADE COUNTY,Wood
725630,MIAMI DADE COUNTY,Wood
696848,MIAMI DADE COUNTY,Wood
628539,MIAMI DADE COUNTY,Wood
201062,MIAMI DADE COUNTY,Wood
847780,MIAMI DADE COUNTY,Wood
144359,MIAMI DADE COUNTY,Reinforced Masonry
515937,MIAMI DADE COUNTY,Wood
230615,MIAMI DADE COUNTY,Masonry
702953,MIAMI DADE COUNTY,Reinforced Masonry
820793,MIAMI DADE COUNTY,Reinforced Masonry
108897,MIAMI DADE COUNTY,Reinforced Concrete
364473,MIAMI DADE COUNTY,Masonry
229261,MIAMI DADE COUNTY,Wood
935213,MIAMI DADE COUNTY,Wood
409885,MIAMI DADE COUNTY,Wood
236473,MIAMI DADE COUNTY,Wood
458046,MIAMI DADE COUNTY,Wood
430540,MIAMI DADE COUNTY,Wood
777482,MIAMI DADE COUNTY,Wood
174548,MIAMI DADE COUNTY,Masonry
399753,MIAMI DADE COUNTY,Wood
310950,MIAMI DADE COUNTY,Wood
779737,MIAMI DADE COUNTY,Wood
449132,MIAMI DADE COUNTY,Wood
907040,MIAMI DADE COUNTY,Wood
899476,MIAMI DADE COUNTY,Wood
986237,MIAMI DADE COUNTY,Wood
815701,MIAMI DADE COUNTY,Wood
973549,MIAMI DADE COUNTY,Wood
566512,MIAMI DADE COUNTY,Reinforced Masonry
720464,MIAMI DADE COUNTY,Wood
301026,MIAMI DADE COUNTY,Reinforced Masonry
101650,MIAMI DADE COUNTY,Wood
637811,MIAMI DADE COUNTY,Wood
746326,MIAMI DADE COUNTY,Wood
621620,MIAMI DADE COUNTY,Reinforced Masonry
965048,MIAMI DADE COUNTY,Masonry
997953,MIAMI DADE COUNTY,Reinforced Masonry
414691,MIAMI DADE COUNTY,Wood
588445,MIAMI DADE COUNTY,Reinforced Masonry
124449,MIAMI DADE COUNTY,Wood
218829,MIAMI DADE COUNTY,Reinforced Concrete
714607,MIAMI DADE COUNTY,Masonry
904652,MIAMI DADE COUNTY,Masonry
583352,MIAMI DADE COUNTY,Wood
357714,MIAMI DADE COUNTY,Wood
554122,MIAMI DADE COUNTY,Masonry
267201,MIAMI DADE COUNTY,Reinforced Masonry
657047,MIAMI DADE COUNTY,Reinforced Masonry
774569,MIAMI DADE COUNTY,Reinforced Masonry
136717,MIAMI DADE COUNTY,Masonry
229705,MIAMI DADE COUNTY,Masonry
823465,MIAMI DADE COUNTY,Masonry
332389,MIAMI DADE COUNTY,Wood
127185,MIAMI DADE COUNTY,Wood
845935,MIAMI DADE COUNTY,Masonry
565100,MIAMI DADE COUNTY,Wood
211155,MIAMI DADE COUNTY,Wood
494798,MIAMI DADE COUNTY,Masonry
250447,MIAMI DADE COUNTY,Wood
470784,MIAMI DADE COUNTY,Wood
477527,MIAMI DADE COUNTY,Masonry
195769,MIAMI DADE COUNTY,Wood
960411,MIAMI DADE COUNTY,Steel Frame
202607,MIAMI DADE COUNTY,Reinforced Masonry
489033,MIAMI DADE COUNTY,Wood
777626,MIAMI DADE COUNTY,Wood
499952,MIAMI DADE COUNTY,Wood
672147,MIAMI DADE COUNTY,Wood
795623,MIAMI DADE COUNTY,Wood
711995,MIAMI DADE COUNTY,Wood
407422,MIAMI DADE COUNTY,Wood
347497,MIAMI DADE COUNTY,Wood
954378,MIAMI DADE COUNTY,Wood
533555,MIAMI DADE COUNTY,Wood
586272,MIAMI DADE COUNTY,Wood
228110,MIAMI DADE COUNTY,Wood
891591,MIAMI DADE COUNTY,Reinforced Concrete
806079,MIAMI DADE COUNTY,Masonry
318134,MIAMI DADE COUNTY,Masonry
937716,MIAMI DADE COUNTY,Reinforced Masonry
206497,MIAMI DADE COUNTY,Wood
113066,MIAMI DADE COUNTY,Wood
837437,MIAMI DADE COUNTY,Wood
649221,MIAMI DADE COUNTY,Wood
196519,MIAMI DADE COUNTY,Wood
802262,MIAMI DADE COUNTY,Wood
682525,MIAMI DADE COUNTY,Reinforced Masonry
643894,MIAMI DADE COUNTY,Reinforced Masonry
804001,MIAMI DADE COUNTY,Wood
896455,MIAMI DADE COUNTY,Wood
796608,MIAMI DADE COUNTY,Wood
727682,MIAMI DADE COUNTY,Masonry
327047,MIAMI DADE COUNTY,Masonry
316272,MIAMI DADE COUNTY,Wood
934897,MIAMI DADE COUNTY,Wood
833082,MIAMI DADE COUNTY,Wood
380288,MIAMI DADE COUNTY,Masonry
853548,MIAMI DADE COUNTY,Masonry
946960,MIAMI DADE COUNTY,Masonry
472603,MIAMI DADE COUNTY,Masonry
612479,MIAMI DADE COUNTY,Masonry
593175,MIAMI DADE COUNTY,Masonry
964961,MIAMI DADE COUNTY,Wood
646091,MIAMI DADE COUNTY,Reinforced Masonry
470148,MIAMI DADE COUNTY,Masonry
224182,MIAMI DADE COUNTY,Masonry
439968,MIAMI DADE COUNTY,Reinforced Masonry
447906,MIAMI DADE COUNTY,Reinforced Masonry
753689,MIAMI DADE COUNTY,Reinforced Masonry
615827,MIAMI DADE COUNTY,Reinforced Masonry
197787,MIAMI DADE COUNTY,Reinforced Masonry
688077,MIAMI DADE COUNTY,Reinforced Masonry
788466,MIAMI DADE COUNTY,Reinforced Masonry
427491,MIAMI DADE COUNTY,Wood
234908,MIAMI DADE COUNTY,Masonry
443046,MIAMI DADE COUNTY,Wood
655240,MIAMI DADE COUNTY,Reinforced Masonry
644768,MIAMI DADE COUNTY,Wood
402209,MIAMI DADE COUNTY,Reinforced Masonry
319640,MIAMI DADE COUNTY,Masonry
587992,MIAMI DADE COUNTY,Wood
271958,MIAMI DADE COUNTY,Masonry
991490,MIAMI DADE COUNTY,Reinforced Masonry
806346,MIAMI DADE COUNTY,Reinforced Masonry
211512,MIAMI DADE COUNTY,Masonry
833473,MIAMI DADE COUNTY,Masonry
337188,MIAMI DADE COUNTY,Reinforced Concrete
929626,MIAMI DADE COUNTY,Wood
601888,MIAMI DADE COUNTY,Wood
688227,MIAMI DADE COUNTY,Masonry
801780,MIAMI DADE COUNTY,Masonry
539872,MIAMI DADE COUNTY,Reinforced Masonry
784111,MIAMI DADE COUNTY,Masonry
680273,MIAMI DADE COUNTY,Masonry
368957,MIAMI DADE COUNTY,Wood
823189,MIAMI DADE COUNTY,Steel Frame
128594,MIAMI DADE COUNTY,Wood
642698,MIAMI DADE COUNTY,Wood
264583,MIAMI DADE COUNTY,Masonry
385051,MIAMI DADE COUNTY,Masonry
878874,MIAMI DADE COUNTY,Masonry
995694,MIAMI DADE COUNTY,Wood
674407,MIAMI DADE COUNTY,Wood
857263,MIAMI DADE COUNTY,Wood
855498,MIAMI DADE COUNTY,Masonry
250182,MIAMI DADE COUNTY,Masonry
271976,MIAMI DADE COUNTY,Reinforced Masonry
856275,MIAMI DADE COUNTY,Masonry
149860,MIAMI DADE COUNTY,Masonry
982790,MIAMI DADE COUNTY,Wood
993525,MIAMI DADE COUNTY,Reinforced Masonry
478578,MIAMI DADE COUNTY,Reinforced Masonry
210181,MIAMI DADE COUNTY,Masonry
735788,MIAMI DADE COUNTY,Masonry
843308,MIAMI DADE COUNTY,Wood
267905,MIAMI DADE COUNTY,Reinforced Masonry
989022,MIAMI DADE COUNTY,Wood
889026,MIAMI DADE COUNTY,Masonry
444630,MIAMI DADE COUNTY,Reinforced Masonry
186692,MIAMI DADE COUNTY,Wood
205563,MIAMI DADE COUNTY,Wood
705845,MIAMI DADE COUNTY,Wood
495498,MIAMI DADE COUNTY,Wood
942480,MIAMI DADE COUNTY,Reinforced Concrete
480183,MIAMI DADE COUNTY,Reinforced Masonry
302297,MIAMI DADE COUNTY,Reinforced Concrete
669303,MIAMI DADE COUNTY,Masonry
289345,MIAMI DADE COUNTY,Masonry
701892,MIAMI DADE COUNTY,Wood
536065,MIAMI DADE COUNTY,Wood
670307,MIAMI DADE COUNTY,Wood
749598,MIAMI DADE COUNTY,Wood
214769,MIAMI DADE COUNTY,Wood
754091,MIAMI DADE COUNTY,Wood
306541,MIAMI DADE COUNTY,Wood
544145,MIAMI DADE COUNTY,Wood
793151,MIAMI DADE COUNTY,Wood
279412,MIAMI DADE COUNTY,Wood
821563,MIAMI DADE COUNTY,Wood
165875,MIAMI DADE COUNTY,Wood
657043,MIAMI DADE COUNTY,Wood
434369,MIAMI DADE COUNTY,Wood
706684,MIAMI DADE COUNTY,Wood
322485,MIAMI DADE COUNTY,Wood
904964,MIAMI DADE COUNTY,Masonry
927835,MIAMI DADE COUNTY,Wood
877964,MIAMI DADE COUNTY,Wood
109687,MIAMI DADE COUNTY,Wood
566563,MIAMI DADE COUNTY,Wood
868360,MIAMI DADE COUNTY,Wood
381949,MIAMI DADE COUNTY,Wood
289274,MIAMI DADE COUNTY,Wood
674395,MIAMI DADE COUNTY,Wood
984852,MIAMI DADE COUNTY,Wood
657069,MIAMI DADE COUNTY,Wood
868303,MIAMI DADE COUNTY,Wood
287076,MIAMI DADE COUNTY,Reinforced Masonry
944726,MIAMI DADE COUNTY,Wood
409507,MIAMI DADE COUNTY,Masonry
986957,MIAMI DADE COUNTY,Wood
872661,MIAMI DADE COUNTY,Masonry
642768,MIAMI DADE COUNTY,Masonry
864049,MIAMI DADE COUNTY,Reinforced Masonry
408868,MIAMI DADE COUNTY,Wood
457489,MIAMI DADE COUNTY,Wood
168063,MIAMI DADE COUNTY,Reinforced Masonry
691192,MIAMI DADE COUNTY,Wood
450408,MIAMI DADE COUNTY,Reinforced Concrete
441550,MIAMI DADE COUNTY,Wood
127019,MIAMI DADE COUNTY,Wood
654743,MIAMI DADE COUNTY,Reinforced Masonry
588150,MIAMI DADE COUNTY,Reinforced Masonry
412728,MIAMI DADE COUNTY,Wood
206024,MIAMI DADE COUNTY,Wood
636042,MIAMI DADE COUNTY,Reinforced Masonry
754202,MIAMI DADE COUNTY,Masonry
307715,MIAMI DADE COUNTY,Reinforced Concrete
504278,MIAMI DADE COUNTY,Masonry
517101,MIAMI DADE COUNTY,Reinforced Masonry
230706,MIAMI DADE COUNTY,Reinforced Masonry
344473,MIAMI DADE COUNTY,Reinforced Masonry
561430,MIAMI DADE COUNTY,Masonry
997532,MIAMI DADE COUNTY,Reinforced Concrete
662224,MIAMI DADE COUNTY,Masonry
915635,MIAMI DADE COUNTY,Wood
548474,MIAMI DADE COUNTY,Wood
731330,MIAMI DADE COUNTY,Wood
852210,MIAMI DADE COUNTY,Wood
179625,MIAMI DADE COUNTY,Reinforced Masonry
607569,MIAMI DADE COUNTY,Wood
447498,MIAMI DADE COUNTY,Masonry
884702,MIAMI DADE COUNTY,Wood
498090,MIAMI DADE COUNTY,Wood
824163,MIAMI DADE COUNTY,Wood
267540,MIAMI DADE COUNTY,Wood
569811,MIAMI DADE COUNTY,Wood
489718,MIAMI DADE COUNTY,Wood
938941,MIAMI DADE COUNTY,Wood
703309,MIAMI DADE COUNTY,Wood
269680,MIAMI DADE COUNTY,Wood
127971,MIAMI DADE COUNTY,Masonry
520634,MIAMI DADE COUNTY,Wood
685956,MIAMI DADE COUNTY,Masonry
582371,MIAMI DADE COUNTY,Masonry
275914,MIAMI DADE COUNTY,Wood
305949,MIAMI DADE COUNTY,Masonry
353035,MIAMI DADE COUNTY,Wood
165892,MIAMI DADE COUNTY,Reinforced Masonry
124246,MIAMI DADE COUNTY,Masonry
390898,MIAMI DADE COUNTY,Masonry
871829,MIAMI DADE COUNTY,Reinforced Masonry
796752,MIAMI DADE COUNTY,Wood
142446,MIAMI DADE COUNTY,Reinforced Concrete
856497,MIAMI DADE COUNTY,Wood
114328,MIAMI DADE COUNTY,Wood
848912,MIAMI DADE COUNTY,Reinforced Masonry
502006,MIAMI DADE COUNTY,Reinforced Masonry
467808,MIAMI DADE COUNTY,Reinforced Masonry
789155,MIAMI DADE COUNTY,Wood
835403,MIAMI DADE COUNTY,Masonry
288356,MIAMI DADE COUNTY,Wood
225620,MIAMI DADE COUNTY,Wood
682681,MIAMI DADE COUNTY,Wood
256666,MIAMI DADE COUNTY,Masonry
287885,MIAMI DADE COUNTY,Reinforced Masonry
453678,MIAMI DADE COUNTY,Reinforced Masonry
546631,MIAMI DADE COUNTY,Wood
848510,MIAMI DADE COUNTY,Reinforced Masonry
635992,MIAMI DADE COUNTY,Reinforced Masonry
749681,MIAMI DADE COUNTY,Masonry
467900,MIAMI DADE COUNTY,Masonry
901363,MIAMI DADE COUNTY,Wood
977243,MIAMI DADE COUNTY,Masonry
604679,MIAMI DADE COUNTY,Wood
845750,MIAMI DADE COUNTY,Wood
467122,MIAMI DADE COUNTY,Reinforced Concrete
756009,MIAMI DADE COUNTY,Masonry
290558,MIAMI DADE COUNTY,Wood
983733,MIAMI DADE COUNTY,Wood
838923,MIAMI DADE COUNTY,Wood
380234,MIAMI DADE COUNTY,Wood
533176,MIAMI DADE COUNTY,Wood
211962,MIAMI DADE COUNTY,Masonry
908776,MIAMI DADE COUNTY,Wood
539012,MIAMI DADE COUNTY,Wood
188329,MIAMI DADE COUNTY,Reinforced Masonry
324126,MIAMI DADE COUNTY,Wood
748639,MIAMI DADE COUNTY,Masonry
631520,MIAMI DADE COUNTY,Wood
973235,MIAMI DADE COUNTY,Wood
418557,MIAMI DADE COUNTY,Wood
518022,MIAMI DADE COUNTY,Wood
491583,MIAMI DADE COUNTY,Wood
932591,MIAMI DADE COUNTY,Masonry
879081,MIAMI DADE COUNTY,Wood
954848,MIAMI DADE COUNTY,Wood
319590,MIAMI DADE COUNTY,Wood
694751,MIAMI DADE COUNTY,Wood
876896,MIAMI DADE COUNTY,Wood
559316,MIAMI DADE COUNTY,Wood
103888,MIAMI DADE COUNTY,Wood
569504,MIAMI DADE COUNTY,Reinforced Masonry
700926,MIAMI DADE COUNTY,Masonry
373874,MIAMI DADE COUNTY,Masonry
842001,MIAMI DADE COUNTY,Masonry
764490,MIAMI DADE COUNTY,Masonry
120621,MIAMI DADE COUNTY,Reinforced Masonry
200759,MIAMI DADE COUNTY,Masonry
926995,MIAMI DADE COUNTY,Wood
148837,MIAMI DADE COUNTY,Wood
322168,MIAMI DADE COUNTY,Wood
701950,MIAMI DADE COUNTY,Masonry
931153,MIAMI DADE COUNTY,Wood
843218,MIAMI DADE COUNTY,Wood
554254,MIAMI DADE COUNTY,Wood
527068,MIAMI DADE COUNTY,Wood
869088,MIAMI DADE COUNTY,Wood
598289,MIAMI DADE COUNTY,Wood
537451,MIAMI DADE COUNTY,Wood
870827,MIAMI DADE COUNTY,Wood
339775,MIAMI DADE COUNTY,Wood
241179,MIAMI DADE COUNTY,Wood
214968,MIAMI DADE COUNTY,Wood
316210,MIAMI DADE COUNTY,Wood
491408,MIAMI DADE COUNTY,Wood
821713,MIAMI DADE COUNTY,Wood
563603,MIAMI DADE COUNTY,Wood
210832,MIAMI DADE COUNTY,Wood
213914,MIAMI DADE COUNTY,Wood
892493,MIAMI DADE COUNTY,Wood
963352,MIAMI DADE COUNTY,Wood
818467,MIAMI DADE COUNTY,Wood
950388,MIAMI DADE COUNTY,Wood
713557,MIAMI DADE COUNTY,Wood
180435,MIAMI DADE COUNTY,Wood
201377,MIAMI DADE COUNTY,Wood
258386,MIAMI DADE COUNTY,Wood
465822,MIAMI DADE COUNTY,Wood
242068,MIAMI DADE COUNTY,Wood
877974,MIAMI DADE COUNTY,Wood
730076,MIAMI DADE COUNTY,Wood
490215,MIAMI DADE COUNTY,Wood
895633,MIAMI DADE COUNTY,Wood
897317,MIAMI DADE COUNTY,Wood
838553,MIAMI DADE COUNTY,Reinforced Masonry
202063,MIAMI DADE COUNTY,Wood
880493,MIAMI DADE COUNTY,Wood
228668,MIAMI DADE COUNTY,Wood
651310,MIAMI DADE COUNTY,Wood
356680,MIAMI DADE COUNTY,Wood
512949,MIAMI DADE COUNTY,Wood
673824,MIAMI DADE COUNTY,Wood
260638,MIAMI DADE COUNTY,Wood
433113,MIAMI DADE COUNTY,Wood
809935,MIAMI DADE COUNTY,Wood
289826,MIAMI DADE COUNTY,Wood
360895,MIAMI DADE COUNTY,Wood
773983,MIAMI DADE COUNTY,Wood
191860,MIAMI DADE COUNTY,Wood
596475,MIAMI DADE COUNTY,Wood
676100,MIAMI DADE COUNTY,Wood
127558,MIAMI DADE COUNTY,Wood
999253,MIAMI DADE COUNTY,Wood
759291,MIAMI DADE COUNTY,Wood
553009,MIAMI DADE COUNTY,Wood
921880,MIAMI DADE COUNTY,Wood
500450,MIAMI DADE COUNTY,Wood
179308,MIAMI DADE COUNTY,Wood
646394,MIAMI DADE COUNTY,Wood
424564,MIAMI DADE COUNTY,Wood
385446,MIAMI DADE COUNTY,Wood
206087,MIAMI DADE COUNTY,Wood
772688,MIAMI DADE COUNTY,Wood
733628,MIAMI DADE COUNTY,Wood
974348,MIAMI DADE COUNTY,Wood
515070,MIAMI DADE COUNTY,Wood
463903,MIAMI DADE COUNTY,Wood
292517,MIAMI DADE COUNTY,Wood
193565,MIAMI DADE COUNTY,Wood
240876,MIAMI DADE COUNTY,Wood
509052,MIAMI DADE COUNTY,Wood
982869,MIAMI DADE COUNTY,Wood
346040,MIAMI DADE COUNTY,Wood
679924,MIAMI DADE COUNTY,Wood
702805,MIAMI DADE COUNTY,Wood
471187,MIAMI DADE COUNTY,Wood
801262,MIAMI DADE COUNTY,Wood
881948,MIAMI DADE COUNTY,Wood
574494,MIAMI DADE COUNTY,Wood
864047,MIAMI DADE COUNTY,Masonry
337276,MIAMI DADE COUNTY,Reinforced Masonry
652539,MIAMI DADE COUNTY,Reinforced Masonry
248401,MIAMI DADE COUNTY,Reinforced Masonry
248449,MIAMI DADE COUNTY,Reinforced Masonry
641822,MIAMI DADE COUNTY,Reinforced Masonry
301450,MIAMI DADE COUNTY,Reinforced Masonry
505711,MIAMI DADE COUNTY,Reinforced Masonry
252244,MIAMI DADE COUNTY,Masonry
822636,MIAMI DADE COUNTY,Reinforced Masonry
639413,MIAMI DADE COUNTY,Reinforced Masonry
608859,MIAMI DADE COUNTY,Reinforced Masonry
287080,MIAMI DADE COUNTY,Reinforced Masonry
795257,MIAMI DADE COUNTY,Reinforced Concrete
895505,MIAMI DADE COUNTY,Reinforced Masonry
227889,MIAMI DADE COUNTY,Reinforced Masonry
827038,MIAMI DADE COUNTY,Reinforced Masonry
873020,MIAMI DADE COUNTY,Reinforced Masonry
743131,MIAMI DADE COUNTY,Reinforced Masonry
959225,MIAMI DADE COUNTY,Reinforced Masonry
647412,MIAMI DADE COUNTY,Reinforced Masonry
351720,MIAMI DADE COUNTY,Reinforced Masonry
986376,MIAMI DADE COUNTY,Reinforced Masonry
376513,MIAMI DADE COUNTY,Reinforced Masonry
637897,MIAMI DADE COUNTY,Reinforced Masonry
753602,MIAMI DADE COUNTY,Masonry
204637,MIAMI DADE COUNTY,Reinforced Masonry
624525,MIAMI DADE COUNTY,Reinforced Masonry
362887,MIAMI DADE COUNTY,Reinforced Masonry
534545,MIAMI DADE COUNTY,Reinforced Masonry
856304,MIAMI DADE COUNTY,Reinforced Masonry
715305,MIAMI DADE COUNTY,Reinforced Masonry
130949,MIAMI DADE COUNTY,Reinforced Masonry
735529,MIAMI DADE COUNTY,Reinforced Masonry
135208,MIAMI DADE COUNTY,Reinforced Masonry
596168,MIAMI DADE COUNTY,Reinforced Masonry
964660,MIAMI DADE COUNTY,Reinforced Masonry
247140,MIAMI DADE COUNTY,Reinforced Masonry
131875,MIAMI DADE COUNTY,Reinforced Masonry
401629,MIAMI DADE COUNTY,Reinforced Concrete
741660,MIAMI DADE COUNTY,Steel Frame
440303,MIAMI DADE COUNTY,Masonry
104096,MIAMI DADE COUNTY,Masonry
692659,MIAMI DADE COUNTY,Reinforced Masonry
843139,MIAMI DADE COUNTY,Reinforced Masonry
917407,MIAMI DADE COUNTY,Reinforced Masonry
148764,MIAMI DADE COUNTY,Reinforced Concrete
397064,MIAMI DADE COUNTY,Masonry
206191,MIAMI DADE COUNTY,Reinforced Masonry
190269,MIAMI DADE COUNTY,Reinforced Masonry
442624,MIAMI DADE COUNTY,Reinforced Concrete
919678,MIAMI DADE COUNTY,Reinforced Masonry
492843,MIAMI DADE COUNTY,Wood
864023,MIAMI DADE COUNTY,Reinforced Masonry
764616,MIAMI DADE COUNTY,Reinforced Concrete
644707,MIAMI DADE COUNTY,Reinforced Concrete
182169,MIAMI DADE COUNTY,Wood
445353,MIAMI DADE COUNTY,Masonry
533901,MIAMI DADE COUNTY,Masonry
280667,MIAMI DADE COUNTY,Wood
608278,MIAMI DADE COUNTY,Wood
212313,MIAMI DADE COUNTY,Wood
560812,MIAMI DADE COUNTY,Wood
319524,MIAMI DADE COUNTY,Wood
377728,MIAMI DADE COUNTY,Wood
433421,MIAMI DADE COUNTY,Wood
380926,MIAMI DADE COUNTY,Masonry
745909,MIAMI DADE COUNTY,Wood
281564,MIAMI DADE COUNTY,Wood
509440,MIAMI DADE COUNTY,Wood
711783,MIAMI DADE COUNTY,Wood
107631,MIAMI DADE COUNTY,Wood
654226,MIAMI DADE COUNTY,Wood
391725,MIAMI DADE COUNTY,Wood
654079,MIAMI DADE COUNTY,Wood
244261,MIAMI DADE COUNTY,Wood
478965,MIAMI DADE COUNTY,Wood
597526,MIAMI DADE COUNTY,Masonry
469153,MIAMI DADE COUNTY,Wood
442695,MIAMI DADE COUNTY,Masonry
340053,MIAMI DADE COUNTY,Wood
918871,MIAMI DADE COUNTY,Wood
150027,MIAMI DADE COUNTY,Reinforced Concrete
955740,MIAMI DADE COUNTY,Reinforced Masonry
485705,MIAMI DADE COUNTY,Masonry
630369,MIAMI DADE COUNTY,Masonry
984498,MIAMI DADE COUNTY,Wood
646245,MIAMI DADE COUNTY,Wood
684319,MIAMI DADE COUNTY,Steel Frame
100759,MIAMI DADE COUNTY,Masonry
133116,MIAMI DADE COUNTY,Wood
854461,MIAMI DADE COUNTY,Wood
944777,MIAMI DADE COUNTY,Masonry
117747,MIAMI DADE COUNTY,Reinforced Concrete
346535,MIAMI DADE COUNTY,Masonry
654106,MIAMI DADE COUNTY,Masonry
752202,MIAMI DADE COUNTY,Reinforced Concrete
883588,MIAMI DADE COUNTY,Wood
323253,MIAMI DADE COUNTY,Wood
127298,MIAMI DADE COUNTY,Wood
791803,MIAMI DADE COUNTY,Wood
567238,MIAMI DADE COUNTY,Wood
680119,MIAMI DADE COUNTY,Wood
590575,MIAMI DADE COUNTY,Wood
581093,MIAMI DADE COUNTY,Masonry
620367,MIAMI DADE COUNTY,Masonry
658528,MIAMI DADE COUNTY,Steel Frame
352327,MIAMI DADE COUNTY,Reinforced Concrete
368636,MIAMI DADE COUNTY,Reinforced Concrete
626746,MIAMI DADE COUNTY,Reinforced Masonry
943979,MIAMI DADE COUNTY,Reinforced Masonry
957289,MIAMI DADE COUNTY,Wood
424838,MIAMI DADE COUNTY,Reinforced Masonry
782384,MIAMI DADE COUNTY,Wood
479742,MIAMI DADE COUNTY,Reinforced Concrete
846191,MIAMI DADE COUNTY,Reinforced Concrete
920397,MIAMI DADE COUNTY,Reinforced Concrete
267022,MIAMI DADE COUNTY,Reinforced Masonry
968556,MIAMI DADE COUNTY,Wood
368303,MIAMI DADE COUNTY,Wood
618472,MIAMI DADE COUNTY,Masonry
540214,MIAMI DADE COUNTY,Wood
560761,MIAMI DADE COUNTY,Reinforced Masonry
482490,MIAMI DADE COUNTY,Masonry
111431,MIAMI DADE COUNTY,Masonry
214664,MIAMI DADE COUNTY,Masonry
295528,MIAMI DADE COUNTY,Reinforced Masonry
298541,MIAMI DADE COUNTY,Reinforced Masonry
611864,MIAMI DADE COUNTY,Reinforced Masonry
834962,MIAMI DADE COUNTY,Reinforced Masonry
948254,MIAMI DADE COUNTY,Wood
300468,MIAMI DADE COUNTY,Reinforced Concrete
254174,MIAMI DADE COUNTY,Reinforced Concrete
796315,MIAMI DADE COUNTY,Wood
129227,MIAMI DADE COUNTY,Wood
994436,MIAMI DADE COUNTY,Wood
266205,MIAMI DADE COUNTY,Masonry
296009,MIAMI DADE COUNTY,Masonry
211779,MIAMI DADE COUNTY,Masonry
657279,MIAMI DADE COUNTY,Masonry
681235,MIAMI DADE COUNTY,Masonry
831617,MIAMI DADE COUNTY,Wood
978299,MIAMI DADE COUNTY,Reinforced Masonry
627615,MIAMI DADE COUNTY,Wood
658183,MIAMI DADE COUNTY,Masonry
892934,MIAMI DADE COUNTY,Reinforced Masonry
382685,MIAMI DADE COUNTY,Reinforced Concrete
758820,MIAMI DADE COUNTY,Masonry
194549,MIAMI DADE COUNTY,Masonry
355277,MIAMI DADE COUNTY,Masonry
151910,MIAMI DADE COUNTY,Masonry
334120,MIAMI DADE COUNTY,Masonry
316661,MIAMI DADE COUNTY,Wood
101611,MIAMI DADE COUNTY,Wood
872840,MIAMI DADE COUNTY,Wood
638453,MIAMI DADE COUNTY,Wood
460646,MIAMI DADE COUNTY,Wood
413754,MIAMI DADE COUNTY,Wood
409453,MIAMI DADE COUNTY,Reinforced Masonry
321606,MIAMI DADE COUNTY,Wood
640658,MIAMI DADE COUNTY,Reinforced Concrete
338576,MIAMI DADE COUNTY,Masonry
715060,MIAMI DADE COUNTY,Masonry
450516,MIAMI DADE COUNTY,Masonry
841825,MIAMI DADE COUNTY,Masonry
818948,MIAMI DADE COUNTY,Masonry
106568,MIAMI DADE COUNTY,Masonry
852706,MIAMI DADE COUNTY,Masonry
208503,MIAMI DADE COUNTY,Masonry
855892,MIAMI DADE COUNTY,Masonry
678450,MIAMI DADE COUNTY,Masonry
973206,MIAMI DADE COUNTY,Masonry
160027,MIAMI DADE COUNTY,Masonry
407326,MIAMI DADE COUNTY,Masonry
431695,MIAMI DADE COUNTY,Wood
305190,MIAMI DADE COUNTY,Reinforced Masonry
645338,MIAMI DADE COUNTY,Reinforced Masonry
508457,MIAMI DADE COUNTY,Wood
560939,MIAMI DADE COUNTY,Wood
235825,MIAMI DADE COUNTY,Wood
537335,MIAMI DADE COUNTY,Masonry
777800,MIAMI DADE COUNTY,Masonry
650259,MIAMI DADE COUNTY,Masonry
286349,MIAMI DADE COUNTY,Masonry
977361,MIAMI DADE COUNTY,Reinforced Concrete
903751,MIAMI DADE COUNTY,Masonry
103907,MIAMI DADE COUNTY,Wood
289751,MIAMI DADE COUNTY,Wood
295566,MIAMI DADE COUNTY,Wood
680934,MIAMI DADE COUNTY,Reinforced Masonry
474093,MIAMI DADE COUNTY,Reinforced Masonry
152582,MIAMI DADE COUNTY,Reinforced Masonry
943965,MIAMI DADE COUNTY,Reinforced Masonry
435662,MIAMI DADE COUNTY,Masonry
218227,MIAMI DADE COUNTY,Masonry
873064,MIAMI DADE COUNTY,Masonry
853474,MIAMI DADE COUNTY,Steel Frame
824363,MIAMI DADE COUNTY,Steel Frame
459738,MIAMI DADE COUNTY,Reinforced Concrete
154086,MIAMI DADE COUNTY,Reinforced Concrete
380415,MIAMI DADE COUNTY,Reinforced Concrete
539319,MIAMI DADE COUNTY,Masonry
800343,MIAMI DADE COUNTY,Reinforced Masonry
959988,MIAMI DADE COUNTY,Reinforced Masonry
416129,MIAMI DADE COUNTY,Masonry
433129,MIAMI DADE COUNTY,Reinforced Masonry
309431,MIAMI DADE COUNTY,Masonry
344452,MIAMI DADE COUNTY,Wood
698234,MIAMI DADE COUNTY,Reinforced Masonry
942079,MIAMI DADE COUNTY,Masonry
899091,MIAMI DADE COUNTY,Masonry
482967,MIAMI DADE COUNTY,Masonry
688511,MIAMI DADE COUNTY,Wood
750660,MIAMI DADE COUNTY,Wood
134084,MIAMI DADE COUNTY,Wood
177463,MIAMI DADE COUNTY,Wood
123323,MIAMI DADE COUNTY,Wood
436442,MIAMI DADE COUNTY,Reinforced Masonry
223292,MIAMI DADE COUNTY,Reinforced Masonry
573830,MIAMI DADE COUNTY,Wood
719056,MIAMI DADE COUNTY,Masonry
914247,MIAMI DADE COUNTY,Wood
538527,MIAMI DADE COUNTY,Wood
485016,MIAMI DADE COUNTY,Wood
558478,MIAMI DADE COUNTY,Wood
452984,MIAMI DADE COUNTY,Masonry
621221,MIAMI DADE COUNTY,Masonry
998945,MIAMI DADE COUNTY,Wood
100701,MIAMI DADE COUNTY,Wood
710394,MIAMI DADE COUNTY,Wood
223251,MIAMI DADE COUNTY,Wood
127087,MIAMI DADE COUNTY,Wood
816741,MIAMI DADE COUNTY,Wood
837819,MIAMI DADE COUNTY,Wood
203891,MIAMI DADE COUNTY,Wood
521977,MIAMI DADE COUNTY,Masonry
785727,MIAMI DADE COUNTY,Reinforced Masonry
160817,MIAMI DADE COUNTY,Reinforced Masonry
477604,MIAMI DADE COUNTY,Wood
211518,MIAMI DADE COUNTY,Wood
228135,MIAMI DADE COUNTY,Wood
471189,MIAMI DADE COUNTY,Wood
445824,MIAMI DADE COUNTY,Wood
625156,MIAMI DADE COUNTY,Wood
914828,MIAMI DADE COUNTY,Wood
307375,MIAMI DADE COUNTY,Wood
147236,MIAMI DADE COUNTY,Wood
555094,MIAMI DADE COUNTY,Masonry
118880,MIAMI DADE COUNTY,Wood
205548,MIAMI DADE COUNTY,Wood
873926,MIAMI DADE COUNTY,Wood
272101,MIAMI DADE COUNTY,Wood
445338,MIAMI DADE COUNTY,Wood
187599,MIAMI DADE COUNTY,Wood
440735,MIAMI DADE COUNTY,Wood
354031,MIAMI DADE COUNTY,Wood
583797,MIAMI DADE COUNTY,Wood
434777,MIAMI DADE COUNTY,Wood
151118,MIAMI DADE COUNTY,Wood
940204,MIAMI DADE COUNTY,Wood
112900,MIAMI DADE COUNTY,Wood
182898,MIAMI DADE COUNTY,Wood
150492,MIAMI DADE COUNTY,Wood
688818,MIAMI DADE COUNTY,Wood
927024,MIAMI DADE COUNTY,Masonry
462166,MIAMI DADE COUNTY,Wood
794632,MIAMI DADE COUNTY,Wood
221016,MIAMI DADE COUNTY,Wood
200686,MIAMI DADE COUNTY,Wood
953134,MIAMI DADE COUNTY,Wood
147687,MIAMI DADE COUNTY,Reinforced Concrete
617453,MIAMI DADE COUNTY,Wood
370522,MIAMI DADE COUNTY,Reinforced Masonry
971042,MIAMI DADE COUNTY,Masonry
348308,MIAMI DADE COUNTY,Reinforced Masonry
474230,MIAMI DADE COUNTY,Reinforced Masonry
285280,MIAMI DADE COUNTY,Masonry
602288,MIAMI DADE COUNTY,Wood
908214,MIAMI DADE COUNTY,Reinforced Masonry
899201,MIAMI DADE COUNTY,Masonry
948270,MIAMI DADE COUNTY,Wood
228191,MIAMI DADE COUNTY,Masonry
225485,MIAMI DADE COUNTY,Masonry
604410,MIAMI DADE COUNTY,Reinforced Masonry
924834,MIAMI DADE COUNTY,Masonry
466322,MIAMI DADE COUNTY,Wood
661793,MIAMI DADE COUNTY,Wood
239622,MIAMI DADE COUNTY,Wood
853518,MIAMI DADE COUNTY,Wood
345226,MIAMI DADE COUNTY,Steel Frame
869303,MIAMI DADE COUNTY,Wood
898089,MIAMI DADE COUNTY,Wood
767732,MIAMI DADE COUNTY,Masonry
342380,MIAMI DADE COUNTY,Reinforced Masonry
963814,MIAMI DADE COUNTY,Masonry
439146,MIAMI DADE COUNTY,Masonry
604860,MIAMI DADE COUNTY,Masonry
164506,MIAMI DADE COUNTY,Masonry
355076,MIAMI DADE COUNTY,Wood
329185,MIAMI DADE COUNTY,Reinforced Concrete
186310,MIAMI DADE COUNTY,Masonry
982276,MIAMI DADE COUNTY,Reinforced Masonry
871678,MIAMI DADE COUNTY,Masonry
107358,MIAMI DADE COUNTY,Masonry
750637,MIAMI DADE COUNTY,Masonry
299085,MIAMI DADE COUNTY,Masonry
472131,MIAMI DADE COUNTY,Masonry
755940,MIAMI DADE COUNTY,Wood
423084,MIAMI DADE COUNTY,Wood
349203,MIAMI DADE COUNTY,Wood
956136,MIAMI DADE COUNTY,Wood
844106,MIAMI DADE COUNTY,Masonry
272474,MIAMI DADE COUNTY,Wood
145730,MIAMI DADE COUNTY,Wood
929961,MIAMI DADE COUNTY,Wood
851865,MIAMI DADE COUNTY,Reinforced Masonry
623427,MIAMI DADE COUNTY,Wood
765080,MIAMI DADE COUNTY,Masonry
364035,MIAMI DADE COUNTY,Reinforced Masonry
761040,MIAMI DADE COUNTY,Reinforced Masonry
656374,MIAMI DADE COUNTY,Masonry
938568,MIAMI DADE COUNTY,Masonry
343060,MIAMI DADE COUNTY,Masonry
715251,MIAMI DADE COUNTY,Masonry
633692,MIAMI DADE COUNTY,Masonry
680241,MIAMI DADE COUNTY,Wood
588262,MIAMI DADE COUNTY,Masonry
272619,MIAMI DADE COUNTY,Wood
335359,MIAMI DADE COUNTY,Masonry
408320,MIAMI DADE COUNTY,Reinforced Masonry
730743,MIAMI DADE COUNTY,Masonry
511905,MIAMI DADE COUNTY,Reinforced Masonry
152693,MIAMI DADE COUNTY,Masonry
989905,MIAMI DADE COUNTY,Masonry
912734,MIAMI DADE COUNTY,Masonry
173123,MIAMI DADE COUNTY,Wood
115582,MIAMI DADE COUNTY,Wood
313568,MIAMI DADE COUNTY,Wood
753182,MIAMI DADE COUNTY,Reinforced Masonry
806332,MIAMI DADE COUNTY,Reinforced Masonry
429164,MIAMI DADE COUNTY,Wood
169395,MIAMI DADE COUNTY,Reinforced Concrete
571236,MIAMI DADE COUNTY,Reinforced Masonry
414565,MIAMI DADE COUNTY,Reinforced Concrete
529640,MIAMI DADE COUNTY,Masonry
492737,MIAMI DADE COUNTY,Reinforced Masonry
147893,MIAMI DADE COUNTY,Reinforced Masonry
926084,MIAMI DADE COUNTY,Reinforced Masonry
178469,MIAMI DADE COUNTY,Reinforced Masonry
402948,MIAMI DADE COUNTY,Reinforced Masonry
610803,MIAMI DADE COUNTY,Reinforced Masonry
349352,MIAMI DADE COUNTY,Reinforced Masonry
723695,MIAMI DADE COUNTY,Reinforced Masonry
774194,MIAMI DADE COUNTY,Reinforced Masonry
771673,MIAMI DADE COUNTY,Reinforced Masonry
182841,MIAMI DADE COUNTY,Wood
333480,MIAMI DADE COUNTY,Wood
334195,MIAMI DADE COUNTY,Wood
817776,MIAMI DADE COUNTY,Reinforced Masonry
961345,MIAMI DADE COUNTY,Wood
168602,MIAMI DADE COUNTY,Reinforced Masonry
889809,MIAMI DADE COUNTY,Reinforced Masonry
579556,MIAMI DADE COUNTY,Reinforced Concrete
710001,MIAMI DADE COUNTY,Reinforced Concrete
744147,MIAMI DADE COUNTY,Masonry
495320,MIAMI DADE COUNTY,Wood
801145,MIAMI DADE COUNTY,Masonry
319099,MIAMI DADE COUNTY,Masonry
859289,MIAMI DADE COUNTY,Masonry
851763,MIAMI DADE COUNTY,Masonry
643681,MIAMI DADE COUNTY,Masonry
414074,MIAMI DADE COUNTY,Masonry
750330,MIAMI DADE COUNTY,Wood
790552,MIAMI DADE COUNTY,Wood
622791,MIAMI DADE COUNTY,Wood
480829,MIAMI DADE COUNTY,Reinforced Concrete
628959,MIAMI DADE COUNTY,Wood
423675,MIAMI DADE COUNTY,Masonry
512161,MIAMI DADE COUNTY,Masonry
120614,MIAMI DADE COUNTY,Masonry
750726,MIAMI DADE COUNTY,Masonry
428525,MIAMI DADE COUNTY,Masonry
340030,MIAMI DADE COUNTY,Reinforced Masonry
149723,MIAMI DADE COUNTY,Wood
227082,MIAMI DADE COUNTY,Masonry
183391,MIAMI DADE COUNTY,Masonry
601289,MIAMI DADE COUNTY,Masonry
200593,MIAMI DADE COUNTY,Masonry
746698,MIAMI DADE COUNTY,Reinforced Masonry
830276,MIAMI DADE COUNTY,Masonry
404303,MIAMI DADE COUNTY,Masonry
848341,MIAMI DADE COUNTY,Masonry
631570,MIAMI DADE COUNTY,Masonry
464418,MIAMI DADE COUNTY,Masonry
823195,MIAMI DADE COUNTY,Masonry
987002,MIAMI DADE COUNTY,Masonry
685218,MIAMI DADE COUNTY,Wood
657424,MIAMI DADE COUNTY,Wood
559977,MIAMI DADE COUNTY,Wood
817729,MIAMI DADE COUNTY,Wood
414157,MIAMI DADE COUNTY,Wood
794506,MIAMI DADE COUNTY,Wood
367985,MIAMI DADE COUNTY,Wood
544250,MIAMI DADE COUNTY,Wood
884497,MIAMI DADE COUNTY,Masonry
340737,MIAMI DADE COUNTY,Wood
444910,MIAMI DADE COUNTY,Wood
840375,MIAMI DADE COUNTY,Reinforced Masonry
586203,MIAMI DADE COUNTY,Masonry
462879,MIAMI DADE COUNTY,Wood
997986,MIAMI DADE COUNTY,Wood
299979,MIAMI DADE COUNTY,Wood
934552,MIAMI DADE COUNTY,Masonry
982343,MIAMI DADE COUNTY,Reinforced Masonry
246271,MIAMI DADE COUNTY,Reinforced Masonry
282333,MIAMI DADE COUNTY,Masonry
622819,MIAMI DADE COUNTY,Reinforced Masonry
593326,MIAMI DADE COUNTY,Reinforced Masonry
457921,MIAMI DADE COUNTY,Reinforced Masonry
105451,MIAMI DADE COUNTY,Masonry
721390,MIAMI DADE COUNTY,Reinforced Masonry
649354,MIAMI DADE COUNTY,Reinforced Masonry
597576,MIAMI DADE COUNTY,Wood
715546,MIAMI DADE COUNTY,Wood
739226,MIAMI DADE COUNTY,Wood
551528,MIAMI DADE COUNTY,Wood
355524,MIAMI DADE COUNTY,Masonry
163779,MIAMI DADE COUNTY,Wood
681779,MIAMI DADE COUNTY,Reinforced Masonry
204766,MIAMI DADE COUNTY,Reinforced Concrete
967695,MIAMI DADE COUNTY,Reinforced Masonry
369622,MIAMI DADE COUNTY,Wood
507799,MIAMI DADE COUNTY,Masonry
632060,MIAMI DADE COUNTY,Masonry
287491,MIAMI DADE COUNTY,Masonry
976225,MIAMI DADE COUNTY,Wood
388075,MIAMI DADE COUNTY,Masonry
344166,MIAMI DADE COUNTY,Masonry
946826,MIAMI DADE COUNTY,Reinforced Concrete
458705,MIAMI DADE COUNTY,Wood
185527,MIAMI DADE COUNTY,Reinforced Concrete
369081,MIAMI DADE COUNTY,Reinforced Concrete
632799,MIAMI DADE COUNTY,Reinforced Masonry
891112,MIAMI DADE COUNTY,Wood
120845,MIAMI DADE COUNTY,Masonry
637532,MIAMI DADE COUNTY,Masonry
210114,MIAMI DADE COUNTY,Masonry
521405,MIAMI DADE COUNTY,Reinforced Masonry
875223,MIAMI DADE COUNTY,Wood
962513,MIAMI DADE COUNTY,Wood
784989,MIAMI DADE COUNTY,Masonry
766080,MIAMI DADE COUNTY,Reinforced Masonry
834940,MIAMI DADE COUNTY,Reinforced Masonry
208493,MIAMI DADE COUNTY,Reinforced Masonry
479956,MIAMI DADE COUNTY,Wood
709649,MIAMI DADE COUNTY,Masonry
316115,MIAMI DADE COUNTY,Masonry
783324,MIAMI DADE COUNTY,Masonry
509108,MIAMI DADE COUNTY,Masonry
142264,MIAMI DADE COUNTY,Reinforced Masonry
539916,MIAMI DADE COUNTY,Masonry
417102,MIAMI DADE COUNTY,Masonry
671580,MIAMI DADE COUNTY,Wood
638439,MIAMI DADE COUNTY,Wood
920285,MIAMI DADE COUNTY,Wood
675008,MIAMI DADE COUNTY,Wood
764407,MIAMI DADE COUNTY,Wood
368841,MIAMI DADE COUNTY,Wood
217348,MIAMI DADE COUNTY,Wood
570166,MIAMI DADE COUNTY,Wood
910493,MIAMI DADE COUNTY,Wood
611234,MIAMI DADE COUNTY,Reinforced Masonry
490835,MIAMI DADE COUNTY,Masonry
912765,MIAMI DADE COUNTY,Masonry
371959,MIAMI DADE COUNTY,Wood
793859,MIAMI DADE COUNTY,Masonry
930998,MIAMI DADE COUNTY,Wood
983397,MIAMI DADE COUNTY,Masonry
914359,MIAMI DADE COUNTY,Wood
318153,MIAMI DADE COUNTY,Reinforced Masonry
681744,MIAMI DADE COUNTY,Reinforced Concrete
324850,MIAMI DADE COUNTY,Reinforced Concrete
748395,MIAMI DADE COUNTY,Wood
493843,MIAMI DADE COUNTY,Masonry
897411,MIAMI DADE COUNTY,Wood
548725,MIAMI DADE COUNTY,Reinforced Masonry
761247,MIAMI DADE COUNTY,Reinforced Masonry
130340,MIAMI DADE COUNTY,Wood
532177,MIAMI DADE COUNTY,Reinforced Masonry
385980,MIAMI DADE COUNTY,Masonry
112336,MIAMI DADE COUNTY,Wood
783836,MIAMI DADE COUNTY,Reinforced Masonry
538168,MIAMI DADE COUNTY,Reinforced Masonry
758625,MIAMI DADE COUNTY,Wood
617500,MIAMI DADE COUNTY,Reinforced Masonry
820959,MIAMI DADE COUNTY,Wood
618830,MIAMI DADE COUNTY,Reinforced Masonry
471088,MIAMI DADE COUNTY,Masonry
147987,MIAMI DADE COUNTY,Masonry
637009,MIAMI DADE COUNTY,Wood
306464,MIAMI DADE COUNTY,Wood
682432,MIAMI DADE COUNTY,Wood
114272,MIAMI DADE COUNTY,Wood
391690,MIAMI DADE COUNTY,Wood
132637,MIAMI DADE COUNTY,Wood
601865,MIAMI DADE COUNTY,Masonry
266935,MIAMI DADE COUNTY,Masonry
392226,MIAMI DADE COUNTY,Reinforced Masonry
253834,MIAMI DADE COUNTY,Wood
166418,MIAMI DADE COUNTY,Wood
525765,MIAMI DADE COUNTY,Wood
811228,MIAMI DADE COUNTY,Wood
950591,MIAMI DADE COUNTY,Wood
610519,MIAMI DADE COUNTY,Wood
580936,MIAMI DADE COUNTY,Wood
429511,MIAMI DADE COUNTY,Wood
171982,MIAMI DADE COUNTY,Wood
991590,MIAMI DADE COUNTY,Masonry
883465,MIAMI DADE COUNTY,Wood
766693,MIAMI DADE COUNTY,Wood
971480,MIAMI DADE COUNTY,Wood
523360,MIAMI DADE COUNTY,Wood
446893,MIAMI DADE COUNTY,Wood
932154,MIAMI DADE COUNTY,Masonry
762567,MIAMI DADE COUNTY,Masonry
428109,MIAMI DADE COUNTY,Masonry
108980,MIAMI DADE COUNTY,Masonry
698949,MIAMI DADE COUNTY,Masonry
381270,MIAMI DADE COUNTY,Masonry
659677,MIAMI DADE COUNTY,Masonry
266521,MIAMI DADE COUNTY,Masonry
619532,MIAMI DADE COUNTY,Masonry
328960,MIAMI DADE COUNTY,Reinforced Concrete
864848,MIAMI DADE COUNTY,Masonry
910110,MIAMI DADE COUNTY,Masonry
108266,MIAMI DADE COUNTY,Reinforced Masonry
959911,MIAMI DADE COUNTY,Reinforced Masonry
847697,MIAMI DADE COUNTY,Reinforced Masonry
966523,MIAMI DADE COUNTY,Masonry
800729,MIAMI DADE COUNTY,Reinforced Concrete
174314,MIAMI DADE COUNTY,Wood
690490,MIAMI DADE COUNTY,Wood
649653,MIAMI DADE COUNTY,Reinforced Masonry
694907,MIAMI DADE COUNTY,Masonry
924752,MIAMI DADE COUNTY,Masonry
921891,MIAMI DADE COUNTY,Reinforced Masonry
803178,MIAMI DADE COUNTY,Wood
535619,MIAMI DADE COUNTY,Wood
111704,MIAMI DADE COUNTY,Reinforced Concrete
515414,MIAMI DADE COUNTY,Masonry
947391,MIAMI DADE COUNTY,Masonry
627072,MIAMI DADE COUNTY,Masonry
535219,MIAMI DADE COUNTY,Wood
520700,MIAMI DADE COUNTY,Masonry
637853,MIAMI DADE COUNTY,Wood
861709,MIAMI DADE COUNTY,Masonry
902959,MIAMI DADE COUNTY,Masonry
932392,MIAMI DADE COUNTY,Masonry
176055,MIAMI DADE COUNTY,Wood
607325,MIAMI DADE COUNTY,Wood
923473,MIAMI DADE COUNTY,Masonry
783848,MIAMI DADE COUNTY,Wood
946836,MIAMI DADE COUNTY,Wood
318596,MIAMI DADE COUNTY,Wood
344518,MIAMI DADE COUNTY,Masonry
127857,MIAMI DADE COUNTY,Wood
968116,MIAMI DADE COUNTY,Wood
215220,MIAMI DADE COUNTY,Masonry
107098,MIAMI DADE COUNTY,Wood
876643,MIAMI DADE COUNTY,Wood
666173,MIAMI DADE COUNTY,Wood
685289,MIAMI DADE COUNTY,Wood
670445,MIAMI DADE COUNTY,Wood
395551,MIAMI DADE COUNTY,Masonry
775427,MIAMI DADE COUNTY,Wood
294373,MIAMI DADE COUNTY,Reinforced Masonry
402776,MIAMI DADE COUNTY,Masonry
915189,MIAMI DADE COUNTY,Reinforced Concrete
661400,MIAMI DADE COUNTY,Masonry
398061,MIAMI DADE COUNTY,Wood
451902,MIAMI DADE COUNTY,Wood
986104,MIAMI DADE COUNTY,Wood
803579,MIAMI DADE COUNTY,Wood
803301,MIAMI DADE COUNTY,Wood
519828,MIAMI DADE COUNTY,Masonry
505840,MIAMI DADE COUNTY,Wood
984710,MIAMI DADE COUNTY,Wood
235573,BROWARD COUNTY,Wood
328426,BROWARD COUNTY,Steel Frame
350794,BROWARD COUNTY,Masonry
953336,BROWARD COUNTY,Steel Frame
286475,BROWARD COUNTY,Wood
518772,BROWARD COUNTY,Wood
692802,BROWARD COUNTY,Wood
249318,BROWARD COUNTY,Wood
548727,BROWARD COUNTY,Wood
898372,BROWARD COUNTY,Wood
223614,BROWARD COUNTY,Wood
593383,BROWARD COUNTY,Wood
334917,BROWARD COUNTY,Masonry
925045,BROWARD COUNTY,Wood
320732,BROWARD COUNTY,Wood
404589,BROWARD COUNTY,Masonry
434458,BROWARD COUNTY,Wood
257990,BROWARD COUNTY,Wood
552328,BROWARD COUNTY,Wood
385794,BROWARD COUNTY,Wood
477331,BROWARD COUNTY,Wood
239886,BROWARD COUNTY,Masonry
722497,BROWARD COUNTY,Wood
925835,BROWARD COUNTY,Wood
894928,BROWARD COUNTY,Steel Frame
348664,BROWARD COUNTY,Wood
872428,BROWARD COUNTY,Masonry
223670,BROWARD COUNTY,Wood
262736,BROWARD COUNTY,Wood
397333,BROWARD COUNTY,Wood
587667,BROWARD COUNTY,Wood
816483,BROWARD COUNTY,Wood
764097,BROWARD COUNTY,Wood
391361,BROWARD COUNTY,Wood
232337,BROWARD COUNTY,Wood
433503,BROWARD COUNTY,Wood
364629,BROWARD COUNTY,Wood
453375,BROWARD COUNTY,Wood
226852,BROWARD COUNTY,Wood
122004,BROWARD COUNTY,Wood
765735,BROWARD COUNTY,Reinforced Masonry
685492,BROWARD COUNTY,Wood
705080,BROWARD COUNTY,Wood
202239,BROWARD COUNTY,Wood
152164,BROWARD COUNTY,Reinforced Masonry
282757,BROWARD COUNTY,Wood
822134,BROWARD COUNTY,Reinforced Masonry
112940,BROWARD COUNTY,Wood
117353,BROWARD COUNTY,Masonry
189265,BROWARD COUNTY,Wood
292582,BROWARD COUNTY,Wood
412550,BROWARD COUNTY,Wood
874819,BROWARD COUNTY,Reinforced Concrete
522960,BROWARD COUNTY,Wood
607324,BROWARD COUNTY,Wood
470080,BROWARD COUNTY,Masonry
608470,BROWARD COUNTY,Reinforced Concrete
743848,BROWARD COUNTY,Steel Frame
284907,BROWARD COUNTY,Wood
697565,BROWARD COUNTY,Reinforced Masonry
640032,BROWARD COUNTY,Masonry
844761,BROWARD COUNTY,Reinforced Masonry
964535,BROWARD COUNTY,Wood
205167,BROWARD COUNTY,Wood
839744,BROWARD COUNTY,Wood
216919,BROWARD COUNTY,Wood
866036,BROWARD COUNTY,Wood
435989,BROWARD COUNTY,Wood
129766,BROWARD COUNTY,Wood
598202,BROWARD COUNTY,Wood
479021,BROWARD COUNTY,Wood
550418,BROWARD COUNTY,Reinforced Concrete
168252,BROWARD COUNTY,Reinforced Concrete
991073,BROWARD COUNTY,Reinforced Concrete
780115,BROWARD COUNTY,Masonry
668719,BROWARD COUNTY,Wood
603595,BROWARD COUNTY,Reinforced Masonry
648140,BROWARD COUNTY,Wood
748405,BROWARD COUNTY,Wood
550991,BROWARD COUNTY,Wood
407069,BROWARD COUNTY,Wood
786026,BROWARD COUNTY,Wood
699592,BROWARD COUNTY,Reinforced Concrete
848888,BROWARD COUNTY,Wood
146307,BROWARD COUNTY,Wood
718725,BROWARD COUNTY,Wood
736648,BROWARD COUNTY,Masonry
436567,BROWARD COUNTY,Masonry
102055,BROWARD COUNTY,Wood
785155,BROWARD COUNTY,Wood
295905,BROWARD COUNTY,Wood
845022,BROWARD COUNTY,Wood
482176,BROWARD COUNTY,Wood
281849,BROWARD COUNTY,Wood
127792,BROWARD COUNTY,Wood
311922,BROWARD COUNTY,Wood
142173,BROWARD COUNTY,Wood
203047,BROWARD COUNTY,Wood
573804,BROWARD COUNTY,Wood
432334,BROWARD COUNTY,Wood
301297,BROWARD COUNTY,Wood
743461,BROWARD COUNTY,Reinforced Concrete
459660,BROWARD COUNTY,Reinforced Masonry
435491,BROWARD COUNTY,Reinforced Concrete
592054,BROWARD COUNTY,Reinforced Concrete
278328,BROWARD COUNTY,Masonry
163884,BROWARD COUNTY,Masonry
853647,BROWARD COUNTY,Steel Frame
106357,BROWARD COUNTY,Wood
672030,BROWARD COUNTY,Wood
909033,BROWARD COUNTY,Wood
757372,BROWARD COUNTY,Wood
888818,BROWARD COUNTY,Wood
287688,BROWARD COUNTY,Masonry
338255,BROWARD COUNTY,Masonry
435841,BROWARD COUNTY,Masonry
494365,BROWARD COUNTY,Masonry
274339,BROWARD COUNTY,Masonry
587324,BROWARD COUNTY,Steel Frame
259346,BROWARD COUNTY,Masonry
662090,BROWARD COUNTY,Masonry
883772,BROWARD COUNTY,Wood
704436,BROWARD COUNTY,Masonry
121983,BROWARD COUNTY,Wood
117872,BROWARD COUNTY,Reinforced Masonry
479537,BROWARD COUNTY,Masonry
468481,BROWARD COUNTY,Reinforced Concrete
387549,BROWARD COUNTY,Wood
961526,BROWARD COUNTY,Reinforced Masonry
317403,BROWARD COUNTY,Reinforced Masonry
991661,BROWARD COUNTY,Reinforced Masonry
614409,BROWARD COUNTY,Masonry
988229,BROWARD COUNTY,Wood
828204,BROWARD COUNTY,Wood
174586,BROWARD COUNTY,Wood
584634,BROWARD COUNTY,Wood
199460,BROWARD COUNTY,Masonry
746687,BROWARD COUNTY,Masonry
678115,BROWARD COUNTY,Reinforced Concrete
959852,BROWARD COUNTY,Reinforced Masonry
702987,BROWARD COUNTY,Masonry
740222,BROWARD COUNTY,Masonry
614907,BROWARD COUNTY,Masonry
631934,BROWARD COUNTY,Masonry
140111,BROWARD COUNTY,Masonry
344102,BROWARD COUNTY,Masonry
513334,BROWARD COUNTY,Masonry
809990,BROWARD COUNTY,Wood
442309,BROWARD COUNTY,Wood
826706,BROWARD COUNTY,Wood
985269,BROWARD COUNTY,Wood
893513,BROWARD COUNTY,Wood
152962,BROWARD COUNTY,Wood
471786,BROWARD COUNTY,Wood
136153,BROWARD COUNTY,Wood
684293,BROWARD COUNTY,Wood
521108,BROWARD COUNTY,Masonry
729177,BROWARD COUNTY,Masonry
503344,BROWARD COUNTY,Wood
133594,BROWARD COUNTY,Wood
479077,BROWARD COUNTY,Wood
368069,BROWARD COUNTY,Reinforced Masonry
402283,BROWARD COUNTY,Wood
808219,BROWARD COUNTY,Masonry
809612,BROWARD COUNTY,Masonry
800006,BROWARD COUNTY,Masonry
559676,BROWARD COUNTY,Masonry
941486,BROWARD COUNTY,Masonry
239082,BROWARD COUNTY,Wood
112985,BROWARD COUNTY,Wood
827006,BROWARD COUNTY,Masonry
300994,BROWARD COUNTY,Reinforced Concrete
573473,BROWARD COUNTY,Masonry
219321,BROWARD COUNTY,Masonry
756352,BROWARD COUNTY,Wood
452093,BROWARD COUNTY,Wood
435729,BROWARD COUNTY,Masonry
370470,BROWARD COUNTY,Masonry
892500,BROWARD COUNTY,Masonry
341793,BROWARD COUNTY,Masonry
192156,BROWARD COUNTY,Masonry
516564,BROWARD COUNTY,Masonry
868060,BROWARD COUNTY,Masonry
328643,BROWARD COUNTY,Masonry
819509,BROWARD COUNTY,Masonry
298170,BROWARD COUNTY,Masonry
540503,BROWARD COUNTY,Masonry
381455,BROWARD COUNTY,Reinforced Masonry
866215,BROWARD COUNTY,Wood
373714,BROWARD COUNTY,Masonry
698011,BROWARD COUNTY,Masonry
839499,BROWARD COUNTY,Wood
909426,BROWARD COUNTY,Masonry
659127,BROWARD COUNTY,Wood
365009,BROWARD COUNTY,Reinforced Masonry
705939,BROWARD COUNTY,Masonry
459300,BROWARD COUNTY,Reinforced Masonry
472381,BROWARD COUNTY,Wood
641809,BROWARD COUNTY,Masonry
504739,BROWARD COUNTY,Masonry
767713,BROWARD COUNTY,Reinforced Masonry
122250,BROWARD COUNTY,Reinforced Masonry
716795,BROWARD COUNTY,Masonry
960562,BROWARD COUNTY,Masonry
154796,BROWARD COUNTY,Masonry
263144,BROWARD COUNTY,Wood
335946,BROWARD COUNTY,Masonry
144954,BROWARD COUNTY,Reinforced Masonry
541960,BROWARD COUNTY,Reinforced Masonry
870485,BROWARD COUNTY,Reinforced Concrete
943612,BROWARD COUNTY,Reinforced Masonry
168616,BROWARD COUNTY,Wood
870795,BROWARD COUNTY,Wood
989326,BROWARD COUNTY,Wood
586153,BROWARD COUNTY,Masonry
900801,BROWARD COUNTY,Reinforced Masonry
591805,BROWARD COUNTY,Wood
694487,BROWARD COUNTY,Reinforced Masonry
332603,BROWARD COUNTY,Wood
279731,BROWARD COUNTY,Wood
952393,BROWARD COUNTY,Reinforced Masonry
349854,BROWARD COUNTY,Wood
653231,BROWARD COUNTY,Wood
344866,BROWARD COUNTY,Wood
798514,BROWARD COUNTY,Wood
959540,BROWARD COUNTY,Wood
477830,BROWARD COUNTY,Wood
431374,BROWARD COUNTY,Masonry
591519,BROWARD COUNTY,Wood
890822,BROWARD COUNTY,Reinforced Masonry
983154,BROWARD COUNTY,Steel Frame
540689,BROWARD COUNTY,Reinforced Concrete
638543,BROWARD COUNTY,Masonry
830227,BROWARD COUNTY,Reinforced Concrete
144349,BROWARD COUNTY,Reinforced Masonry
254079,BROWARD COUNTY,Masonry
311133,BROWARD COUNTY,Reinforced Masonry
118180,BROWARD COUNTY,Reinforced Masonry
216665,BROWARD COUNTY,Reinforced Concrete
684556,BROWARD COUNTY,Masonry
818935,BROWARD COUNTY,Reinforced Concrete
455971,BROWARD COUNTY,Masonry
761464,BROWARD COUNTY,Masonry
359243,BROWARD COUNTY,Masonry
937577,BROWARD COUNTY,Wood
697497,BROWARD COUNTY,Wood
207668,BROWARD COUNTY,Wood
834964,BROWARD COUNTY,Wood
235182,BROWARD COUNTY,Wood
574301,BROWARD COUNTY,Wood
954419,BROWARD COUNTY,Wood
949581,BROWARD COUNTY,Wood
860284,BROWARD COUNTY,Wood
852757,BROWARD COUNTY,Wood
651025,BROWARD COUNTY,Wood
161329,BROWARD COUNTY,Wood
301103,BROWARD COUNTY,Wood
116708,BROWARD COUNTY,Wood
242528,BROWARD COUNTY,Wood
414068,BROWARD COUNTY,Wood
879988,BROWARD COUNTY,Wood
186671,BROWARD COUNTY,Wood
215198,BROWARD COUNTY,Wood
149291,BROWARD COUNTY,Wood
341788,BROWARD COUNTY,Wood
839837,BROWARD COUNTY,Wood
378602,BROWARD COUNTY,Wood
464487,BROWARD COUNTY,Wood
397974,BROWARD COUNTY,Wood
451571,BROWARD COUNTY,Wood
524248,BROWARD COUNTY,Wood
300643,BROWARD COUNTY,Wood
853486,BROWARD COUNTY,Wood
479452,BROWARD COUNTY,Wood
932159,BROWARD COUNTY,Wood
572077,BROWARD COUNTY,Wood
185590,BROWARD COUNTY,Wood
835218,BROWARD COUNTY,Masonry
838311,BROWARD COUNTY,Wood
389893,BROWARD COUNTY,Masonry
543262,BROWARD COUNTY,Masonry
485689,BROWARD COUNTY,Wood
377689,BROWARD COUNTY,Wood
468392,BROWARD COUNTY,Masonry
506675,BROWARD COUNTY,Masonry
187272,BROWARD COUNTY,Wood
264870,BROWARD COUNTY,Masonry
348024,BROWARD COUNTY,Masonry
906256,BROWARD COUNTY,Reinforced Masonry
334193,BROWARD COUNTY,Masonry
396402,BROWARD COUNTY,Masonry
444302,BROWARD COUNTY,Masonry
866437,BROWARD COUNTY,Reinforced Concrete
788396,BROWARD COUNTY,Reinforced Concrete
710609,BROWARD COUNTY,Reinforced Concrete
957530,BROWARD COUNTY,Masonry
850645,BROWARD COUNTY,Reinforced Masonry
933024,BROWARD COUNTY,Reinforced Concrete
194620,BROWARD COUNTY,Reinforced Masonry
958408,BROWARD COUNTY,Steel Frame
619267,BROWARD COUNTY,Reinforced Masonry
502400,BROWARD COUNTY,Steel Frame
757794,BROWARD COUNTY,Masonry
243613,BROWARD COUNTY,Wood
270301,BROWARD COUNTY,Reinforced Concrete
121359,BROWARD COUNTY,Masonry
171966,BROWARD COUNTY,Masonry
167445,BROWARD COUNTY,Wood
485470,BROWARD COUNTY,Masonry
879722,BROWARD COUNTY,Wood
762860,BROWARD COUNTY,Wood
937368,BROWARD COUNTY,Wood
420535,BROWARD COUNTY,Reinforced Concrete
805319,BROWARD COUNTY,Reinforced Masonry
488721,BROWARD COUNTY,Reinforced Concrete
980639,BROWARD COUNTY,Reinforced Masonry
743032,BROWARD COUNTY,Wood
304289,BROWARD COUNTY,Wood
100768,BROWARD COUNTY,Wood
442834,BROWARD COUNTY,Reinforced Masonry
629416,BROWARD COUNTY,Masonry
471865,BROWARD COUNTY,Masonry
291367,BROWARD COUNTY,Masonry
866529,BROWARD COUNTY,Wood
632618,BROWARD COUNTY,Wood
305899,BROWARD COUNTY,Wood
925376,BROWARD COUNTY,Wood
232602,BROWARD COUNTY,Reinforced Masonry
446350,BROWARD COUNTY,Wood
120075,BROWARD COUNTY,Wood
107702,BROWARD COUNTY,Wood
380330,BROWARD COUNTY,Wood
931050,BROWARD COUNTY,Wood
528498,BROWARD COUNTY,Wood
432926,BROWARD COUNTY,Wood
453907,BROWARD COUNTY,Wood
641992,BROWARD COUNTY,Wood
988673,BROWARD COUNTY,Steel Frame
174695,BROWARD COUNTY,Wood
691722,BROWARD COUNTY,Reinforced Masonry
945052,BROWARD COUNTY,Reinforced Masonry
404613,BROWARD COUNTY,Wood
521622,BROWARD COUNTY,Wood
650345,BROWARD COUNTY,Wood
431959,BROWARD COUNTY,Wood
895406,BROWARD COUNTY,Wood
545350,BROWARD COUNTY,Wood
765803,BROWARD COUNTY,Wood
753871,BROWARD COUNTY,Masonry
776598,BROWARD COUNTY,Wood
815681,BROWARD COUNTY,Masonry
763382,BROWARD COUNTY,Wood
858387,BROWARD COUNTY,Wood
826024,BROWARD COUNTY,Wood
367099,BROWARD COUNTY,Reinforced Masonry
673123,BROWARD COUNTY,Masonry
213751,BROWARD COUNTY,Masonry
474478,BROWARD COUNTY,Wood
815189,BROWARD COUNTY,Masonry
945975,BROWARD COUNTY,Masonry
251512,BROWARD COUNTY,Wood
942632,BROWARD COUNTY,Wood
125315,BROWARD COUNTY,Wood
351197,BROWARD COUNTY,Wood
256487,BROWARD COUNTY,Reinforced Concrete
668957,BROWARD COUNTY,Reinforced Concrete
218402,BROWARD COUNTY,Reinforced Concrete
819855,BROWARD COUNTY,Masonry
625364,BROWARD COUNTY,Masonry
897171,BROWARD COUNTY,Wood
207010,BROWARD COUNTY,Wood
146452,BROWARD COUNTY,Wood
122259,BROWARD COUNTY,Wood
655278,BROWARD COUNTY,Wood
606737,BROWARD COUNTY,Wood
765488,BROWARD COUNTY,Wood
866891,BROWARD COUNTY,Wood
798285,BROWARD COUNTY,Wood
258960,BROWARD COUNTY,Wood
593694,BROWARD COUNTY,Wood
776932,BROWARD COUNTY,Wood
389996,BROWARD COUNTY,Wood
827113,BROWARD COUNTY,Wood
152433,BROWARD COUNTY,Wood
715979,BROWARD COUNTY,Wood
273119,BROWARD COUNTY,Wood
991632,BROWARD COUNTY,Masonry
168038,BROWARD COUNTY,Wood
175185,BROWARD COUNTY,Wood
713158,BROWARD COUNTY,Reinforced Masonry
750689,BROWARD COUNTY,Masonry
498618,BROWARD COUNTY,Masonry
590769,BROWARD COUNTY,Masonry
205720,BROWARD COUNTY,Reinforced Masonry
580360,BROWARD COUNTY,Reinforced Masonry
995402,BROWARD COUNTY,Wood
556100,BROWARD COUNTY,Masonry
171366,BROWARD COUNTY,Reinforced Masonry
519775,BROWARD COUNTY,Steel Frame
698146,BROWARD COUNTY,Masonry
225774,BROWARD COUNTY,Reinforced Masonry
392835,BROWARD COUNTY,Wood
192485,BROWARD COUNTY,Wood
813072,BROWARD COUNTY,Wood
793628,BROWARD COUNTY,Reinforced Masonry
174312,BROWARD COUNTY,Masonry
208324,BROWARD COUNTY,Masonry
298866,BROWARD COUNTY,Wood
990112,BROWARD COUNTY,Wood
932590,BROWARD COUNTY,Masonry
540542,BROWARD COUNTY,Wood
767946,BROWARD COUNTY,Wood
234103,BROWARD COUNTY,Wood
241804,BROWARD COUNTY,Wood
231557,BROWARD COUNTY,Wood
703926,BROWARD COUNTY,Wood
844983,BROWARD COUNTY,Wood
987372,BROWARD COUNTY,Wood
545639,BROWARD COUNTY,Wood
198469,BROWARD COUNTY,Wood
313473,BROWARD COUNTY,Wood
493411,BROWARD COUNTY,Reinforced Masonry
985872,BROWARD COUNTY,Reinforced Masonry
513043,BROWARD COUNTY,Masonry
937575,BROWARD COUNTY,Masonry
883594,BROWARD COUNTY,Masonry
174641,BROWARD COUNTY,Masonry
998111,BROWARD COUNTY,Masonry
746178,BROWARD COUNTY,Masonry
383696,BROWARD COUNTY,Wood
638121,BROWARD COUNTY,Wood
733259,BROWARD COUNTY,Wood
887593,BROWARD COUNTY,Wood
916074,BROWARD COUNTY,Wood
664905,BROWARD COUNTY,Wood
810050,BROWARD COUNTY,Wood
306452,BROWARD COUNTY,Masonry
313530,BROWARD COUNTY,Masonry
339003,BROWARD COUNTY,Wood
283159,BROWARD COUNTY,Wood
368637,BROWARD COUNTY,Wood
693030,BROWARD COUNTY,Wood
264320,BROWARD COUNTY,Wood
875629,BROWARD COUNTY,Wood
517667,BROWARD COUNTY,Reinforced Masonry
859666,BROWARD COUNTY,Wood
440614,BROWARD COUNTY,Wood
127977,BROWARD COUNTY,Wood
541372,BROWARD COUNTY,Wood
200182,BROWARD COUNTY,Masonry
265051,BROWARD COUNTY,Masonry
433871,BROWARD COUNTY,Reinforced Masonry
594038,BROWARD COUNTY,Masonry
271249,BROWARD COUNTY,Masonry
851485,BROWARD COUNTY,Wood
655863,BROWARD COUNTY,Reinforced Masonry
879706,BROWARD COUNTY,Masonry
516218,BROWARD COUNTY,Masonry
809069,BROWARD COUNTY,Masonry
722159,BROWARD COUNTY,Wood
249787,BROWARD COUNTY,Wood
885450,BROWARD COUNTY,Masonry
848425,BROWARD COUNTY,Reinforced Masonry
631677,BROWARD COUNTY,Reinforced Masonry
329120,BROWARD COUNTY,Masonry
179779,BROWARD COUNTY,Masonry
420998,BROWARD COUNTY,Masonry
255518,BROWARD COUNTY,Reinforced Masonry
122963,BROWARD COUNTY,Reinforced Masonry
315907,BROWARD COUNTY,Reinforced Masonry
935138,BROWARD COUNTY,Reinforced Concrete
632742,BROWARD COUNTY,Reinforced Masonry
554229,BROWARD COUNTY,Wood
540727,BROWARD COUNTY,Wood
825450,BROWARD COUNTY,Masonry
714303,BROWARD COUNTY,Masonry
981355,BROWARD COUNTY,Reinforced Concrete
659580,BROWARD COUNTY,Masonry
762534,BROWARD COUNTY,Masonry
570181,BROWARD COUNTY,Masonry
693969,BROWARD COUNTY,Masonry
243204,BROWARD COUNTY,Reinforced Masonry
817745,BROWARD COUNTY,Masonry
181807,BROWARD COUNTY,Wood
321764,BROWARD COUNTY,Wood
987726,BROWARD COUNTY,Wood
669636,BROWARD COUNTY,Wood
904092,BROWARD COUNTY,Wood
895883,BROWARD COUNTY,Wood
307901,BROWARD COUNTY,Reinforced Masonry
117850,BROWARD COUNTY,Wood
666591,BROWARD COUNTY,Wood
550220,BROWARD COUNTY,Wood
163360,BROWARD COUNTY,Wood
601137,BROWARD COUNTY,Wood
504898,BROWARD COUNTY,Wood
445482,BROWARD COUNTY,Wood
589395,BROWARD COUNTY,Wood
358676,BROWARD COUNTY,Wood
480115,BROWARD COUNTY,Wood
592801,BROWARD COUNTY,Wood
181189,BROWARD COUNTY,Masonry
521400,BROWARD COUNTY,Wood
968530,BROWARD COUNTY,Wood
675603,BROWARD COUNTY,Wood
572944,BROWARD COUNTY,Wood
826899,BROWARD COUNTY,Masonry
779890,BROWARD COUNTY,Wood
679779,BROWARD COUNTY,Wood
243370,BROWARD COUNTY,Wood
677863,BROWARD COUNTY,Wood
997903,BROWARD COUNTY,Wood
784693,BROWARD COUNTY,Wood
375467,BROWARD COUNTY,Masonry
865319,BROWARD COUNTY,Wood
932733,BROWARD COUNTY,Masonry
536660,BROWARD COUNTY,Wood
231928,BROWARD COUNTY,Wood
720440,BROWARD COUNTY,Wood
706698,BROWARD COUNTY,Wood
122522,BROWARD COUNTY,Wood
957823,BROWARD COUNTY,Masonry
724909,BROWARD COUNTY,Wood
505360,BROWARD COUNTY,Wood
497417,BROWARD COUNTY,Wood
804111,BROWARD COUNTY,Wood
245512,BROWARD COUNTY,Wood
774924,BROWARD COUNTY,Wood
652468,BROWARD COUNTY,Wood
632756,BROWARD COUNTY,Wood
304007,BROWARD COUNTY,Wood
776146,BROWARD COUNTY,Wood
498384,BROWARD COUNTY,Wood
917317,BROWARD COUNTY,Wood
663523,BROWARD COUNTY,Wood
427990,BROWARD COUNTY,Masonry
971823,BROWARD COUNTY,Reinforced Masonry
151001,BROWARD COUNTY,Wood
937258,BROWARD COUNTY,Wood
166523,BROWARD COUNTY,Wood
245626,BROWARD COUNTY,Wood
853477,BROWARD COUNTY,Wood
381147,BROWARD COUNTY,Wood
864807,BROWARD COUNTY,Wood
192863,BROWARD COUNTY,Wood
228189,BROWARD COUNTY,Wood
247429,BROWARD COUNTY,Wood
197383,BROWARD COUNTY,Reinforced Concrete
324523,BROWARD COUNTY,Reinforced Masonry
708410,BROWARD COUNTY,Reinforced Masonry
563788,BROWARD COUNTY,Reinforced Masonry
120518,BROWARD COUNTY,Masonry
963770,BROWARD COUNTY,Wood
756636,BROWARD COUNTY,Wood
372393,BROWARD COUNTY,Wood
615575,BROWARD COUNTY,Wood
724297,BROWARD COUNTY,Masonry
895723,BROWARD COUNTY,Wood
671376,BROWARD COUNTY,Wood
299452,BROWARD COUNTY,Wood
707933,BROWARD COUNTY,Wood
543917,BROWARD COUNTY,Wood
508361,BROWARD COUNTY,Steel Frame
173574,BROWARD COUNTY,Reinforced Concrete
400821,BROWARD COUNTY,Reinforced Concrete
448819,BROWARD COUNTY,Steel Frame
541195,BROWARD COUNTY,Reinforced Concrete
161467,BROWARD COUNTY,Reinforced Concrete
237563,BROWARD COUNTY,Reinforced Concrete
500971,BROWARD COUNTY,Reinforced Concrete
646787,BROWARD COUNTY,Reinforced Masonry
530676,BROWARD COUNTY,Reinforced Masonry
176783,BROWARD COUNTY,Reinforced Masonry
150953,BROWARD COUNTY,Wood
843373,BROWARD COUNTY,Wood
400524,BROWARD COUNTY,Masonry
685044,BROWARD COUNTY,Wood
320037,BROWARD COUNTY,Wood
925280,BROWARD COUNTY,Reinforced Masonry
741471,BROWARD COUNTY,Reinforced Masonry
142193,BROWARD COUNTY,Reinforced Masonry
497101,BROWARD COUNTY,Reinforced Masonry
566100,BROWARD COUNTY,Reinforced Masonry
671975,BROWARD COUNTY,Reinforced Masonry
293211,BROWARD COUNTY,Reinforced Masonry
919908,BROWARD COUNTY,Reinforced Masonry
676299,BROWARD COUNTY,Reinforced Masonry
642935,BROWARD COUNTY,Masonry
400871,BROWARD COUNTY,Masonry
743947,BROWARD COUNTY,Masonry
931013,BROWARD COUNTY,Masonry
732567,BROWARD COUNTY,Masonry
718110,BROWARD COUNTY,Masonry
393449,BROWARD COUNTY,Masonry
442066,BROWARD COUNTY,Masonry
775052,BROWARD COUNTY,Masonry
275505,BROWARD COUNTY,Masonry
972712,BROWARD COUNTY,Masonry
635144,BROWARD COUNTY,Wood
234862,BROWARD COUNTY,Wood
587443,BROWARD COUNTY,Reinforced Masonry
454150,BROWARD COUNTY,Reinforced Concrete
149747,BROWARD COUNTY,Reinforced Masonry
913054,BROWARD COUNTY,Reinforced Concrete
412588,BROWARD COUNTY,Reinforced Masonry
649486,BROWARD COUNTY,Masonry
158133,BROWARD COUNTY,Reinforced Masonry
858724,BROWARD COUNTY,Masonry
662812,BROWARD COUNTY,Masonry
985541,BROWARD COUNTY,Reinforced Masonry
837405,BROWARD COUNTY,Masonry
910638,BROWARD COUNTY,Wood
859219,BROWARD COUNTY,Wood
680988,BROWARD COUNTY,Wood
432726,BROWARD COUNTY,Wood
453439,BROWARD COUNTY,Wood
688050,BROWARD COUNTY,Masonry
201788,BROWARD COUNTY,Wood
566026,BROWARD COUNTY,Wood
857619,BROWARD COUNTY,Wood
607029,BROWARD COUNTY,Wood
766473,BROWARD COUNTY,Wood
999114,BROWARD COUNTY,Wood
875010,BROWARD COUNTY,Wood
786209,BROWARD COUNTY,Wood
572397,BROWARD COUNTY,Wood
144529,BROWARD COUNTY,Wood
379691,BROWARD COUNTY,Wood
417424,BROWARD COUNTY,Wood
180021,BROWARD COUNTY,Wood
308550,BROWARD COUNTY,Masonry
503447,BROWARD COUNTY,Reinforced Concrete
962088,BROWARD COUNTY,Wood
823613,BROWARD COUNTY,Masonry
299637,BROWARD COUNTY,Wood
155000,BROWARD COUNTY,Masonry
385981,BROWARD COUNTY,Wood
313262,BROWARD COUNTY,Wood
616252,BROWARD COUNTY,Wood
533388,BROWARD COUNTY,Wood
469098,BROWARD COUNTY,Wood
191649,BROWARD COUNTY,Wood
745184,BROWARD COUNTY,Wood
788015,BROWARD COUNTY,Wood
969405,BROWARD COUNTY,Wood
244009,BROWARD COUNTY,Reinforced Masonry
684421,BROWARD COUNTY,Wood
707029,BROWARD COUNTY,Wood
109592,BROWARD COUNTY,Wood
973642,BROWARD COUNTY,Wood
381576,BROWARD COUNTY,Wood
333482,BROWARD COUNTY,Wood
423983,BROWARD COUNTY,Wood
193516,BROWARD COUNTY,Wood
744061,BROWARD COUNTY,Masonry
181140,BROWARD COUNTY,Wood
819247,BROWARD COUNTY,Wood
358769,BROWARD COUNTY,Wood
269119,BROWARD COUNTY,Wood
412486,BROWARD COUNTY,Wood
145166,BROWARD COUNTY,Wood
553870,BROWARD COUNTY,Wood
341840,BROWARD COUNTY,Wood
834408,BROWARD COUNTY,Wood
850430,BROWARD COUNTY,Wood
327195,BROWARD COUNTY,Wood
160905,BROWARD COUNTY,Wood
625982,BROWARD COUNTY,Wood
931745,BROWARD COUNTY,Wood
631158,BROWARD COUNTY,Wood
920428,BROWARD COUNTY,Wood
661852,BROWARD COUNTY,Masonry
384195,BROWARD COUNTY,Wood
453535,BROWARD COUNTY,Wood
296590,BROWARD COUNTY,Wood
125665,BROWARD COUNTY,Wood
467077,BROWARD COUNTY,Wood
269693,BROWARD COUNTY,Wood
341910,BROWARD COUNTY,Wood
648643,BROWARD COUNTY,Wood
300022,BROWARD COUNTY,Wood
917051,BROWARD COUNTY,Wood
924759,BROWARD COUNTY,Wood
520930,BROWARD COUNTY,Masonry
307840,BROWARD COUNTY,Wood
826634,BROWARD COUNTY,Wood
378002,BROWARD COUNTY,Wood
775824,BROWARD COUNTY,Reinforced Masonry
164124,BROWARD COUNTY,Wood
242027,BROWARD COUNTY,Wood
754816,BROWARD COUNTY,Wood
878843,BROWARD COUNTY,Wood
931280,BROWARD COUNTY,Masonry
722326,BROWARD COUNTY,Masonry
479925,BROWARD COUNTY,Masonry
930045,BROWARD COUNTY,Wood
500667,BROWARD COUNTY,Wood
116326,BROWARD COUNTY,Wood
215245,BROWARD COUNTY,Wood
459941,BROWARD COUNTY,Wood
249970,BROWARD COUNTY,Wood
970245,BROWARD COUNTY,Masonry
131666,BROWARD COUNTY,Wood
101339,BROWARD COUNTY,Wood
986693,BROWARD COUNTY,Wood
900952,BROWARD COUNTY,Wood
114248,BROWARD COUNTY,Wood
595422,BROWARD COUNTY,Wood
525232,BROWARD COUNTY,Wood
962091,BROWARD COUNTY,Wood
409656,BROWARD COUNTY,Wood
904410,BROWARD COUNTY,Wood
279351,BROWARD COUNTY,Wood
899293,BROWARD COUNTY,Wood
584228,BROWARD COUNTY,Wood
891608,BROWARD COUNTY,Wood
575874,BROWARD COUNTY,Wood
781982,BROWARD COUNTY,Wood
499172,BROWARD COUNTY,Wood
866515,BROWARD COUNTY,Steel Frame
265019,BROWARD COUNTY,Steel Frame
326226,BROWARD COUNTY,Masonry
160118,BROWARD COUNTY,Masonry
106565,BROWARD COUNTY,Reinforced Masonry
466564,BROWARD COUNTY,Reinforced Masonry
571514,BROWARD COUNTY,Reinforced Masonry
490764,BROWARD COUNTY,Reinforced Masonry
593593,BROWARD COUNTY,Reinforced Masonry
322328,BROWARD COUNTY,Reinforced Masonry
959470,BROWARD COUNTY,Reinforced Concrete
928592,BROWARD COUNTY,Reinforced Masonry
879116,BROWARD COUNTY,Wood
174024,BROWARD COUNTY,Wood
185553,BROWARD COUNTY,Wood
690313,BROWARD COUNTY,Reinforced Concrete
902735,BROWARD COUNTY,Reinforced Concrete
782259,BROWARD COUNTY,Masonry
675397,BROWARD COUNTY,Reinforced Masonry
168370,BROWARD COUNTY,Wood
973358,BROWARD COUNTY,Reinforced Masonry
461374,BROWARD COUNTY,Masonry
295518,BROWARD COUNTY,Wood
684014,BROWARD COUNTY,Wood
111520,BROWARD COUNTY,Masonry
639839,BROWARD COUNTY,Reinforced Masonry
589083,BROWARD COUNTY,Reinforced Masonry
516262,BROWARD COUNTY,Masonry
955218,BROWARD COUNTY,Wood
962313,BROWARD COUNTY,Wood
188367,BROWARD COUNTY,Wood
442173,BROWARD COUNTY,Wood
941595,BROWARD COUNTY,Wood
617533,BROWARD COUNTY,Wood
597381,BROWARD COUNTY,Wood
964976,BROWARD COUNTY,Wood
698230,BROWARD COUNTY,Masonry
480382,BROWARD COUNTY,Reinforced Masonry
849118,BROWARD COUNTY,Wood
400635,BROWARD COUNTY,Reinforced Masonry
218108,BROWARD COUNTY,Wood
378542,BROWARD COUNTY,Wood
226693,BROWARD COUNTY,Reinforced Masonry
201003,BROWARD COUNTY,Wood
125832,BROWARD COUNTY,Masonry
972195,BROWARD COUNTY,Masonry
386794,BROWARD COUNTY,Wood
748899,BROWARD COUNTY,Masonry
223316,BROWARD COUNTY,Masonry
779403,BROWARD COUNTY,Reinforced Masonry
219537,BROWARD COUNTY,Reinforced Masonry
346515,BROWARD COUNTY,Wood
793609,BROWARD COUNTY,Wood
952773,BROWARD COUNTY,Steel Frame
114651,BROWARD COUNTY,Steel Frame
679503,BROWARD COUNTY,Reinforced Concrete
241704,BROWARD COUNTY,Reinforced Concrete
699490,BROWARD COUNTY,Reinforced Masonry
266210,BROWARD COUNTY,Reinforced Masonry
319201,BROWARD COUNTY,Reinforced Masonry
737345,BROWARD COUNTY,Reinforced Masonry
691091,BROWARD COUNTY,Reinforced Masonry
574521,BROWARD COUNTY,Reinforced Masonry
171187,BROWARD COUNTY,Reinforced Masonry
309336,BROWARD COUNTY,Reinforced Masonry
640598,BROWARD COUNTY,Reinforced Masonry
167865,BROWARD COUNTY,Masonry
647974,BROWARD COUNTY,Reinforced Masonry
811498,BROWARD COUNTY,Masonry
714221,BROWARD COUNTY,Masonry
559490,BROWARD COUNTY,Masonry
385533,BROWARD COUNTY,Wood
403780,BROWARD COUNTY,Wood
975966,BROWARD COUNTY,Wood
244046,BROWARD COUNTY,Wood
818024,BROWARD COUNTY,Wood
281753,BROWARD COUNTY,Wood
900451,BROWARD COUNTY,Wood
230185,BROWARD COUNTY,Wood
854151,BROWARD COUNTY,Wood
644806,BROWARD COUNTY,Wood
608841,BROWARD COUNTY,Wood
435885,BROWARD COUNTY,Wood
210936,BROWARD COUNTY,Wood
400299,BROWARD COUNTY,Wood
876045,BROWARD COUNTY,Wood
875247,BROWARD COUNTY,Reinforced Masonry
431565,BROWARD COUNTY,Masonry
316896,BROWARD COUNTY,Masonry
390124,BROWARD COUNTY,Masonry
790872,BROWARD COUNTY,Reinforced Masonry
735956,BROWARD COUNTY,Wood
823362,BROWARD COUNTY,Wood
351071,BROWARD COUNTY,Reinforced Masonry
259883,BROWARD COUNTY,Reinforced Concrete
155881,BROWARD COUNTY,Reinforced Masonry
576230,BROWARD COUNTY,Reinforced Masonry
718814,BROWARD COUNTY,Reinforced Masonry
388477,BROWARD COUNTY,Wood
745915,BROWARD COUNTY,Reinforced Concrete
496604,BROWARD COUNTY,Reinforced Concrete
978460,BROWARD COUNTY,Reinforced Concrete
221186,BROWARD COUNTY,Reinforced Masonry
817721,BROWARD COUNTY,Masonry
742303,BROWARD COUNTY,Masonry
817126,BROWARD COUNTY,Wood
127466,BROWARD COUNTY,Masonry
407276,BROWARD COUNTY,Masonry
847405,BROWARD COUNTY,Wood
578571,BROWARD COUNTY,Wood
990194,BROWARD COUNTY,Masonry
434788,BROWARD COUNTY,Wood
486982,BROWARD COUNTY,Wood
123950,BROWARD COUNTY,Wood
570298,BROWARD COUNTY,Wood
496863,BROWARD COUNTY,Wood
438561,BROWARD COUNTY,Wood
710298,BROWARD COUNTY,Masonry
449216,BROWARD COUNTY,Wood
617634,BROWARD COUNTY,Masonry
636394,BROWARD COUNTY,Masonry
788319,BROWARD COUNTY,Wood
104628,BROWARD COUNTY,Wood
859810,BROWARD COUNTY,Reinforced Masonry
667693,BROWARD COUNTY,Wood
592391,BROWARD COUNTY,Wood
208813,BROWARD COUNTY,Wood
501969,BROWARD COUNTY,Wood
358175,BROWARD COUNTY,Wood
831619,BROWARD COUNTY,Masonry
691941,BROWARD COUNTY,Masonry
862264,BROWARD COUNTY,Reinforced Concrete
989103,BROWARD COUNTY,Masonry
746516,BROWARD COUNTY,Masonry
249802,BROWARD COUNTY,Masonry
229549,BROWARD COUNTY,Wood
876884,BROWARD COUNTY,Masonry
617661,BROWARD COUNTY,Wood
912295,BROWARD COUNTY,Wood
619251,BROWARD COUNTY,Wood
985506,BROWARD COUNTY,Wood
351885,BROWARD COUNTY,Wood
335649,BROWARD COUNTY,Wood
435812,BROWARD COUNTY,Masonry
317222,BROWARD COUNTY,Wood
878025,BROWARD COUNTY,Reinforced Masonry
124845,BROWARD COUNTY,Wood
204012,BROWARD COUNTY,Wood
142453,BROWARD COUNTY,Reinforced Masonry
503932,BROWARD COUNTY,Wood
504913,BROWARD COUNTY,Wood
670840,BROWARD COUNTY,Masonry
631496,BROWARD COUNTY,Wood
847461,BROWARD COUNTY,Wood
232951,BROWARD COUNTY,Masonry
234504,BROWARD COUNTY,Reinforced Masonry
302778,BROWARD COUNTY,Wood
796774,BROWARD COUNTY,Wood
159278,BROWARD COUNTY,Reinforced Masonry
658472,BROWARD COUNTY,Masonry
717243,BROWARD COUNTY,Steel Frame
881891,BROWARD COUNTY,Wood
608674,BROWARD COUNTY,Wood
998605,BROWARD COUNTY,Wood
422515,BROWARD COUNTY,Reinforced Masonry
428140,BROWARD COUNTY,Reinforced Concrete
340605,BROWARD COUNTY,Wood
119303,BROWARD COUNTY,Reinforced Masonry
979459,BROWARD COUNTY,Wood
583804,BROWARD COUNTY,Wood
444755,BROWARD COUNTY,Wood
710917,BROWARD COUNTY,Wood
880083,BROWARD COUNTY,Wood
299351,BROWARD COUNTY,Masonry
929857,BROWARD COUNTY,Wood
349169,BROWARD COUNTY,Wood
732199,BROWARD COUNTY,Masonry
490971,BROWARD COUNTY,Wood
523103,BROWARD COUNTY,Wood
567506,BROWARD COUNTY,Wood
161023,BROWARD COUNTY,Wood
217885,BROWARD COUNTY,Wood
262176,BROWARD COUNTY,Wood
378748,BROWARD COUNTY,Wood
966423,BROWARD COUNTY,Steel Frame
493041,BROWARD COUNTY,Masonry
456169,BROWARD COUNTY,Masonry
560987,BROWARD COUNTY,Masonry
716907,BROWARD COUNTY,Wood
200549,BROWARD COUNTY,Reinforced Masonry
742558,BROWARD COUNTY,Wood
599467,BROWARD COUNTY,Reinforced Masonry
781191,BROWARD COUNTY,Masonry
857925,BROWARD COUNTY,Masonry
667459,BROWARD COUNTY,Wood
697911,BROWARD COUNTY,Wood
214442,BROWARD COUNTY,Wood
262602,BROWARD COUNTY,Wood
243848,BROWARD COUNTY,Masonry
661164,BROWARD COUNTY,Masonry
701760,BROWARD COUNTY,Wood
273476,BROWARD COUNTY,Wood
139521,BROWARD COUNTY,Wood
142550,BROWARD COUNTY,Wood
378297,BROWARD COUNTY,Wood
249792,BROWARD COUNTY,Reinforced Masonry
442160,BROWARD COUNTY,Wood
179078,BROWARD COUNTY,Wood
156451,BROWARD COUNTY,Wood
568788,BROWARD COUNTY,Wood
979696,BROWARD COUNTY,Wood
155709,BROWARD COUNTY,Wood
326178,BROWARD COUNTY,Wood
904028,BROWARD COUNTY,Wood
868811,BROWARD COUNTY,Wood
512254,BROWARD COUNTY,Wood
826112,BROWARD COUNTY,Wood
283786,BROWARD COUNTY,Wood
598139,BROWARD COUNTY,Wood
157235,BROWARD COUNTY,Wood
284000,BROWARD COUNTY,Wood
900906,BROWARD COUNTY,Wood
578588,BROWARD COUNTY,Masonry
565411,BROWARD COUNTY,Wood
194161,BROWARD COUNTY,Reinforced Masonry
337018,BROWARD COUNTY,Wood
335088,BROWARD COUNTY,Reinforced Masonry
244657,BROWARD COUNTY,Masonry
627808,BROWARD COUNTY,Wood
153273,BROWARD COUNTY,Masonry
609571,BROWARD COUNTY,Wood
631331,BROWARD COUNTY,Wood
195457,BROWARD COUNTY,Wood
808147,BROWARD COUNTY,Wood
207861,BROWARD COUNTY,Wood
217006,BROWARD COUNTY,Wood
733616,BROWARD COUNTY,Wood
374717,BROWARD COUNTY,Wood
148797,BROWARD COUNTY,Wood
650913,BROWARD COUNTY,Wood
951599,BROWARD COUNTY,Wood
757646,BROWARD COUNTY,Wood
418500,BROWARD COUNTY,Masonry
637903,BROWARD COUNTY,Masonry
787918,BROWARD COUNTY,Reinforced Concrete
475069,BROWARD COUNTY,Reinforced Concrete
613131,BROWARD COUNTY,Reinforced Masonry
101716,BROWARD COUNTY,Reinforced Masonry
448922,BROWARD COUNTY,Wood
923560,BROWARD COUNTY,Wood
770759,BROWARD COUNTY,Wood
125096,BROWARD COUNTY,Masonry
325059,BROWARD COUNTY,Masonry
532218,BROWARD COUNTY,Masonry
749626,BROWARD COUNTY,Masonry
411198,BROWARD COUNTY,Masonry
807152,BROWARD COUNTY,Masonry
550881,BROWARD COUNTY,Masonry
794242,BROWARD COUNTY,Masonry
451502,BROWARD COUNTY,Wood
916680,BROWARD COUNTY,Wood
994487,BROWARD COUNTY,Wood
981977,BROWARD COUNTY,Wood
580529,BROWARD COUNTY,Wood
812846,BROWARD COUNTY,Wood
720583,BROWARD COUNTY,Wood
252179,BROWARD COUNTY,Wood
879390,BROWARD COUNTY,Wood
437213,BROWARD COUNTY,Wood
463112,BROWARD COUNTY,Wood
239931,BROWARD COUNTY,Steel Frame
854878,BROWARD COUNTY,Masonry
324011,BROWARD COUNTY,Reinforced Masonry
465975,BROWARD COUNTY,Reinforced Masonry
346035,BROWARD COUNTY,Reinforced Concrete
850472,BROWARD COUNTY,Masonry
106577,BROWARD COUNTY,Wood
200482,BROWARD COUNTY,Reinforced Concrete
243118,BROWARD COUNTY,Reinforced Concrete
315262,BROWARD COUNTY,Reinforced Concrete
793194,BROWARD COUNTY,Reinforced Concrete
462694,BROWARD COUNTY,Steel Frame
690058,BROWARD COUNTY,Wood
260055,BROWARD COUNTY,Reinforced Concrete
204155,BROWARD COUNTY,Reinforced Masonry
482783,BROWARD COUNTY,Reinforced Concrete
416910,BROWARD COUNTY,Masonry
399655,BROWARD COUNTY,Reinforced Masonry
501449,BROWARD COUNTY,Wood
216636,BROWARD COUNTY,Wood
162007,BROWARD COUNTY,Wood
962211,BROWARD COUNTY,Wood
167514,BROWARD COUNTY,Wood
762935,BROWARD COUNTY,Wood
969277,BROWARD COUNTY,Masonry
443289,BROWARD COUNTY,Masonry
855570,BROWARD COUNTY,Reinforced Masonry
732098,BROWARD COUNTY,Masonry
211125,BROWARD COUNTY,Reinforced Masonry
694435,BROWARD COUNTY,Masonry
925486,BROWARD COUNTY,Masonry
936883,BROWARD COUNTY,Wood
102171,BROWARD COUNTY,Wood
249903,BROWARD COUNTY,Wood
834714,BROWARD COUNTY,Masonry
247504,BROWARD COUNTY,Wood
814307,BROWARD COUNTY,Wood
892419,BROWARD COUNTY,Wood
922469,BROWARD COUNTY,Reinforced Masonry
212009,BROWARD COUNTY,Reinforced Concrete
197342,BROWARD COUNTY,Masonry
971353,BROWARD COUNTY,Wood
786405,BROWARD COUNTY,Masonry
612088,BROWARD COUNTY,Masonry
308837,BROWARD COUNTY,Masonry
930907,BROWARD COUNTY,Masonry
620984,BROWARD COUNTY,Masonry
960567,BROWARD COUNTY,Masonry
711607,BROWARD COUNTY,Reinforced Concrete
336359,BROWARD COUNTY,Reinforced Masonry
132167,BROWARD COUNTY,Wood
569111,BROWARD COUNTY,Reinforced Masonry
890691,BROWARD COUNTY,Wood
348351,BROWARD COUNTY,Reinforced Concrete
150662,BROWARD COUNTY,Wood
149049,BROWARD COUNTY,Masonry
797157,BROWARD COUNTY,Masonry
400466,BROWARD COUNTY,Reinforced Concrete
311736,BROWARD COUNTY,Masonry
373736,BROWARD COUNTY,Masonry
534768,BROWARD COUNTY,Wood
347072,BROWARD COUNTY,Reinforced Masonry
681116,BROWARD COUNTY,Steel Frame
796580,BROWARD COUNTY,Masonry
959954,BROWARD COUNTY,Wood
581642,BROWARD COUNTY,Masonry
155089,BROWARD COUNTY,Wood
673536,BROWARD COUNTY,Wood
116944,BROWARD COUNTY,Masonry
870733,BROWARD COUNTY,Masonry
679103,BROWARD COUNTY,Reinforced Masonry
571410,BROWARD COUNTY,Wood
888322,BROWARD COUNTY,Wood
993638,BROWARD COUNTY,Wood
803277,BROWARD COUNTY,Masonry
598779,BROWARD COUNTY,Wood
894870,BROWARD COUNTY,Wood
296970,BROWARD COUNTY,Reinforced Masonry
748725,BROWARD COUNTY,Wood
178041,BROWARD COUNTY,Wood
127101,BROWARD COUNTY,Wood
685563,BROWARD COUNTY,Reinforced Masonry
461651,BROWARD COUNTY,Reinforced Masonry
999372,BROWARD COUNTY,Masonry
945499,BROWARD COUNTY,Masonry
543236,BROWARD COUNTY,Reinforced Masonry
936173,BROWARD COUNTY,Masonry
774047,BROWARD COUNTY,Wood
757859,BROWARD COUNTY,Wood
914717,BROWARD COUNTY,Wood
631342,BROWARD COUNTY,Wood
950161,BROWARD COUNTY,Reinforced Concrete
469276,BROWARD COUNTY,Wood
960210,BROWARD COUNTY,Wood
457527,BROWARD COUNTY,Wood
773235,BROWARD COUNTY,Wood
327368,BROWARD COUNTY,Wood
880433,BROWARD COUNTY,Reinforced Masonry
290393,BROWARD COUNTY,Masonry
121438,BROWARD COUNTY,Masonry
342252,BROWARD COUNTY,Masonry
587923,BROWARD COUNTY,Wood
312805,BROWARD COUNTY,Wood
105788,BROWARD COUNTY,Masonry
207225,BROWARD COUNTY,Wood
862233,BROWARD COUNTY,Wood
227637,BROWARD COUNTY,Wood
381279,BROWARD COUNTY,Wood
949282,BROWARD COUNTY,Wood
328474,BROWARD COUNTY,Wood
115131,BROWARD COUNTY,Wood
470930,BROWARD COUNTY,Wood
650201,BROWARD COUNTY,Wood
681483,BROWARD COUNTY,Wood
678929,BROWARD COUNTY,Wood
228898,BROWARD COUNTY,Wood
835217,BROWARD COUNTY,Masonry
966967,BROWARD COUNTY,Wood
873750,BROWARD COUNTY,Reinforced Masonry
761404,BROWARD COUNTY,Masonry
865598,BROWARD COUNTY,Wood
605791,BROWARD COUNTY,Wood
821564,BROWARD COUNTY,Wood
564036,BROWARD COUNTY,Wood
506667,BROWARD COUNTY,Reinforced Masonry
838303,BROWARD COUNTY,Masonry
787534,BROWARD COUNTY,Masonry
481034,BROWARD COUNTY,Reinforced Masonry
807035,BROWARD COUNTY,Wood
334260,BROWARD COUNTY,Reinforced Concrete
494545,BROWARD COUNTY,Masonry
592547,BROWARD COUNTY,Wood
478495,BROWARD COUNTY,Wood
414964,BROWARD COUNTY,Reinforced Masonry
425145,BROWARD COUNTY,Wood
691120,BROWARD COUNTY,Wood
630695,BROWARD COUNTY,Masonry
267106,BROWARD COUNTY,Wood
725207,BROWARD COUNTY,Reinforced Masonry
310939,BROWARD COUNTY,Masonry
904642,BROWARD COUNTY,Masonry
299139,BROWARD COUNTY,Reinforced Masonry
403176,BROWARD COUNTY,Reinforced Masonry
248909,BROWARD COUNTY,Wood
672360,BROWARD COUNTY,Wood
930640,BROWARD COUNTY,Wood
991009,BROWARD COUNTY,Wood
623676,BROWARD COUNTY,Wood
657112,BROWARD COUNTY,Wood
884601,BROWARD COUNTY,Masonry
773927,BROWARD COUNTY,Wood
207966,BROWARD COUNTY,Wood
828858,BROWARD COUNTY,Wood
787457,BROWARD COUNTY,Wood
329775,BROWARD COUNTY,Wood
948991,BROWARD COUNTY,Wood
254015,BROWARD COUNTY,Wood
286304,BROWARD COUNTY,Wood
922182,BROWARD COUNTY,Wood
433994,BROWARD COUNTY,Wood
158854,BROWARD COUNTY,Wood
801421,BROWARD COUNTY,Wood
141541,BROWARD COUNTY,Wood
907231,BROWARD COUNTY,Wood
704607,BROWARD COUNTY,Wood
499452,BROWARD COUNTY,Wood
886848,BROWARD COUNTY,Masonry
608923,BROWARD COUNTY,Masonry
109893,BROWARD COUNTY,Wood
779829,BROWARD COUNTY,Wood
650443,BROWARD COUNTY,Wood
534498,BROWARD COUNTY,Masonry
260810,BROWARD COUNTY,Wood
236894,BROWARD COUNTY,Wood
396496,BROWARD COUNTY,Masonry
820278,BROWARD COUNTY,Masonry
939298,BROWARD COUNTY,Masonry
963082,BROWARD COUNTY,Wood
183314,BROWARD COUNTY,Wood
155446,BROWARD COUNTY,Wood
608834,BROWARD COUNTY,Wood
235383,BROWARD COUNTY,Wood
349001,BROWARD COUNTY,Reinforced Masonry
741664,BROWARD COUNTY,Wood
689169,BROWARD COUNTY,Wood
741229,BROWARD COUNTY,Masonry
978996,BROWARD COUNTY,Masonry
871482,BROWARD COUNTY,Masonry
725176,BROWARD COUNTY,Wood
933922,BROWARD COUNTY,Wood
122108,BROWARD COUNTY,Masonry
499786,BROWARD COUNTY,Wood
886775,BROWARD COUNTY,Masonry
246870,BROWARD COUNTY,Masonry
881223,BROWARD COUNTY,Masonry
445842,BROWARD COUNTY,Wood
801339,BROWARD COUNTY,Wood
623808,BROWARD COUNTY,Wood
714884,BROWARD COUNTY,Wood
667659,BROWARD COUNTY,Wood
210793,BROWARD COUNTY,Wood
950077,BROWARD COUNTY,Masonry
300450,BROWARD COUNTY,Wood
588256,BROWARD COUNTY,Wood
766667,BROWARD COUNTY,Wood
201100,BROWARD COUNTY,Wood
799573,BROWARD COUNTY,Wood
392508,BROWARD COUNTY,Wood
163734,BROWARD COUNTY,Wood
896132,BROWARD COUNTY,Wood
778219,BROWARD COUNTY,Wood
924939,BROWARD COUNTY,Wood
535801,BROWARD COUNTY,Wood
347490,BROWARD COUNTY,Masonry
603538,BROWARD COUNTY,Wood
247393,BROWARD COUNTY,Wood
543096,BROWARD COUNTY,Wood
106920,BROWARD COUNTY,Wood
839964,BROWARD COUNTY,Wood
735595,BROWARD COUNTY,Wood
860643,BROWARD COUNTY,Wood
970240,BROWARD COUNTY,Wood
193755,BROWARD COUNTY,Wood
878116,BROWARD COUNTY,Masonry
839510,BROWARD COUNTY,Wood
849299,BROWARD COUNTY,Masonry
764817,BROWARD COUNTY,Wood
330034,BROWARD COUNTY,Wood
889041,BROWARD COUNTY,Masonry
430060,BROWARD COUNTY,Wood
873383,BROWARD COUNTY,Wood
975794,BROWARD COUNTY,Wood
868387,BROWARD COUNTY,Wood
140231,BROWARD COUNTY,Wood
327488,BROWARD COUNTY,Wood
257227,BROWARD COUNTY,Wood
531631,BROWARD COUNTY,Wood
386045,BROWARD COUNTY,Wood
966807,BROWARD COUNTY,Masonry
594257,BROWARD COUNTY,Wood
844511,BROWARD COUNTY,Wood
789853,BROWARD COUNTY,Wood
353512,BROWARD COUNTY,Wood
509041,BROWARD COUNTY,Wood
101092,BROWARD COUNTY,Wood
192935,BROWARD COUNTY,Wood
580588,BROWARD COUNTY,Wood
609154,BROWARD COUNTY,Wood
727030,BROWARD COUNTY,Wood
401920,BROWARD COUNTY,Wood
229154,BROWARD COUNTY,Masonry
645234,BROWARD COUNTY,Wood
433104,BROWARD COUNTY,Wood
605028,BROWARD COUNTY,Wood
635220,BROWARD COUNTY,Wood
203225,BROWARD COUNTY,Wood
501393,BROWARD COUNTY,Wood
105837,BROWARD COUNTY,Wood
871907,BROWARD COUNTY,Wood
815728,BROWARD COUNTY,Wood
753181,BROWARD COUNTY,Wood
551406,BROWARD COUNTY,Wood
949560,BROWARD COUNTY,Wood
331384,BROWARD COUNTY,Wood
290462,BROWARD COUNTY,Wood
828522,BROWARD COUNTY,Wood
620648,BROWARD COUNTY,Wood
198135,BROWARD COUNTY,Wood
871550,BROWARD COUNTY,Wood
984364,BROWARD COUNTY,Wood
948789,BROWARD COUNTY,Wood
362410,BROWARD COUNTY,Wood
329365,BROWARD COUNTY,Wood
294078,BROWARD COUNTY,Wood
671950,BROWARD COUNTY,Wood
270279,BROWARD COUNTY,Wood
319843,BROWARD COUNTY,Reinforced Masonry
349763,BROWARD COUNTY,Masonry
403133,BROWARD COUNTY,Masonry
689507,BROWARD COUNTY,Masonry
750733,BROWARD COUNTY,Masonry
219576,BROWARD COUNTY,Masonry
663732,BROWARD COUNTY,Wood
292533,BROWARD COUNTY,Wood
851264,BROWARD COUNTY,Wood
596059,BROWARD COUNTY,Masonry
956266,BROWARD COUNTY,Reinforced Masonry
284155,BROWARD COUNTY,Wood
230795,BROWARD COUNTY,Wood
487057,BROWARD COUNTY,Wood
177224,BROWARD COUNTY,Wood
953836,BROWARD COUNTY,Wood
985692,BROWARD COUNTY,Wood
339446,BROWARD COUNTY,Reinforced Masonry
145143,BROWARD COUNTY,Wood
865514,BROWARD COUNTY,Wood
784020,BROWARD COUNTY,Wood
731584,BROWARD COUNTY,Wood
108783,BROWARD COUNTY,Reinforced Masonry
206695,BROWARD COUNTY,Reinforced Masonry
650427,BROWARD COUNTY,Wood
941130,BROWARD COUNTY,Wood
288874,BROWARD COUNTY,Wood
326890,BROWARD COUNTY,Reinforced Concrete
703635,BROWARD COUNTY,Steel Frame
889405,BROWARD COUNTY,Reinforced Concrete
531698,BROWARD COUNTY,Reinforced Concrete
510435,BROWARD COUNTY,Reinforced Masonry
245990,BROWARD COUNTY,Masonry
411697,BROWARD COUNTY,Masonry
372607,BROWARD COUNTY,Masonry
435999,BROWARD COUNTY,Masonry
786286,BROWARD COUNTY,Masonry
128544,BROWARD COUNTY,Wood
769766,BROWARD COUNTY,Reinforced Masonry
892871,BROWARD COUNTY,Wood
134735,BROWARD COUNTY,Wood
184835,BROWARD COUNTY,Wood
640441,BROWARD COUNTY,Wood
374964,BROWARD COUNTY,Masonry
420664,BROWARD COUNTY,Reinforced Concrete
722274,BROWARD COUNTY,Masonry
819146,BROWARD COUNTY,Reinforced Masonry
322491,BROWARD COUNTY,Reinforced Masonry
466088,BROWARD COUNTY,Masonry
359104,BROWARD COUNTY,Masonry
392349,BROWARD COUNTY,Masonry
510558,BROWARD COUNTY,Wood
974390,BROWARD COUNTY,Wood
634091,BROWARD COUNTY,Wood
463191,BROWARD COUNTY,Masonry
818455,BROWARD COUNTY,Wood
480875,BROWARD COUNTY,Wood
153025,BROWARD COUNTY,Wood
885627,BROWARD COUNTY,Wood
910083,BROWARD COUNTY,Wood
151037,BROWARD COUNTY,Wood
975777,BROWARD COUNTY,Wood
978150,BROWARD COUNTY,Wood
975401,BROWARD COUNTY,Wood
727499,BROWARD COUNTY,Wood
732382,BROWARD COUNTY,Wood
831867,BROWARD COUNTY,Wood
663055,BROWARD COUNTY,Wood
122162,BROWARD COUNTY,Wood
563928,BROWARD COUNTY,Wood
314445,BROWARD COUNTY,Wood
855140,BROWARD COUNTY,Wood
353051,BROWARD COUNTY,Wood
477275,BROWARD COUNTY,Wood
707478,BROWARD COUNTY,Wood
246376,BROWARD COUNTY,Wood
533529,BROWARD COUNTY,Wood
909505,BROWARD COUNTY,Wood
878954,BROWARD COUNTY,Wood
189855,BROWARD COUNTY,Wood
355417,BROWARD COUNTY,Wood
872464,BROWARD COUNTY,Wood
742883,BROWARD COUNTY,Wood
447107,BROWARD COUNTY,Wood
241580,BROWARD COUNTY,Wood
108057,BROWARD COUNTY,Wood
189952,BROWARD COUNTY,Wood
261376,BROWARD COUNTY,Wood
716445,BROWARD COUNTY,Wood
819629,BROWARD COUNTY,Wood
399069,BROWARD COUNTY,Wood
724378,BROWARD COUNTY,Wood
961474,BROWARD COUNTY,Masonry
890017,BROWARD COUNTY,Masonry
687416,BROWARD COUNTY,Wood
594440,BROWARD COUNTY,Wood
616116,BROWARD COUNTY,Wood
675715,BROWARD COUNTY,Wood
759931,BROWARD COUNTY,Wood
355501,BROWARD COUNTY,Wood
152058,BROWARD COUNTY,Wood
591586,BROWARD COUNTY,Wood
894138,BROWARD COUNTY,Wood
278595,BROWARD COUNTY,Wood
464496,BROWARD COUNTY,Wood
935186,BROWARD COUNTY,Wood
498188,BROWARD COUNTY,Wood
745690,BROWARD COUNTY,Wood
844134,BROWARD COUNTY,Wood
458497,BROWARD COUNTY,Wood
346277,BROWARD COUNTY,Wood
795833,BROWARD COUNTY,Wood
400684,BROWARD COUNTY,Wood
216380,BROWARD COUNTY,Wood
839222,BROWARD COUNTY,Wood
210390,BROWARD COUNTY,Reinforced Masonry
646559,BROWARD COUNTY,Wood
459310,BROWARD COUNTY,Wood
462032,BROWARD COUNTY,Wood
882100,BROWARD COUNTY,Wood
490356,BROWARD COUNTY,Wood
235650,BROWARD COUNTY,Wood
513306,BROWARD COUNTY,Wood
937480,BROWARD COUNTY,Masonry
914690,BROWARD COUNTY,Wood
778823,BROWARD COUNTY,Reinforced Masonry
326855,BROWARD COUNTY,Wood
975808,BROWARD COUNTY,Wood
739298,BROWARD COUNTY,Wood
744783,BROWARD COUNTY,Reinforced Masonry
790090,BROWARD COUNTY,Masonry
829776,BROWARD COUNTY,Reinforced Concrete
231336,BROWARD COUNTY,Masonry
639282,BROWARD COUNTY,Reinforced Masonry
253262,BROWARD COUNTY,Wood
708539,BROWARD COUNTY,Masonry
628458,BROWARD COUNTY,Masonry
136660,BROWARD COUNTY,Wood
461862,BROWARD COUNTY,Masonry
620077,BROWARD COUNTY,Reinforced Masonry
175802,BROWARD COUNTY,Masonry
964505,BROWARD COUNTY,Masonry
462932,BROWARD COUNTY,Reinforced Masonry
512995,BROWARD COUNTY,Reinforced Masonry
232126,BROWARD COUNTY,Reinforced Masonry
309455,BROWARD COUNTY,Wood
336783,BROWARD COUNTY,Wood
671728,BROWARD COUNTY,Masonry
282242,BROWARD COUNTY,Masonry
752036,BROWARD COUNTY,Masonry
706782,BROWARD COUNTY,Wood
348054,BROWARD COUNTY,Masonry
993723,BROWARD COUNTY,Wood
587528,BROWARD COUNTY,Reinforced Masonry
723027,BROWARD COUNTY,Masonry
181746,BROWARD COUNTY,Masonry
295266,BROWARD COUNTY,Wood
790127,BROWARD COUNTY,Wood
222449,BROWARD COUNTY,Wood
942237,BROWARD COUNTY,Wood
503650,BROWARD COUNTY,Wood
917148,BROWARD COUNTY,Wood
838103,BROWARD COUNTY,Wood
157325,BROWARD COUNTY,Wood
428601,BROWARD COUNTY,Wood
920681,BROWARD COUNTY,Wood
646048,BROWARD COUNTY,Wood
487092,BROWARD COUNTY,Wood
294522,BROWARD COUNTY,Wood
289522,BROWARD COUNTY,Wood
670386,BROWARD COUNTY,Wood
235352,BROWARD COUNTY,Wood
657901,BROWARD COUNTY,Wood
480861,BROWARD COUNTY,Wood
490961,BROWARD COUNTY,Wood
504658,BROWARD COUNTY,Wood
203168,BROWARD COUNTY,Wood
188009,BROWARD COUNTY,Wood
815763,BROWARD COUNTY,Wood
648434,BROWARD COUNTY,Wood
736051,BROWARD COUNTY,Wood
839923,BROWARD COUNTY,Wood
495325,BROWARD COUNTY,Wood
184521,BROWARD COUNTY,Masonry
173636,BROWARD COUNTY,Wood
803492,BROWARD COUNTY,Wood
989092,BROWARD COUNTY,Wood
837713,BROWARD COUNTY,Wood
174122,BROWARD COUNTY,Reinforced Masonry
938759,BROWARD COUNTY,Reinforced Concrete
464886,BROWARD COUNTY,Wood
798274,BROWARD COUNTY,Wood
848838,BROWARD COUNTY,Wood
622192,BROWARD COUNTY,Wood
368898,BROWARD COUNTY,Wood
481269,BROWARD COUNTY,Wood
449341,BROWARD COUNTY,Wood
973510,BROWARD COUNTY,Wood
421106,BROWARD COUNTY,Wood
807884,BROWARD COUNTY,Wood
102101,BROWARD COUNTY,Wood
985240,BROWARD COUNTY,Wood
303369,BROWARD COUNTY,Wood
630502,BROWARD COUNTY,Wood
120900,BROWARD COUNTY,Wood
293734,BROWARD COUNTY,Wood
273472,BROWARD COUNTY,Wood
215522,BROWARD COUNTY,Wood
972201,BROWARD COUNTY,Wood
972550,BROWARD COUNTY,Wood
194649,BROWARD COUNTY,Wood
503177,BROWARD COUNTY,Wood
576577,BROWARD COUNTY,Masonry
115654,BROWARD COUNTY,Masonry
990413,BROWARD COUNTY,Masonry
578077,BROWARD COUNTY,Masonry
507496,BROWARD COUNTY,Masonry
935204,BROWARD COUNTY,Wood
429754,BROWARD COUNTY,Wood
555750,BROWARD COUNTY,Wood
199139,BROWARD COUNTY,Wood
494746,BROWARD COUNTY,Wood
655227,BROWARD COUNTY,Wood
274431,BROWARD COUNTY,Wood
156298,BROWARD COUNTY,Wood
653679,BROWARD COUNTY,Wood
130330,BROWARD COUNTY,Wood
665210,BROWARD COUNTY,Wood
136985,BROWARD COUNTY,Reinforced Masonry
313649,BROWARD COUNTY,Wood
485845,BROWARD COUNTY,Masonry
550278,BROWARD COUNTY,Wood
686179,BROWARD COUNTY,Masonry
398968,BROWARD COUNTY,Wood
622001,BROWARD COUNTY,Wood
910390,BROWARD COUNTY,Wood
519703,BROWARD COUNTY,Wood
500720,BROWARD COUNTY,Wood
476694,BROWARD COUNTY,Wood
436697,BROWARD COUNTY,Wood
403287,BROWARD COUNTY,Wood
541432,BROWARD COUNTY,Wood
658970,BROWARD COUNTY,Wood
888992,BROWARD COUNTY,Wood
518780,BROWARD COUNTY,Wood
315771,BROWARD COUNTY,Wood
234712,BROWARD COUNTY,Wood
225041,BROWARD COUNTY,Wood
986497,BROWARD COUNTY,Wood
249607,BROWARD COUNTY,Reinforced Masonry
128598,BROWARD COUNTY,Wood
243099,BROWARD COUNTY,Reinforced Masonry
589365,BROWARD COUNTY,Masonry
882161,BROWARD COUNTY,Wood
426502,BROWARD COUNTY,Masonry
130171,BROWARD COUNTY,Wood
297586,BROWARD COUNTY,Reinforced Masonry
531175,BROWARD COUNTY,Masonry
737217,BROWARD COUNTY,Wood
860441,BROWARD COUNTY,Wood
547918,BROWARD COUNTY,Wood
836304,BROWARD COUNTY,Wood
717570,BROWARD COUNTY,Wood
954097,BROWARD COUNTY,Wood
289556,BROWARD COUNTY,Wood
453108,BROWARD COUNTY,Wood
370936,BROWARD COUNTY,Wood
388225,BROWARD COUNTY,Wood
124381,BROWARD COUNTY,Wood
211750,BROWARD COUNTY,Wood
162101,BROWARD COUNTY,Wood
113139,BROWARD COUNTY,Wood
548368,BROWARD COUNTY,Wood
824247,BROWARD COUNTY,Wood
935208,BROWARD COUNTY,Wood
324884,BROWARD COUNTY,Wood
834827,BROWARD COUNTY,Wood
260237,BROWARD COUNTY,Wood
100590,BROWARD COUNTY,Wood
735901,BROWARD COUNTY,Wood
767842,BROWARD COUNTY,Reinforced Masonry
677796,BROWARD COUNTY,Wood
890055,BROWARD COUNTY,Wood
871447,BROWARD COUNTY,Wood
164572,BROWARD COUNTY,Wood
697654,BROWARD COUNTY,Wood
829509,BROWARD COUNTY,Wood
317699,BROWARD COUNTY,Wood
727837,BROWARD COUNTY,Wood
439820,BROWARD COUNTY,Wood
846881,BROWARD COUNTY,Wood
184241,BROWARD COUNTY,Wood
382549,BROWARD COUNTY,Wood
606650,BROWARD COUNTY,Wood
850259,BROWARD COUNTY,Wood
694111,BROWARD COUNTY,Wood
299099,BROWARD COUNTY,Wood
155670,BROWARD COUNTY,Wood
817412,BROWARD COUNTY,Wood
554149,BROWARD COUNTY,Wood
119255,BROWARD COUNTY,Wood
281270,BROWARD COUNTY,Wood
394669,BROWARD COUNTY,Wood
702245,BROWARD COUNTY,Wood
606059,BROWARD COUNTY,Wood
998916,BROWARD COUNTY,Wood
940663,BROWARD COUNTY,Wood
939638,BROWARD COUNTY,Wood
936266,BROWARD COUNTY,Wood
558894,BROWARD COUNTY,Masonry
767597,BROWARD COUNTY,Wood
545519,BROWARD COUNTY,Wood
685400,BROWARD COUNTY,Masonry
230836,BROWARD COUNTY,Wood
976057,BROWARD COUNTY,Wood
659887,BROWARD COUNTY,Wood
565718,BROWARD COUNTY,Wood
102260,BROWARD COUNTY,Masonry
734338,BROWARD COUNTY,Wood
713151,BROWARD COUNTY,Wood
278876,BROWARD COUNTY,Wood
286586,BROWARD COUNTY,Wood
621302,BROWARD COUNTY,Wood
820845,BROWARD COUNTY,Wood
779639,BROWARD COUNTY,Wood
874571,BROWARD COUNTY,Wood
756885,BROWARD COUNTY,Wood
627980,BROWARD COUNTY,Masonry
705508,BROWARD COUNTY,Wood
604540,BROWARD COUNTY,Wood
282022,BROWARD COUNTY,Wood
566663,BROWARD COUNTY,Wood
790437,BROWARD COUNTY,Wood
548920,BROWARD COUNTY,Masonry
695662,BROWARD COUNTY,Wood
871764,BROWARD COUNTY,Wood
642387,BROWARD COUNTY,Wood
232715,BROWARD COUNTY,Wood
248383,BROWARD COUNTY,Wood
471373,BROWARD COUNTY,Wood
826097,BROWARD COUNTY,Wood
795027,BROWARD COUNTY,Wood
944837,BROWARD COUNTY,Wood
616513,BROWARD COUNTY,Wood
933264,BROWARD COUNTY,Wood
349536,BROWARD COUNTY,Wood
830717,BROWARD COUNTY,Wood
365582,BROWARD COUNTY,Wood
972139,BROWARD COUNTY,Wood
745609,BROWARD COUNTY,Masonry
124900,BROWARD COUNTY,Masonry
832677,BROWARD COUNTY,Wood
997740,BROWARD COUNTY,Wood
872287,BROWARD COUNTY,Masonry
279288,BROWARD COUNTY,Wood
474626,BROWARD COUNTY,Reinforced Concrete
665866,BROWARD COUNTY,Reinforced Masonry
585036,BROWARD COUNTY,Reinforced Concrete
565722,BROWARD COUNTY,Masonry
247871,BROWARD COUNTY,Masonry
648908,BROWARD COUNTY,Masonry
152034,BROWARD COUNTY,Masonry
873033,BROWARD COUNTY,Masonry
884092,BROWARD COUNTY,Masonry
659158,BROWARD COUNTY,Masonry
495797,BROWARD COUNTY,Masonry
356006,BROWARD COUNTY,Masonry
542866,BROWARD COUNTY,Masonry
852102,BROWARD COUNTY,Masonry
474100,BROWARD COUNTY,Masonry
465417,BROWARD COUNTY,Reinforced Masonry
708448,BROWARD COUNTY,Wood
206525,BROWARD COUNTY,Masonry
322645,BROWARD COUNTY,Masonry
933603,BROWARD COUNTY,Masonry
512707,BROWARD COUNTY,Wood
230778,BROWARD COUNTY,Wood
483876,BROWARD COUNTY,Wood
433225,BROWARD COUNTY,Masonry
969543,BROWARD COUNTY,Wood
921631,BROWARD COUNTY,Wood
427771,BROWARD COUNTY,Wood
931386,BROWARD COUNTY,Wood
356084,BROWARD COUNTY,Wood
305018,BROWARD COUNTY,Wood
331708,BROWARD COUNTY,Wood
345016,BROWARD COUNTY,Wood
779158,BROWARD COUNTY,Masonry
249906,BROWARD COUNTY,Wood
196152,BROWARD COUNTY,Wood
970520,BROWARD COUNTY,Wood
257835,BROWARD COUNTY,Wood
566986,BROWARD COUNTY,Wood
763562,BROWARD COUNTY,Masonry
979497,BROWARD COUNTY,Wood
348521,BROWARD COUNTY,Masonry
161799,BROWARD COUNTY,Wood
164473,BROWARD COUNTY,Wood
894805,BROWARD COUNTY,Masonry
988651,BROWARD COUNTY,Wood
779774,BROWARD COUNTY,Wood
219432,BROWARD COUNTY,Wood
200027,BROWARD COUNTY,Wood
723605,BROWARD COUNTY,Wood
295873,BROWARD COUNTY,Wood
557888,BROWARD COUNTY,Wood
637654,BROWARD COUNTY,Wood
537649,BROWARD COUNTY,Wood
422221,BROWARD COUNTY,Wood
406335,BROWARD COUNTY,Wood
710057,BROWARD COUNTY,Wood
464666,BROWARD COUNTY,Wood
546213,BROWARD COUNTY,Wood
479242,BROWARD COUNTY,Wood
554988,BROWARD COUNTY,Wood
284086,BROWARD COUNTY,Wood
101315,BROWARD COUNTY,Masonry
929229,BROWARD COUNTY,Wood
594810,BROWARD COUNTY,Wood
321741,BROWARD COUNTY,Wood
539618,BROWARD COUNTY,Wood
314685,BROWARD COUNTY,Wood
879415,BROWARD COUNTY,Wood
967942,BROWARD COUNTY,Wood
365589,BROWARD COUNTY,Wood
759746,BROWARD COUNTY,Wood
374842,BROWARD COUNTY,Wood
124012,BROWARD COUNTY,Wood
305472,BROWARD COUNTY,Wood
730224,BROWARD COUNTY,Wood
265107,BROWARD COUNTY,Wood
998526,BROWARD COUNTY,Wood
458761,BROWARD COUNTY,Wood
122138,BROWARD COUNTY,Wood
315078,BROWARD COUNTY,Wood
751762,BROWARD COUNTY,Wood
965073,BROWARD COUNTY,Wood
642772,BROWARD COUNTY,Wood
570276,BROWARD COUNTY,Wood
400503,BROWARD COUNTY,Wood
734535,BROWARD COUNTY,Wood
795185,BROWARD COUNTY,Wood
249790,BROWARD COUNTY,Wood
396390,BROWARD COUNTY,Wood
346640,BROWARD COUNTY,Wood
821957,BROWARD COUNTY,Wood
633282,BROWARD COUNTY,Wood
727377,BROWARD COUNTY,Wood
559864,BROWARD COUNTY,Wood
907241,BROWARD COUNTY,Wood
874422,BROWARD COUNTY,Masonry
788056,BROWARD COUNTY,Masonry
718368,BROWARD COUNTY,Wood
252027,BROWARD COUNTY,Masonry
569708,BROWARD COUNTY,Reinforced Masonry
325911,BROWARD COUNTY,Reinforced Concrete
877808,BROWARD COUNTY,Reinforced Masonry
551024,BROWARD COUNTY,Masonry
335045,BROWARD COUNTY,Masonry
818421,BROWARD COUNTY,Masonry
129266,BROWARD COUNTY,Wood
943860,BROWARD COUNTY,Wood
692789,BROWARD COUNTY,Reinforced Masonry
338196,BROWARD COUNTY,Steel Frame
326878,BROWARD COUNTY,Reinforced Masonry
683032,BROWARD COUNTY,Wood
409118,BROWARD COUNTY,Wood
548392,BROWARD COUNTY,Wood
919369,BROWARD COUNTY,Wood
897124,BROWARD COUNTY,Steel Frame
220890,BROWARD COUNTY,Reinforced Masonry
102049,BROWARD COUNTY,Reinforced Masonry
876471,BROWARD COUNTY,Masonry
875069,BROWARD COUNTY,Wood
381402,BROWARD COUNTY,Reinforced Masonry
582609,BROWARD COUNTY,Reinforced Concrete
368988,BROWARD COUNTY,Masonry
523100,BROWARD COUNTY,Reinforced Masonry
823614,BROWARD COUNTY,Reinforced Masonry
985870,PALM BEACH COUNTY,Reinforced Concrete
584816,PALM BEACH COUNTY,Reinforced Masonry
451513,PALM BEACH COUNTY,Reinforced Concrete
435010,PALM BEACH COUNTY,Reinforced Concrete
688723,PALM BEACH COUNTY,Reinforced Masonry
996407,PALM BEACH COUNTY,Wood
148295,PALM BEACH COUNTY,Reinforced Masonry
192006,PALM BEACH COUNTY,Reinforced Concrete
902244,PALM BEACH COUNTY,Steel Frame
665114,PALM BEACH COUNTY,Reinforced Concrete
241234,PALM BEACH COUNTY,Reinforced Masonry
885108,PALM BEACH COUNTY,Reinforced Concrete
788948,PALM BEACH COUNTY,Reinforced Masonry
314637,PALM BEACH COUNTY,Reinforced Masonry
153742,PALM BEACH COUNTY,Reinforced Masonry
826953,PALM BEACH COUNTY,Masonry
482734,PALM BEACH COUNTY,Reinforced Masonry
426529,PALM BEACH COUNTY,Masonry
383031,PALM BEACH COUNTY,Masonry
605229,PALM BEACH COUNTY,Masonry
771852,PALM BEACH COUNTY,Wood
491266,PALM BEACH COUNTY,Wood
750217,PALM BEACH COUNTY,Wood
891534,PALM BEACH COUNTY,Wood
721493,PALM BEACH COUNTY,Wood
504803,PALM BEACH COUNTY,Wood
629867,PALM BEACH COUNTY,Wood
683056,PALM BEACH COUNTY,Wood
268242,PALM BEACH COUNTY,Wood
700093,PALM BEACH COUNTY,Wood
840387,PALM BEACH COUNTY,Wood
578901,PALM BEACH COUNTY,Wood
499802,PALM BEACH COUNTY,Wood
158544,PALM BEACH COUNTY,Masonry
894744,PALM BEACH COUNTY,Wood
993418,PALM BEACH COUNTY,Reinforced Masonry
494995,PALM BEACH COUNTY,Reinforced Masonry
202339,PALM BEACH COUNTY,Masonry
136314,PALM BEACH COUNTY,Reinforced Concrete
674712,PALM BEACH COUNTY,Reinforced Masonry
479168,PALM BEACH COUNTY,Masonry
529002,PALM BEACH COUNTY,Masonry
772465,PALM BEACH COUNTY,Reinforced Masonry
735819,PALM BEACH COUNTY,Reinforced Masonry
117409,PALM BEACH COUNTY,Wood
865305,PALM BEACH COUNTY,Wood
233531,PALM BEACH COUNTY,Reinforced Masonry
424523,PALM BEACH COUNTY,Wood
110566,PALM BEACH COUNTY,Steel Frame
568355,PALM BEACH COUNTY,Masonry
647791,PALM BEACH COUNTY,Reinforced Masonry
368151,PALM BEACH COUNTY,Reinforced Concrete
449994,PALM BEACH COUNTY,Wood
902817,PALM BEACH COUNTY,Wood
662535,PALM BEACH COUNTY,Wood
793307,PALM BEACH COUNTY,Wood
212201,PALM BEACH COUNTY,Reinforced Masonry
572770,PALM BEACH COUNTY,Reinforced Concrete
329739,PALM BEACH COUNTY,Reinforced Concrete
525788,PALM BEACH COUNTY,Wood
882833,PALM BEACH COUNTY,Reinforced Concrete
735260,PALM BEACH COUNTY,Masonry
622169,PALM BEACH COUNTY,Reinforced Concrete
198485,PALM BEACH COUNTY,Reinforced Masonry
659386,PALM BEACH COUNTY,Reinforced Concrete
615692,PALM BEACH COUNTY,Reinforced Masonry
278547,PALM BEACH COUNTY,Masonry
326078,PALM BEACH COUNTY,Masonry
948666,PALM BEACH COUNTY,Wood
248494,PALM BEACH COUNTY,Masonry
876443,PALM BEACH COUNTY,Masonry
417793,PALM BEACH COUNTY,Masonry
429115,PALM BEACH COUNTY,Masonry
853527,PALM BEACH COUNTY,Masonry
673525,PALM BEACH COUNTY,Masonry
416285,PALM BEACH COUNTY,Masonry
293754,PALM BEACH COUNTY,Masonry
161203,PALM BEACH COUNTY,Masonry
988765,PALM BEACH COUNTY,Wood
713771,PALM BEACH COUNTY,Wood
404371,PALM BEACH COUNTY,Wood
568279,PALM BEACH COUNTY,Wood
941977,PALM BEACH COUNTY,Wood
429038,PALM BEACH COUNTY,Wood
171566,PALM BEACH COUNTY,Wood
606269,PALM BEACH COUNTY,Reinforced Concrete
814620,PALM BEACH COUNTY,Wood
741093,PALM BEACH COUNTY,Wood
864272,PALM BEACH COUNTY,Wood
176292,PALM BEACH COUNTY,Wood
401737,PALM BEACH COUNTY,Masonry
653264,PALM BEACH COUNTY,Reinforced Masonry
996300,PALM BEACH COUNTY,Wood
341027,PALM BEACH COUNTY,Reinforced Masonry
528329,PALM BEACH COUNTY,Reinforced Masonry
275348,PALM BEACH COUNTY,Reinforced Masonry
190295,PALM BEACH COUNTY,Wood
236548,PALM BEACH COUNTY,Wood
417386,PALM BEACH COUNTY,Wood
641023,PALM BEACH COUNTY,Wood
843339,PALM BEACH COUNTY,Masonry
454555,PALM BEACH COUNTY,Reinforced Masonry
614495,PALM BEACH COUNTY,Wood
887771,PALM BEACH COUNTY,Reinforced Concrete
593422,PALM BEACH COUNTY,Reinforced Concrete
653707,PALM BEACH COUNTY,Reinforced Masonry
968462,PALM BEACH COUNTY,Masonry
718276,PALM BEACH COUNTY,Masonry
113662,PALM BEACH COUNTY,Masonry
568966,PALM BEACH COUNTY,Wood
635413,PALM BEACH COUNTY,Wood
610664,PALM BEACH COUNTY,Reinforced Masonry
861990,PALM BEACH COUNTY,Wood
488607,PALM BEACH COUNTY,Wood
263328,PALM BEACH COUNTY,Masonry
749054,PALM BEACH COUNTY,Reinforced Concrete
946709,PALM BEACH COUNTY,Masonry
798417,PALM BEACH COUNTY,Masonry
716341,PALM BEACH COUNTY,Wood
983196,PALM BEACH COUNTY,Wood
172064,PALM BEACH COUNTY,Masonry
452477,PALM BEACH COUNTY,Masonry
908720,PALM BEACH COUNTY,Masonry
997044,PALM BEACH COUNTY,Masonry
585225,PALM BEACH COUNTY,Reinforced Masonry
387105,PALM BEACH COUNTY,Masonry
775016,PALM BEACH COUNTY,Wood
786632,PALM BEACH COUNTY,Wood
757507,PALM BEACH COUNTY,Wood
459397,PALM BEACH COUNTY,Wood
994854,PALM BEACH COUNTY,Wood
118929,PALM BEACH COUNTY,Reinforced Concrete
811325,PALM BEACH COUNTY,Masonry
233853,PALM BEACH COUNTY,Masonry
648017,PALM BEACH COUNTY,Reinforced Masonry
350973,PALM BEACH COUNTY,Masonry
193463,PALM BEACH COUNTY,Masonry
211411,PALM BEACH COUNTY,Reinforced Masonry
833458,PALM BEACH COUNTY,Wood
635416,PALM BEACH COUNTY,Wood
517695,PALM BEACH COUNTY,Wood
247399,PALM BEACH COUNTY,Masonry
428854,PALM BEACH COUNTY,Wood
898513,PALM BEACH COUNTY,Wood
558962,PALM BEACH COUNTY,Wood
390311,PALM BEACH COUNTY,Wood
996253,PALM BEACH COUNTY,Wood
684472,PALM BEACH COUNTY,Masonry
905389,PALM BEACH COUNTY,Reinforced Masonry
554766,PALM BEACH COUNTY,Wood
514282,PALM BEACH COUNTY,Wood
658602,PALM BEACH COUNTY,Reinforced Masonry
837323,PALM BEACH COUNTY,Wood
460753,PALM BEACH COUNTY,Wood
206776,PALM BEACH COUNTY,Wood
277091,PALM BEACH COUNTY,Wood
288691,PALM BEACH COUNTY,Wood
848246,PALM BEACH COUNTY,Wood
203308,PALM BEACH COUNTY,Wood
842551,PALM BEACH COUNTY,Wood
123835,PALM BEACH COUNTY,Masonry
474199,PALM BEACH COUNTY,Masonry
752113,PALM BEACH COUNTY,Reinforced Concrete
590638,PALM BEACH COUNTY,Masonry
434312,PALM BEACH COUNTY,Masonry
942208,PALM BEACH COUNTY,Masonry
874220,PALM BEACH COUNTY,Reinforced Masonry
528763,PALM BEACH COUNTY,Masonry
549958,PALM BEACH COUNTY,Reinforced Masonry
444841,PALM BEACH COUNTY,Steel Frame
313150,PALM BEACH COUNTY,Masonry
308035,PALM BEACH COUNTY,Reinforced Masonry
509301,PALM BEACH COUNTY,Masonry
706846,PALM BEACH COUNTY,Masonry
222238,PALM BEACH COUNTY,Masonry
805531,PALM BEACH COUNTY,Masonry
162290,PALM BEACH COUNTY,Reinforced Masonry
435828,PALM BEACH COUNTY,Reinforced Masonry
759155,PALM BEACH COUNTY,Masonry
913528,PALM BEACH COUNTY,Wood
507504,PALM BEACH COUNTY,Reinforced Masonry
624521,PALM BEACH COUNTY,Masonry
808887,PALM BEACH COUNTY,Masonry
404666,PALM BEACH COUNTY,Masonry
634651,PALM BEACH COUNTY,Reinforced Masonry
681855,PALM BEACH COUNTY,Masonry
162744,PALM BEACH COUNTY,Masonry
674214,PALM BEACH COUNTY,Wood
397100,PALM BEACH COUNTY,Reinforced Masonry
714195,PALM BEACH COUNTY,Reinforced Concrete
113955,PALM BEACH COUNTY,Wood
751263,PALM BEACH COUNTY,Wood
640424,PALM BEACH COUNTY,Reinforced Masonry
887505,PALM BEACH COUNTY,Reinforced Concrete
969093,PALM BEACH COUNTY,Wood
511510,PALM BEACH COUNTY,Wood
325008,PALM BEACH COUNTY,Wood
419855,PALM BEACH COUNTY,Masonry
353239,PALM BEACH COUNTY,Wood
990314,PALM BEACH COUNTY,Masonry
455374,PALM BEACH COUNTY,Masonry
228639,PALM BEACH COUNTY,Wood
694457,PALM BEACH COUNTY,Wood
976910,PALM BEACH COUNTY,Wood
519506,PALM BEACH COUNTY,Masonry
209249,PALM BEACH COUNTY,Masonry
614688,PALM BEACH COUNTY,Masonry
879964,PALM BEACH COUNTY,Reinforced Masonry
444595,PALM BEACH COUNTY,Wood
692998,PALM BEACH COUNTY,Wood
963648,PALM BEACH COUNTY,Wood
704516,PALM BEACH COUNTY,Wood
939194,PALM BEACH COUNTY,Wood
345078,PALM BEACH COUNTY,Reinforced Concrete
890105,PALM BEACH COUNTY,Wood
908938,PALM BEACH COUNTY,Wood
988694,PALM BEACH COUNTY,Reinforced Concrete
366013,PALM BEACH COUNTY,Reinforced Concrete
652433,PALM BEACH COUNTY,Wood
527263,PALM BEACH COUNTY,Wood
466600,PALM BEACH COUNTY,Wood
473156,PALM BEACH COUNTY,Wood
516211,PALM BEACH COUNTY,Wood
316730,PALM BEACH COUNTY,Masonry
308672,PALM BEACH COUNTY,Masonry
751333,PALM BEACH COUNTY,Wood
181422,PALM BEACH COUNTY,Masonry
596953,PALM BEACH COUNTY,Wood
285419,PALM BEACH COUNTY,Wood
361777,PALM BEACH COUNTY,Wood
836201,PALM BEACH COUNTY,Reinforced Masonry
104386,PALM BEACH COUNTY,Masonry
857647,PALM BEACH COUNTY,Wood
534176,PALM BEACH COUNTY,Masonry
378854,PALM BEACH COUNTY,Masonry
353979,PALM BEACH COUNTY,Masonry
124014,PALM BEACH COUNTY,Wood
911777,PALM BEACH COUNTY,Wood
886567,PALM BEACH COUNTY,Wood
908491,PALM BEACH COUNTY,Wood
583920,PALM BEACH COUNTY,Wood
216186,PALM BEACH COUNTY,Wood
217284,PALM BEACH COUNTY,Wood
839028,PALM BEACH COUNTY,Wood
746122,PALM BEACH COUNTY,Masonry
670601,PALM BEACH COUNTY,Wood
884928,PALM BEACH COUNTY,Wood
511748,PALM BEACH COUNTY,Masonry
556989,PALM BEACH COUNTY,Reinforced Concrete
378310,PALM BEACH COUNTY,Reinforced Masonry
520306,PALM BEACH COUNTY,Masonry
615195,PALM BEACH COUNTY,Reinforced Concrete
998545,PALM BEACH COUNTY,Wood
106560,PALM BEACH COUNTY,Masonry
450792,PALM BEACH COUNTY,Masonry
425775,PALM BEACH COUNTY,Masonry
329353,PALM BEACH COUNTY,Wood
869705,PALM BEACH COUNTY,Masonry
226634,PALM BEACH COUNTY,Wood
654333,PALM BEACH COUNTY,Wood
363618,PALM BEACH COUNTY,Wood
806418,PALM BEACH COUNTY,Masonry
995368,PALM BEACH COUNTY,Masonry
777556,PALM BEACH COUNTY,Masonry
839867,PALM BEACH COUNTY,Wood
672259,PALM BEACH COUNTY,Wood
243426,PALM BEACH COUNTY,Masonry
701220,PALM BEACH COUNTY,Masonry
196073,PALM BEACH COUNTY,Masonry
141000,PALM BEACH COUNTY,Masonry
919226,PALM BEACH COUNTY,Masonry
232939,PALM BEACH COUNTY,Reinforced Masonry
220206,PALM BEACH COUNTY,Wood
284158,PALM BEACH COUNTY,Reinforced Masonry
541588,PALM BEACH COUNTY,Masonry
306012,PALM BEACH COUNTY,Wood
593735,PALM BEACH COUNTY,Reinforced Masonry
265259,PALM BEACH COUNTY,Reinforced Masonry
938006,PALM BEACH COUNTY,Reinforced Masonry
132948,PALM BEACH COUNTY,Wood
687418,PALM BEACH COUNTY,Reinforced Masonry
846199,PALM BEACH COUNTY,Reinforced Masonry
878696,PALM BEACH COUNTY,Wood
591550,PALM BEACH COUNTY,Wood
199627,PALM BEACH COUNTY,Masonry
706028,PALM BEACH COUNTY,Reinforced Masonry
671058,PALM BEACH COUNTY,Masonry
827094,PALM BEACH COUNTY,Wood
836818,PALM BEACH COUNTY,Masonry
194469,PALM BEACH COUNTY,Wood
262587,PALM BEACH COUNTY,Wood
331228,PALM BEACH COUNTY,Wood
758039,PALM BEACH COUNTY,Wood
452711,PALM BEACH COUNTY,Wood
337562,PALM BEACH COUNTY,Masonry
526561,PALM BEACH COUNTY,Reinforced Masonry
838258,PALM BEACH COUNTY,Masonry
507746,PALM BEACH COUNTY,Masonry
450948,PALM BEACH COUNTY,Reinforced Masonry
510308,PALM BEACH COUNTY,Masonry
232929,PALM BEACH COUNTY,Masonry
585503,PALM BEACH COUNTY,Reinforced Concrete
456755,PALM BEACH COUNTY,Reinforced Masonry
953774,PALM BEACH COUNTY,Reinforced Masonry
759373,PALM BEACH COUNTY,Masonry
773147,PALM BEACH COUNTY,Wood
548815,PALM BEACH COUNTY,Reinforced Concrete
759069,PALM BEACH COUNTY,Masonry
104132,PALM BEACH COUNTY,Masonry
436403,PALM BEACH COUNTY,Reinforced Masonry
164450,PALM BEACH COUNTY,Masonry
628611,PALM BEACH COUNTY,Wood
339904,PALM BEACH COUNTY,Wood
600967,PALM BEACH COUNTY,Wood
622523,PALM BEACH COUNTY,Wood
909625,PALM BEACH COUNTY,Masonry
384982,PALM BEACH COUNTY,Masonry
266530,PALM BEACH COUNTY,Wood
537195,PALM BEACH COUNTY,Wood
755610,PALM BEACH COUNTY,Masonry
457090,PALM BEACH COUNTY,Masonry
422550,PALM BEACH COUNTY,Wood
127714,PALM BEACH COUNTY,Wood
480789,PALM BEACH COUNTY,Wood
907691,PALM BEACH COUNTY,Reinforced Concrete
665296,PALM BEACH COUNTY,Masonry
424887,PALM BEACH COUNTY,Masonry
375765,PALM BEACH COUNTY,Wood
437439,PALM BEACH COUNTY,Wood
435768,PALM BEACH COUNTY,Wood
850889,PALM BEACH COUNTY,Wood
115338,PALM BEACH COUNTY,Masonry
706843,PALM BEACH COUNTY,Masonry
956963,PALM BEACH COUNTY,Masonry
992621,PALM BEACH COUNTY,Masonry
382589,PALM BEACH COUNTY,Masonry
984533,PALM BEACH COUNTY,Masonry
630756,PALM BEACH COUNTY,Wood
418447,PALM BEACH COUNTY,Wood
910135,PALM BEACH COUNTY,Wood
606930,PALM BEACH COUNTY,Wood
850239,PALM BEACH COUNTY,Wood
223533,PALM BEACH COUNTY,Reinforced Masonry
311978,PALM BEACH COUNTY,Wood
453483,PALM BEACH COUNTY,Reinforced Concrete
549209,PALM BEACH COUNTY,Reinforced Concrete
715125,PALM BEACH COUNTY,Reinforced Concrete
653598,PALM BEACH COUNTY,Steel Frame
549631,PALM BEACH COUNTY,Masonry
251892,PALM BEACH COUNTY,Reinforced Masonry
835364,PALM BEACH COUNTY,Masonry
346152,PALM BEACH COUNTY,Wood
855370,PALM BEACH COUNTY,Wood
217483,PALM BEACH COUNTY,Wood
613397,PALM BEACH COUNTY,Masonry
320787,PALM BEACH COUNTY,Wood
572618,PALM BEACH COUNTY,Wood
161944,PALM BEACH COUNTY,Wood
944969,PALM BEACH COUNTY,Wood
945181,PALM BEACH COUNTY,Wood
935771,PALM BEACH COUNTY,Masonry
836448,PALM BEACH COUNTY,Masonry
303527,PALM BEACH COUNTY,Masonry
679882,PALM BEACH COUNTY,Masonry
214225,PALM BEACH COUNTY,Wood
330270,PALM BEACH COUNTY,Wood
446851,PALM BEACH COUNTY,Wood
641720,PALM BEACH COUNTY,Wood
706114,PALM BEACH COUNTY,Masonry
242891,PALM BEACH COUNTY,Masonry
547248,PALM BEACH COUNTY,Reinforced Masonry
491914,PALM BEACH COUNTY,Wood
995209,PALM BEACH COUNTY,Wood
725327,PALM BEACH COUNTY,Reinforced Masonry
637794,PALM BEACH COUNTY,Reinforced Concrete
134976,PALM BEACH COUNTY,Reinforced Concrete
458465,PALM BEACH COUNTY,Reinforced Masonry
439810,PALM BEACH COUNTY,Masonry
665789,PALM BEACH COUNTY,Wood
308246,PALM BEACH COUNTY,Wood
799923,PALM BEACH COUNTY,Wood
803010,PALM BEACH COUNTY,Wood
401928,PALM BEACH COUNTY,Masonry
750553,PALM BEACH COUNTY,Wood
677588,PALM BEACH COUNTY,Masonry
407796,PALM BEACH COUNTY,Masonry
217936,PALM BEACH COUNTY,Reinforced Concrete
954776,PALM BEACH COUNTY,Masonry
702559,PALM BEACH COUNTY,Wood
995090,PALM BEACH COUNTY,Reinforced Concrete
480656,PALM BEACH COUNTY,Reinforced Concrete
922704,PALM BEACH COUNTY,Masonry
852852,PALM BEACH COUNTY,Masonry
589233,PALM BEACH COUNTY,Masonry
226139,PALM BEACH COUNTY,Reinforced Concrete
581184,PALM BEACH COUNTY,Reinforced Masonry
597128,PALM BEACH COUNTY,Reinforced Concrete
121564,PALM BEACH COUNTY,Wood
760692,PALM BEACH COUNTY,Wood
594597,PALM BEACH COUNTY,Wood
479061,PALM BEACH COUNTY,Steel Frame
562100,PALM BEACH COUNTY,Reinforced Masonry
490662,PALM BEACH COUNTY,Masonry
141015,PALM BEACH COUNTY,Masonry
884943,PALM BEACH COUNTY,Masonry
497410,PALM BEACH COUNTY,Masonry
802926,PALM BEACH COUNTY,Masonry
941866,PALM BEACH COUNTY,Masonry
960533,PALM BEACH COUNTY,Masonry
387601,PALM BEACH COUNTY,Masonry
235393,PALM BEACH COUNTY,Wood
772629,PALM BEACH COUNTY,Reinforced Concrete
892956,PALM BEACH COUNTY,Reinforced Masonry
201569,PALM BEACH COUNTY,Reinforced Concrete
205217,PALM BEACH COUNTY,Masonry
263262,PALM BEACH COUNTY,Reinforced Masonry
523054,PALM BEACH COUNTY,Wood
592481,PALM BEACH COUNTY,Masonry
757129,PALM BEACH COUNTY,Wood
445325,PALM BEACH COUNTY,Wood
572022,PALM BEACH COUNTY,Wood
941823,PALM BEACH COUNTY,Wood
326964,PALM BEACH COUNTY,Wood
288390,PALM BEACH COUNTY,Wood
130654,PALM BEACH COUNTY,Wood
891346,PALM BEACH COUNTY,Wood
797138,PALM BEACH COUNTY,Wood
812607,PALM BEACH COUNTY,Wood
444142,PALM BEACH COUNTY,Wood
352176,PALM BEACH COUNTY,Wood
506663,PALM BEACH COUNTY,Wood
658052,PALM BEACH COUNTY,Wood
668817,PALM BEACH COUNTY,Wood
475060,PALM BEACH COUNTY,Wood
343440,PALM BEACH COUNTY,Wood
189907,PALM BEACH COUNTY,Wood
766920,PALM BEACH COUNTY,Reinforced Concrete
388511,PALM BEACH COUNTY,Reinforced Masonry
125621,PALM BEACH COUNTY,Wood
405540,PALM BEACH COUNTY,Wood
414146,PALM BEACH COUNTY,Wood
192716,PALM BEACH COUNTY,Reinforced Masonry
546402,PALM BEACH COUNTY,Wood
379983,PALM BEACH COUNTY,Wood
667149,PALM BEACH COUNTY,Masonry
662103,PALM BEACH COUNTY,Wood
416062,PALM BEACH COUNTY,Wood
172102,PALM BEACH COUNTY,Reinforced Masonry
264183,PALM BEACH COUNTY,Reinforced Masonry
886582,PALM BEACH COUNTY,Wood
460927,PALM BEACH COUNTY,Masonry
393850,PALM BEACH COUNTY,Reinforced Masonry
275398,PALM BEACH COUNTY,Reinforced Concrete
500145,PALM BEACH COUNTY,Reinforced Masonry
375367,PALM BEACH COUNTY,Reinforced Masonry
515029,PALM BEACH COUNTY,Reinforced Masonry
588052,PALM BEACH COUNTY,Masonry
326292,PALM BEACH COUNTY,Masonry
899169,PALM BEACH COUNTY,Wood
305250,PALM BEACH COUNTY,Reinforced Masonry
492295,PALM BEACH COUNTY,Wood
865910,PALM BEACH COUNTY,Wood
704250,PALM BEACH COUNTY,Masonry
296488,PALM BEACH COUNTY,Wood
937829,PALM BEACH COUNTY,Wood
368906,PALM BEACH COUNTY,Wood
934474,PALM BEACH COUNTY,Wood
680993,PALM BEACH COUNTY,Masonry
190115,PALM BEACH COUNTY,Wood
734433,PALM BEACH COUNTY,Wood
857382,PALM BEACH COUNTY,Wood
431027,PALM BEACH COUNTY,Wood
146018,PALM BEACH COUNTY,Masonry
499223,PALM BEACH COUNTY,Wood
278895,PALM BEACH COUNTY,Wood
629613,PALM BEACH COUNTY,Wood
980157,PALM BEACH COUNTY,Wood
750253,PALM BEACH COUNTY,Wood
660020,PALM BEACH COUNTY,Wood
488614,PALM BEACH COUNTY,Wood
908895,PALM BEACH COUNTY,Wood
721681,PALM BEACH COUNTY,Wood
489373,PALM BEACH COUNTY,Wood
860966,PALM BEACH COUNTY,Wood
126758,PALM BEACH COUNTY,Wood
533143,PALM BEACH COUNTY,Wood
135545,PALM BEACH COUNTY,Wood
594630,PALM BEACH COUNTY,Wood
646981,PALM BEACH COUNTY,Wood
682745,PALM BEACH COUNTY,Masonry
684040,PALM BEACH COUNTY,Wood
697991,PALM BEACH COUNTY,Wood
510029,PALM BEACH COUNTY,Wood
276628,PALM BEACH COUNTY,Wood
183646,PALM BEACH COUNTY,Wood
137163,PALM BEACH COUNTY,Wood
235246,PALM BEACH COUNTY,Masonry
356999,PALM BEACH COUNTY,Wood
845662,PALM BEACH COUNTY,Wood
362315,PALM BEACH COUNTY,Wood
947364,PALM BEACH COUNTY,Wood
109244,PALM BEACH COUNTY,Wood
537750,PALM BEACH COUNTY,Wood
977960,PALM BEACH COUNTY,Wood
341984,PALM BEACH COUNTY,Wood
732148,PALM BEACH COUNTY,Wood
181610,PALM BEACH COUNTY,Wood
374960,PALM BEACH COUNTY,Wood
642503,PALM BEACH COUNTY,Wood
922451,PALM BEACH COUNTY,Wood
811511,PALM BEACH COUNTY,Wood
823490,PALM BEACH COUNTY,Wood
454495,PALM BEACH COUNTY,Steel Frame
693264,PALM BEACH COUNTY,Masonry
103129,PALM BEACH COUNTY,Reinforced Concrete
577054,PALM BEACH COUNTY,Wood
831586,PALM BEACH COUNTY,Wood
424172,PALM BEACH COUNTY,Wood
555954,PALM BEACH COUNTY,Wood
273498,PALM BEACH COUNTY,Wood
189865,PALM BEACH COUNTY,Wood
660797,PALM BEACH COUNTY,Wood
298222,PALM BEACH COUNTY,Wood
270554,PALM BEACH COUNTY,Wood
517671,PALM BEACH COUNTY,Wood
852184,PALM BEACH COUNTY,Wood
676776,PALM BEACH COUNTY,Wood
271597,PALM BEACH COUNTY,Wood
883785,PALM BEACH COUNTY,Wood
690751,PALM BEACH COUNTY,Wood
890999,PALM BEACH COUNTY,Reinforced Masonry
367319,PALM BEACH COUNTY,Masonry
703333,PALM BEACH COUNTY,Masonry
730627,PALM BEACH COUNTY,Masonry
593147,PALM BEACH COUNTY,Masonry
693869,PALM BEACH COUNTY,Wood
233641,PALM BEACH COUNTY,Wood
816574,PALM BEACH COUNTY,Reinforced Masonry
408370,PALM BEACH COUNTY,Wood
558949,PALM BEACH COUNTY,Wood
717819,PALM BEACH COUNTY,Wood
747309,PALM BEACH COUNTY,Wood
400753,PALM BEACH COUNTY,Wood
463780,PALM BEACH COUNTY,Masonry
426758,PALM BEACH COUNTY,Masonry
730330,PALM BEACH COUNTY,Wood
245397,PALM BEACH COUNTY,Wood
131577,PALM BEACH COUNTY,Wood
338595,PALM BEACH COUNTY,Wood
180323,PALM BEACH COUNTY,Wood
891803,PALM BEACH COUNTY,Wood
381277,PALM BEACH COUNTY,Wood
792213,PALM BEACH COUNTY,Wood
831621,PALM BEACH COUNTY,Wood
971501,PALM BEACH COUNTY,Reinforced Concrete
855055,PALM BEACH COUNTY,Wood
432049,PALM BEACH COUNTY,Wood
331860,PALM BEACH COUNTY,Wood
797206,PALM BEACH COUNTY,Wood
781146,PALM BEACH COUNTY,Wood
440495,PALM BEACH COUNTY,Reinforced Concrete
617035,PALM BEACH COUNTY,Reinforced Masonry
329404,PALM BEACH COUNTY,Wood
254881,PALM BEACH COUNTY,Wood
706807,PALM BEACH COUNTY,Wood
895342,PALM BEACH COUNTY,Wood
827459,PALM BEACH COUNTY,Wood
280237,PALM BEACH COUNTY,Reinforced Masonry
509552,PALM BEACH COUNTY,Reinforced Concrete
827708,PALM BEACH COUNTY,Wood
563944,PALM BEACH COUNTY,Wood
415126,PALM BEACH COUNTY,Wood
648200,PALM BEACH COUNTY,Wood
483686,PALM BEACH COUNTY,Wood
189043,PALM BEACH COUNTY,Reinforced Concrete
789521,PALM BEACH COUNTY,Masonry
696257,PALM BEACH COUNTY,Wood
403813,PALM BEACH COUNTY,Wood
458205,PALM BEACH COUNTY,Reinforced Masonry
565318,PALM BEACH COUNTY,Reinforced Masonry
246886,PALM BEACH COUNTY,Wood
117693,PALM BEACH COUNTY,Wood
942117,PALM BEACH COUNTY,Masonry
148326,PALM BEACH COUNTY,Masonry
504543,PALM BEACH COUNTY,Wood
568380,PALM BEACH COUNTY,Wood
887874,PALM BEACH COUNTY,Wood
196710,PALM BEACH COUNTY,Wood
133725,PALM BEACH COUNTY,Wood
480505,PALM BEACH COUNTY,Reinforced Concrete
684330,PALM BEACH COUNTY,Wood
593321,PALM BEACH COUNTY,Wood
395450,PALM BEACH COUNTY,Wood
752541,PALM BEACH COUNTY,Masonry
794163,PALM BEACH COUNTY,Wood
602836,PALM BEACH COUNTY,Wood
294746,PALM BEACH COUNTY,Masonry
936975,PALM BEACH COUNTY,Wood
798998,PALM BEACH COUNTY,Masonry
806814,PALM BEACH COUNTY,Masonry
738503,PALM BEACH COUNTY,Reinforced Concrete
412704,PALM BEACH COUNTY,Reinforced Masonry
601475,PALM BEACH COUNTY,Masonry
576131,PALM BEACH COUNTY,Wood
253604,PALM BEACH COUNTY,Wood
721709,PALM BEACH COUNTY,Masonry
385828,PALM BEACH COUNTY,Wood
318453,PALM BEACH COUNTY,Masonry
282834,PALM BEACH COUNTY,Wood
912559,PALM BEACH COUNTY,Wood
109325,PALM BEACH COUNTY,Wood
911623,PALM BEACH COUNTY,Wood
496789,PALM BEACH COUNTY,Wood
118617,PALM BEACH COUNTY,Wood
866862,PALM BEACH COUNTY,Wood
214383,PALM BEACH COUNTY,Masonry
824161,PALM BEACH COUNTY,Wood
394608,PALM BEACH COUNTY,Wood
303865,PALM BEACH COUNTY,Masonry
765017,PALM BEACH COUNTY,Wood
581582,PALM BEACH COUNTY,Wood
598218,PALM BEACH COUNTY,Wood
252067,PALM BEACH COUNTY,Wood
405614,PALM BEACH COUNTY,Wood
689398,PALM BEACH COUNTY,Wood
101895,PALM BEACH COUNTY,Wood
782141,PALM BEACH COUNTY,Wood
820631,PALM BEACH COUNTY,Wood
215373,PALM BEACH COUNTY,Wood
916301,PALM BEACH COUNTY,Wood
833189,PALM BEACH COUNTY,Wood
430312,PALM BEACH COUNTY,Wood
897654,PALM BEACH COUNTY,Wood
695935,PALM BEACH COUNTY,Wood
685542,PALM BEACH COUNTY,Wood
583475,PALM BEACH COUNTY,Wood
500276,PALM BEACH COUNTY,Wood
265212,PALM BEACH COUNTY,Wood
278888,PALM BEACH COUNTY,Wood
191379,PALM BEACH COUNTY,Wood
481429,PALM BEACH COUNTY,Wood
979612,PALM BEACH COUNTY,Wood
907561,PALM BEACH COUNTY,Wood
469500,PALM BEACH COUNTY,Wood
403822,PALM BEACH COUNTY,Wood
184140,PALM BEACH COUNTY,Wood
892731,PALM BEACH COUNTY,Wood
953617,PALM BEACH COUNTY,Wood
514541,PALM BEACH COUNTY,Wood
578207,PALM BEACH COUNTY,Reinforced Masonry
194688,PALM BEACH COUNTY,Wood
877746,PALM BEACH COUNTY,Masonry
902174,PALM BEACH COUNTY,Masonry
740378,PALM BEACH COUNTY,Reinforced Masonry
152311,PALM BEACH COUNTY,Masonry
695098,PALM BEACH COUNTY,Masonry
563458,PALM BEACH COUNTY,Masonry
539455,PALM BEACH COUNTY,Reinforced Masonry
355586,PALM BEACH COUNTY,Masonry
658086,PALM BEACH COUNTY,Reinforced Masonry
652187,PALM BEACH COUNTY,Masonry
989311,PALM BEACH COUNTY,Reinforced Concrete
460042,PALM BEACH COUNTY,Masonry
181028,PALM BEACH COUNTY,Wood
543841,PALM BEACH COUNTY,Wood
745770,PALM BEACH COUNTY,Wood
238765,PALM BEACH COUNTY,Masonry
882676,PALM BEACH COUNTY,Masonry
390031,PALM BEACH COUNTY,Reinforced Masonry
253559,PALM BEACH COUNTY,Masonry
520396,PALM BEACH COUNTY,Masonry
449880,PALM BEACH COUNTY,Wood
646334,PALM BEACH COUNTY,Wood
165756,PALM BEACH COUNTY,Masonry
488393,PALM BEACH COUNTY,Masonry
831638,PALM BEACH COUNTY,Masonry
476472,PALM BEACH COUNTY,Masonry
840893,PALM BEACH COUNTY,Wood
984131,PALM BEACH COUNTY,Masonry
378968,PALM BEACH COUNTY,Masonry
734765,PALM BEACH COUNTY,Masonry
243176,PALM BEACH COUNTY,Wood
369694,PALM BEACH COUNTY,Masonry
725512,PALM BEACH COUNTY,Wood
867910,PALM BEACH COUNTY,Masonry
231233,PALM BEACH COUNTY,Masonry
625707,PALM BEACH COUNTY,Masonry
205739,PALM BEACH COUNTY,Wood
305144,PALM BEACH COUNTY,Masonry
392789,PALM BEACH COUNTY,Wood
339628,PALM BEACH COUNTY,Wood
794407,PALM BEACH COUNTY,Wood
300402,PALM BEACH COUNTY,Reinforced Masonry
749229,PALM BEACH COUNTY,Reinforced Masonry
328378,PALM BEACH COUNTY,Reinforced Masonry
743510,PALM BEACH COUNTY,Wood
857394,PALM BEACH COUNTY,Reinforced Masonry
774745,PALM BEACH COUNTY,Wood
378759,PALM BEACH COUNTY,Wood
507880,PALM BEACH COUNTY,Wood
916986,PALM BEACH COUNTY,Wood
861978,PALM BEACH COUNTY,Reinforced Concrete
590889,PALM BEACH COUNTY,Masonry
704910,PALM BEACH COUNTY,Masonry
351793,PALM BEACH COUNTY,Wood
724563,PALM BEACH COUNTY,Wood
841090,PALM BEACH COUNTY,Wood
259624,PALM BEACH COUNTY,Wood
546146,PALM BEACH COUNTY,Wood
902119,PALM BEACH COUNTY,Wood
112709,PALM BEACH COUNTY,Wood
635457,PALM BEACH COUNTY,Wood
830598,PALM BEACH COUNTY,Wood
910266,PALM BEACH COUNTY,Wood
280797,PALM BEACH COUNTY,Wood
990301,PALM BEACH COUNTY,Masonry
788083,PALM BEACH COUNTY,Masonry
767318,PALM BEACH COUNTY,Masonry
753634,PALM BEACH COUNTY,Masonry
640070,PALM BEACH COUNTY,Masonry
202056,PALM BEACH COUNTY,Masonry
994190,PALM BEACH COUNTY,Masonry
529549,PALM BEACH COUNTY,Masonry
730461,PALM BEACH COUNTY,Masonry
401591,PALM BEACH COUNTY,Masonry
972038,PALM BEACH COUNTY,Masonry
548300,PALM BEACH COUNTY,Masonry
432968,PALM BEACH COUNTY,Masonry
586554,PALM BEACH COUNTY,Masonry
811846,PALM BEACH COUNTY,Masonry
268052,PALM BEACH COUNTY,Reinforced Masonry
882093,PALM BEACH COUNTY,Wood
464000,PALM BEACH COUNTY,Masonry
965775,PALM BEACH COUNTY,Masonry
723507,PALM BEACH COUNTY,Masonry
526228,PALM BEACH COUNTY,Masonry
459331,PALM BEACH COUNTY,Masonry
364147,PALM BEACH COUNTY,Wood
451138,PALM BEACH COUNTY,Reinforced Masonry
381079,PALM BEACH COUNTY,Masonry
697272,PALM BEACH COUNTY,Masonry
155153,PALM BEACH COUNTY,Masonry
882539,PALM BEACH COUNTY,Wood
936749,PALM BEACH COUNTY,Reinforced Masonry
935923,PALM BEACH COUNTY,Reinforced Masonry
878110,PALM BEACH COUNTY,Reinforced Masonry
237210,PALM BEACH COUNTY,Reinforced Masonry
403320,PALM BEACH COUNTY,Masonry
570461,PALM BEACH COUNTY,Reinforced Masonry
962978,PALM BEACH COUNTY,Wood
331046,PALM BEACH COUNTY,Wood
934576,PALM BEACH COUNTY,Wood
169673,PALM BEACH COUNTY,Wood
517952,PALM BEACH COUNTY,Wood
767386,PALM BEACH COUNTY,Wood
517280,PALM BEACH COUNTY,Wood
917823,PALM BEACH COUNTY,Wood
578965,PALM BEACH COUNTY,Wood
876012,PALM BEACH COUNTY,Wood
600215,PALM BEACH COUNTY,Wood
398171,PALM BEACH COUNTY,Wood
137723,PALM BEACH COUNTY,Wood
552234,PALM BEACH COUNTY,Wood
907901,PALM BEACH COUNTY,Wood
972205,PALM BEACH COUNTY,Wood
791275,PALM BEACH COUNTY,Wood
189997,PALM BEACH COUNTY,Wood
942474,PALM BEACH COUNTY,Wood
450734,PALM BEACH COUNTY,Wood
354227,PALM BEACH COUNTY,Wood
235478,PALM BEACH COUNTY,Wood
814942,PALM BEACH COUNTY,Wood
722045,PALM BEACH COUNTY,Wood
950063,PALM BEACH COUNTY,Reinforced Concrete
495980,PALM BEACH COUNTY,Reinforced Masonry
127661,PALM BEACH COUNTY,Wood
882974,PALM BEACH COUNTY,Wood
501256,PALM BEACH COUNTY,Wood
718561,PALM BEACH COUNTY,Wood
148802,PALM BEACH COUNTY,Wood
793472,PALM BEACH COUNTY,Wood
973225,PALM BEACH COUNTY,Wood
482841,PALM BEACH COUNTY,Wood
906076,PALM BEACH COUNTY,Wood
489185,PALM BEACH COUNTY,Wood
455653,PALM BEACH COUNTY,Wood
283043,PALM BEACH COUNTY,Reinforced Masonry
821764,PALM BEACH COUNTY,Masonry
668054,PALM BEACH COUNTY,Wood
378213,PALM BEACH COUNTY,Reinforced Masonry
428821,PALM BEACH COUNTY,Wood
140656,PALM BEACH COUNTY,Wood
484335,PALM BEACH COUNTY,Masonry
556885,PALM BEACH COUNTY,Reinforced Masonry
191232,PALM BEACH COUNTY,Reinforced Masonry
766765,PALM BEACH COUNTY,Masonry
133402,PALM BEACH COUNTY,Masonry
446327,PALM BEACH COUNTY,Masonry
150704,PALM BEACH COUNTY,Reinforced Concrete
191488,PALM BEACH COUNTY,Masonry
752756,PALM BEACH COUNTY,Masonry
153241,PALM BEACH COUNTY,Masonry
809524,PALM BEACH COUNTY,Wood
298236,PALM BEACH COUNTY,Wood
524187,PALM BEACH COUNTY,Wood
496804,PALM BEACH COUNTY,Wood
699124,PALM BEACH COUNTY,Wood
115586,PALM BEACH COUNTY,Wood
630453,PALM BEACH COUNTY,Wood
884924,PALM BEACH COUNTY,Wood
130928,PALM BEACH COUNTY,Wood
704692,PALM BEACH COUNTY,Wood
749694,PALM BEACH COUNTY,Wood
751225,PALM BEACH COUNTY,Wood
420215,PALM BEACH COUNTY,Wood
893597,PALM BEACH COUNTY,Wood
876921,PALM BEACH COUNTY,Wood
617336,PALM BEACH COUNTY,Wood
775394,PALM BEACH COUNTY,Wood
259229,PALM BEACH COUNTY,Wood
777332,PALM BEACH COUNTY,Wood
938375,PALM BEACH COUNTY,Wood
694101,PALM BEACH COUNTY,Wood
641423,PALM BEACH COUNTY,Wood
353222,PALM BEACH COUNTY,Wood
596026,PALM BEACH COUNTY,Wood
776576,PALM BEACH COUNTY,Wood
207917,PALM BEACH COUNTY,Wood
495782,PALM BEACH COUNTY,Wood
941808,PALM BEACH COUNTY,Wood
697340,PALM BEACH COUNTY,Wood
256322,PALM BEACH COUNTY,Wood
387467,PALM BEACH COUNTY,Wood
883485,PALM BEACH COUNTY,Wood
309698,PALM BEACH COUNTY,Wood
521080,PALM BEACH COUNTY,Wood
193558,PALM BEACH COUNTY,Wood
224000,PALM BEACH COUNTY,Wood
643969,PALM BEACH COUNTY,Wood
598106,PALM BEACH COUNTY,Wood
384518,PALM BEACH COUNTY,Wood
982660,PALM BEACH COUNTY,Wood
883404,PALM BEACH COUNTY,Wood
741407,PALM BEACH COUNTY,Wood
596752,PALM BEACH COUNTY,Wood
831094,PALM BEACH COUNTY,Reinforced Masonry
378114,PALM BEACH COUNTY,Wood
855973,PALM BEACH COUNTY,Wood
832748,PALM BEACH COUNTY,Wood
355251,PALM BEACH COUNTY,Wood
582079,PALM BEACH COUNTY,Wood
784231,PALM BEACH COUNTY,Wood
533623,PALM BEACH COUNTY,Wood
541628,PALM BEACH COUNTY,Wood
983038,PALM BEACH COUNTY,Wood
524391,PALM BEACH COUNTY,Wood
257664,PALM BEACH COUNTY,Wood
813519,PALM BEACH COUNTY,Wood
904740,PALM BEACH COUNTY,Wood
218446,PALM BEACH COUNTY,Wood
143308,PALM BEACH COUNTY,Wood
936879,PALM BEACH COUNTY,Wood
932486,PALM BEACH COUNTY,Wood
382370,PALM BEACH COUNTY,Wood
413896,PALM BEACH COUNTY,Wood
822506,PALM BEACH COUNTY,Wood
481040,PALM BEACH COUNTY,Reinforced Masonry
422838,PALM BEACH COUNTY,Wood
691605,PALM BEACH COUNTY,Wood
256317,PALM BEACH COUNTY,Wood
679479,PALM BEACH COUNTY,Wood
297448,PALM BEACH COUNTY,Wood
957484,PALM BEACH COUNTY,Wood
640282,PALM BEACH COUNTY,Wood
247975,PALM BEACH COUNTY,Wood
266268,PALM BEACH COUNTY,Wood
167571,PALM BEACH COUNTY,Masonry
192852,PALM BEACH COUNTY,Wood
442462,PALM BEACH COUNTY,Wood
757970,PALM BEACH COUNTY,Wood
363683,PALM BEACH COUNTY,Wood
683480,PALM BEACH COUNTY,Wood
161883,PALM BEACH COUNTY,Wood
280566,PALM BEACH COUNTY,Wood
686062,PALM BEACH COUNTY,Masonry
692151,PALM BEACH COUNTY,Masonry
161068,PALM BEACH COUNTY,Wood
658349,PALM BEACH COUNTY,Masonry
475472,PALM BEACH COUNTY,Wood
937844,PALM BEACH COUNTY,Wood
855454,PALM BEACH COUNTY,Wood
976633,PALM BEACH COUNTY,Wood
766718,PALM BEACH COUNTY,Wood
746540,PALM BEACH COUNTY,Wood
396005,PALM BEACH COUNTY,Wood
440509,PALM BEACH COUNTY,Wood
655891,PALM BEACH COUNTY,Wood
845632,PALM BEACH COUNTY,Wood
341706,PALM BEACH COUNTY,Wood
774563,PALM BEACH COUNTY,Wood
509783,PALM BEACH COUNTY,Wood
153773,PALM BEACH COUNTY,Wood
696091,PALM BEACH COUNTY,Wood
555445,PALM BEACH COUNTY,Masonry
627084,PALM BEACH COUNTY,Wood
998144,PALM BEACH COUNTY,Wood
256886,PALM BEACH COUNTY,Wood
169639,PALM BEACH COUNTY,Wood
349950,PALM BEACH COUNTY,Wood
853657,PALM BEACH COUNTY,Masonry
183578,PALM BEACH COUNTY,Wood
671781,PALM BEACH COUNTY,Wood
879511,PALM BEACH COUNTY,Wood
710555,PALM BEACH COUNTY,Masonry
124571,PALM BEACH COUNTY,Reinforced Masonry
979106,PALM BEACH COUNTY,Masonry
119128,PALM BEACH COUNTY,Masonry
982275,PALM BEACH COUNTY,Masonry
719233,PALM BEACH COUNTY,Masonry
364769,PALM BEACH COUNTY,Reinforced Masonry
937638,PALM BEACH COUNTY,Masonry
895315,PALM BEACH COUNTY,Reinforced Masonry
642834,PALM BEACH COUNTY,Wood
910820,PALM BEACH COUNTY,Wood
402044,PALM BEACH COUNTY,Wood
611979,PALM BEACH COUNTY,Wood
406283,PALM BEACH COUNTY,Wood
932601,PALM BEACH COUNTY,Wood
987966,PALM BEACH COUNTY,Wood
624135,PALM BEACH COUNTY,Wood
684761,PALM BEACH COUNTY,Wood
927259,PALM BEACH COUNTY,Wood
755936,PALM BEACH COUNTY,Wood
350590,PALM BEACH COUNTY,Masonry
865121,PALM BEACH COUNTY,Masonry
434756,PALM BEACH COUNTY,Wood
413389,PALM BEACH COUNTY,Wood
727116,PALM BEACH COUNTY,Wood
769360,PALM BEACH COUNTY,Wood
384780,PALM BEACH COUNTY,Wood
908367,PALM BEACH COUNTY,Wood
948760,PALM BEACH COUNTY,Wood
727144,PALM BEACH COUNTY,Wood
607433,PALM BEACH COUNTY,Wood
707167,PALM BEACH COUNTY,Wood
135522,PALM BEACH COUNTY,Wood
448722,PALM BEACH COUNTY,Reinforced Masonry
609937,PALM BEACH COUNTY,Reinforced Masonry
818456,PALM BEACH COUNTY,Masonry
949984,PALM BEACH COUNTY,Wood
611130,PALM BEACH COUNTY,Wood
555101,PALM BEACH COUNTY,Wood
873492,PALM BEACH COUNTY,Wood
826044,PALM BEACH COUNTY,Wood
145499,PALM BEACH COUNTY,Wood
186833,PALM BEACH COUNTY,Wood
444879,PALM BEACH COUNTY,Wood
479780,PALM BEACH COUNTY,Wood
116196,PALM BEACH COUNTY,Masonry
881361,PALM BEACH COUNTY,Masonry
798737,PALM BEACH COUNTY,Reinforced Masonry
471792,PALM BEACH COUNTY,Wood
502495,PALM BEACH COUNTY,Wood
783536,PALM BEACH COUNTY,Wood
828494,PALM BEACH COUNTY,Wood
749043,PALM BEACH COUNTY,Wood
371025,PALM BEACH COUNTY,Wood
430943,PALM BEACH COUNTY,Wood
898935,PALM BEACH COUNTY,Wood
556912,PALM BEACH COUNTY,Wood
447808,PALM BEACH COUNTY,Wood
924240,PALM BEACH COUNTY,Wood
419934,PALM BEACH COUNTY,Wood
135993,PALM BEACH COUNTY,Wood
164415,PALM BEACH COUNTY,Masonry
371111,PALM BEACH COUNTY,Masonry
122937,PALM BEACH COUNTY,Wood
917187,PALM BEACH COUNTY,Wood
580731,PALM BEACH COUNTY,Wood
272871,PALM BEACH COUNTY,Wood
587162,PALM BEACH COUNTY,Wood
881032,PALM BEACH COUNTY,Wood
266074,PALM BEACH COUNTY,Wood
408605,PALM BEACH COUNTY,Wood
453305,PALM BEACH COUNTY,Wood
469441,PALM BEACH COUNTY,Wood
806258,PALM BEACH COUNTY,Wood
156546,PALM BEACH COUNTY,Wood
389167,PALM BEACH COUNTY,Wood
851669,PALM BEACH COUNTY,Steel Frame
362121,PALM BEACH COUNTY,Reinforced Masonry
854628,PALM BEACH COUNTY,Reinforced Masonry
114318,PALM BEACH COUNTY,Wood
397035,PALM BEACH COUNTY,Wood
887128,PALM BEACH COUNTY,Wood
765312,PALM BEACH COUNTY,Wood
245717,PALM BEACH COUNTY,Wood
896504,PALM BEACH COUNTY,Wood
293202,PALM BEACH COUNTY,Masonry
588926,PALM BEACH COUNTY,Reinforced Masonry
678687,PALM BEACH COUNTY,Reinforced Masonry
465587,PALM BEACH COUNTY,Reinforced Masonry
990383,PALM BEACH COUNTY,Reinforced Masonry
560553,PALM BEACH COUNTY,Wood
454110,PALM BEACH COUNTY,Wood
803963,PALM BEACH COUNTY,Reinforced Concrete
936539,PALM BEACH COUNTY,Reinforced Masonry
585882,PALM BEACH COUNTY,Reinforced Concrete
475154,PALM BEACH COUNTY,Reinforced Masonry
875898,PALM BEACH COUNTY,Reinforced Masonry
554496,PALM BEACH COUNTY,Masonry
575126,PALM BEACH COUNTY,Reinforced Masonry
423216,PALM BEACH COUNTY,Wood
444722,PALM BEACH COUNTY,Wood
425790,PALM BEACH COUNTY,Wood
599593,PALM BEACH COUNTY,Wood
793867,PALM BEACH COUNTY,Wood
417298,PALM BEACH COUNTY,Reinforced Concrete
460071,PALM BEACH COUNTY,Reinforced Concrete
948105,PALM BEACH COUNTY,Reinforced Concrete
580200,PALM BEACH COUNTY,Reinforced Masonry
720972,PALM BEACH COUNTY,Reinforced Masonry
224452,PALM BEACH COUNTY,Reinforced Masonry
238981,PALM BEACH COUNTY,Masonry
202821,PALM BEACH COUNTY,Wood
647478,PALM BEACH COUNTY,Masonry
986327,PALM BEACH COUNTY,Wood
142059,PALM BEACH COUNTY,Wood
858802,PALM BEACH COUNTY,Wood
107140,PALM BEACH COUNTY,Wood
493460,PALM BEACH COUNTY,Wood
624066,PALM BEACH COUNTY,Masonry
184233,PALM BEACH COUNTY,Masonry
551429,PALM BEACH COUNTY,Reinforced Masonry
828314,PALM BEACH COUNTY,Wood
589903,PALM BEACH COUNTY,Wood
537822,PALM BEACH COUNTY,Wood
584940,PALM BEACH COUNTY,Wood
443966,PALM BEACH COUNTY,Wood
212595,PALM BEACH COUNTY,Wood
631665,PALM BEACH COUNTY,Wood
110048,PALM BEACH COUNTY,Masonry
470384,PALM BEACH COUNTY,Masonry
443477,PALM BEACH COUNTY,Steel Frame
441774,PALM BEACH COUNTY,Reinforced Masonry
586598,PALM BEACH COUNTY,Reinforced Masonry
550173,PALM BEACH COUNTY,Masonry
423006,PALM BEACH COUNTY,Wood
454443,PALM BEACH COUNTY,Masonry
668309,PALM BEACH COUNTY,Wood
341114,PALM BEACH COUNTY,Masonry
919866,PALM BEACH COUNTY,Wood
236517,PALM BEACH COUNTY,Masonry
582861,PALM BEACH COUNTY,Wood
749644,PALM BEACH COUNTY,Masonry
964725,PALM BEACH COUNTY,Wood
772904,PALM BEACH COUNTY,Wood
714706,PALM BEACH COUNTY,Wood
426785,PALM BEACH COUNTY,Wood
953811,PALM BEACH COUNTY,Masonry
275260,PALM BEACH COUNTY,Wood
428381,PALM BEACH COUNTY,Wood
693603,PALM BEACH COUNTY,Wood
935462,PALM BEACH COUNTY,Wood
877179,PALM BEACH COUNTY,Wood
261468,PALM BEACH COUNTY,Wood
301310,PALM BEACH COUNTY,Wood
634488,PALM BEACH COUNTY,Wood
172278,PALM BEACH COUNTY,Wood
445999,PALM BEACH COUNTY,Wood
213331,PALM BEACH COUNTY,Wood
501458,PALM BEACH COUNTY,Wood
980287,PALM BEACH COUNTY,Wood
409756,PALM BEACH COUNTY,Steel Frame
347086,PALM BEACH COUNTY,Steel Frame
363717,PALM BEACH COUNTY,Reinforced Concrete
226526,PALM BEACH COUNTY,Reinforced Concrete
725735,PALM BEACH COUNTY,Reinforced Masonry
642994,PALM BEACH COUNTY,Reinforced Masonry
153931,PALM BEACH COUNTY,Reinforced Masonry
942245,PALM BEACH COUNTY,Reinforced Masonry
102307,PALM BEACH COUNTY,Reinforced Masonry
568441,PALM BEACH COUNTY,Reinforced Masonry
181313,PALM BEACH COUNTY,Reinforced Masonry
710782,PALM BEACH COUNTY,Reinforced Masonry
407932,PALM BEACH COUNTY,Reinforced Masonry
251820,PALM BEACH COUNTY,Reinforced Masonry
894613,PALM BEACH COUNTY,Reinforced Masonry
309639,PALM BEACH COUNTY,Reinforced Masonry
810673,PALM BEACH COUNTY,Reinforced Masonry
338946,PALM BEACH COUNTY,Reinforced Masonry
126290,PALM BEACH COUNTY,Steel Frame
696535,PALM BEACH COUNTY,Wood
129538,PALM BEACH COUNTY,Wood
462535,PALM BEACH COUNTY,Wood
262526,PALM BEACH COUNTY,Reinforced Masonry
312249,PALM BEACH COUNTY,Reinforced Masonry
770315,PALM BEACH COUNTY,Reinforced Masonry
849469,PALM BEACH COUNTY,Reinforced Masonry
864855,PALM BEACH COUNTY,Masonry
717892,PALM BEACH COUNTY,Wood
447134,PALM BEACH COUNTY,Wood
506072,PALM BEACH COUNTY,Wood
157618,PALM BEACH COUNTY,Wood
123434,PALM BEACH COUNTY,Wood
834758,PALM BEACH COUNTY,Wood
286521,PALM BEACH COUNTY,Wood
714656,PALM BEACH COUNTY,Wood
949155,PALM BEACH COUNTY,Wood
273509,PALM BEACH COUNTY,Wood
994552,PALM BEACH COUNTY,Wood
384517,PALM BEACH COUNTY,Wood
522127,PALM BEACH COUNTY,Wood
987980,PALM BEACH COUNTY,Reinforced Concrete
938332,PALM BEACH COUNTY,Reinforced Masonry
897612,PALM BEACH COUNTY,Wood
389357,PALM BEACH COUNTY,Wood
422035,PALM BEACH COUNTY,Wood
300973,PALM BEACH COUNTY,Wood
952625,PALM BEACH COUNTY,Wood
631461,PALM BEACH COUNTY,Wood
730291,PALM BEACH COUNTY,Wood
758421,PALM BEACH COUNTY,Wood
386608,PALM BEACH COUNTY,Wood
446219,PALM BEACH COUNTY,Wood
323234,PALM BEACH COUNTY,Masonry
717191,PALM BEACH COUNTY,Wood
579381,PALM BEACH COUNTY,Wood
241518,PALM BEACH COUNTY,Wood
354309,PALM BEACH COUNTY,Wood
283752,PALM BEACH COUNTY,Wood
317741,PALM BEACH COUNTY,Wood
383423,PALM BEACH COUNTY,Wood
183686,PALM BEACH COUNTY,Wood
840180,PALM BEACH COUNTY,Wood
983543,PALM BEACH COUNTY,Reinforced Concrete
721365,PALM BEACH COUNTY,Reinforced Masonry
834649,PALM BEACH COUNTY,Wood
726803,PALM BEACH COUNTY,Masonry
471390,PALM BEACH COUNTY,Masonry
114234,PALM BEACH COUNTY,Masonry
566788,PALM BEACH COUNTY,Masonry
982957,PALM BEACH COUNTY,Reinforced Concrete
733923,PALM BEACH COUNTY,Reinforced Concrete
628894,PALM BEACH COUNTY,Reinforced Concrete
756434,PALM BEACH COUNTY,Reinforced Concrete
556133,PALM BEACH COUNTY,Masonry
364927,PALM BEACH COUNTY,Masonry
320884,PALM BEACH COUNTY,Masonry
875195,PALM BEACH COUNTY,Reinforced Concrete
500877,PALM BEACH COUNTY,Reinforced Concrete
515045,PALM BEACH COUNTY,Reinforced Masonry
542073,PALM BEACH COUNTY,Masonry
810623,PALM BEACH COUNTY,Masonry
789318,PALM BEACH COUNTY,Wood
337388,PALM BEACH COUNTY,Masonry
288325,PALM BEACH COUNTY,Masonry
984301,PALM BEACH COUNTY,Masonry
869796,PALM BEACH COUNTY,Masonry
190467,PALM BEACH COUNTY,Masonry
925198,PALM BEACH COUNTY,Masonry
251385,PALM BEACH COUNTY,Masonry
270457,PALM BEACH COUNTY,Masonry
102211,PALM BEACH COUNTY,Masonry
611828,PALM BEACH COUNTY,Masonry
597798,PALM BEACH COUNTY,Reinforced Masonry
804504,PALM BEACH COUNTY,Reinforced Concrete
178658,PALM BEACH COUNTY,Wood
188740,PALM BEACH COUNTY,Wood
428969,PALM BEACH COUNTY,Wood
535407,PALM BEACH COUNTY,Wood
450013,PALM BEACH COUNTY,Masonry
720476,PALM BEACH COUNTY,Masonry
410493,PALM BEACH COUNTY,Wood
728140,PALM BEACH COUNTY,Wood
908886,PALM BEACH COUNTY,Wood
620081,PALM BEACH COUNTY,Wood
647363,PALM BEACH COUNTY,Wood
225049,PALM BEACH COUNTY,Wood
706235,PALM BEACH COUNTY,Wood
102326,PALM BEACH COUNTY,Wood
780804,PALM BEACH COUNTY,Reinforced Masonry
333938,PALM BEACH COUNTY,Reinforced Masonry
555066,PALM BEACH COUNTY,Wood
272901,PALM BEACH COUNTY,Reinforced Masonry
807567,PALM BEACH COUNTY,Wood
594490,PALM BEACH COUNTY,Masonry
587714,PALM BEACH COUNTY,Masonry
721474,PALM BEACH COUNTY,Reinforced Concrete
251695,PALM BEACH COUNTY,Reinforced Masonry
841566,PALM BEACH COUNTY,Reinforced Masonry
670735,PALM BEACH COUNTY,Wood
569174,PALM BEACH COUNTY,Masonry
376382,PALM BEACH COUNTY,Masonry
675328,PALM BEACH COUNTY,Wood
969250,PALM BEACH COUNTY,Wood
609717,PALM BEACH COUNTY,Wood
859470,PALM BEACH COUNTY,Wood
404931,PALM BEACH COUNTY,Wood
780491,PALM BEACH COUNTY,Wood
280039,PALM BEACH COUNTY,Wood
777988,PALM BEACH COUNTY,Wood
429272,PALM BEACH COUNTY,Wood
636322,PALM BEACH COUNTY,Wood
259164,PALM BEACH COUNTY,Wood
805966,PALM BEACH COUNTY,Wood
829282,PALM BEACH COUNTY,Wood
578940,PALM BEACH COUNTY,Wood
324849,PALM BEACH COUNTY,Wood
644451,PALM BEACH COUNTY,Wood
256337,PALM BEACH COUNTY,Wood
631756,PALM BEACH COUNTY,Wood
748244,PALM BEACH COUNTY,Reinforced Masonry
616571,PALM BEACH COUNTY,Masonry
297918,PALM BEACH COUNTY,Reinforced Masonry
595167,PALM BEACH COUNTY,Masonry
888116,PALM BEACH COUNTY,Wood
671370,PALM BEACH COUNTY,Masonry
685201,PALM BEACH COUNTY,Wood
109098,PALM BEACH COUNTY,Reinforced Masonry
831238,PALM BEACH COUNTY,Wood
537789,PALM BEACH COUNTY,Wood
237862,PALM BEACH COUNTY,Wood
762793,PALM BEACH COUNTY,Wood
617794,PALM BEACH COUNTY,Wood
531964,PALM BEACH COUNTY,Wood
206814,PALM BEACH COUNTY,Wood
627144,PALM BEACH COUNTY,Wood
189374,PALM BEACH COUNTY,Wood
337278,PALM BEACH COUNTY,Masonry
482445,PALM BEACH COUNTY,Masonry
761813,PALM BEACH COUNTY,Wood
895506,PALM BEACH COUNTY,Wood
533724,PALM BEACH COUNTY,Wood
117779,PALM BEACH COUNTY,Wood
603462,PALM BEACH COUNTY,Wood
298058,PALM BEACH COUNTY,Wood
811859,PALM BEACH COUNTY,Wood
658831,PALM BEACH COUNTY,Reinforced Concrete
750758,PALM BEACH COUNTY,Reinforced Masonry
930236,PALM BEACH COUNTY,Reinforced Masonry
650200,PALM BEACH COUNTY,Wood
677260,PALM BEACH COUNTY,Reinforced Concrete
780864,PALM BEACH COUNTY,Wood
102136,PALM BEACH COUNTY,Wood
134219,PALM BEACH COUNTY,Reinforced Masonry
270528,PALM BEACH COUNTY,Reinforced Masonry
859872,PALM BEACH COUNTY,Wood
755118,PALM BEACH COUNTY,Wood
714932,PALM BEACH COUNTY,Wood
130852,PALM BEACH COUNTY,Wood
371541,PALM BEACH COUNTY,Reinforced Masonry
988353,PALM BEACH COUNTY,Wood
356107,PALM BEACH COUNTY,Masonry
899525,PALM BEACH COUNTY,Wood
171543,PALM BEACH COUNTY,Wood
945251,PALM BEACH COUNTY,Wood
429162,PALM BEACH COUNTY,Wood
313441,PALM BEACH COUNTY,Masonry
941129,PALM BEACH COUNTY,Wood
480959,PALM BEACH COUNTY,Wood
981516,PALM BEACH COUNTY,Wood
172844,PALM BEACH COUNTY,Wood
441267,PALM BEACH COUNTY,Wood
747812,PALM BEACH COUNTY,Wood
267995,PALM BEACH COUNTY,Wood
563688,PALM BEACH COUNTY,Wood
192705,PALM BEACH COUNTY,Wood
703456,PALM BEACH COUNTY,Wood
611765,PALM BEACH COUNTY,Wood
204437,PALM BEACH COUNTY,Wood
150285,PALM BEACH COUNTY,Wood
905892,PALM BEACH COUNTY,Wood
571933,PALM BEACH COUNTY,Wood
684635,PALM BEACH COUNTY,Wood
408684,PALM BEACH COUNTY,Wood
399989,PALM BEACH COUNTY,Wood
107130,PALM BEACH COUNTY,Wood
387975,PALM BEACH COUNTY,Wood
761981,PALM BEACH COUNTY,Wood
629630,PALM BEACH COUNTY,Wood
936968,PALM BEACH COUNTY,Wood
552853,PALM BEACH COUNTY,Wood
329474,PALM BEACH COUNTY,Wood
584633,PALM BEACH COUNTY,Wood
446813,PALM BEACH COUNTY,Wood
721656,PALM BEACH COUNTY,Wood
340103,PALM BEACH COUNTY,Wood
606543,PALM BEACH COUNTY,Wood
574343,PALM BEACH COUNTY,Wood
910986,PALM BEACH COUNTY,Wood
687199,PALM BEACH COUNTY,Wood
126339,PALM BEACH COUNTY,Wood
556986,PALM BEACH COUNTY,Wood
439931,PALM BEACH COUNTY,Wood
758246,PALM BEACH COUNTY,Wood
386131,PALM BEACH COUNTY,Wood
173584,PALM BEACH COUNTY,Wood
426553,PALM BEACH COUNTY,Wood
680607,PALM BEACH COUNTY,Wood
516928,PALM BEACH COUNTY,Wood
173050,PALM BEACH COUNTY,Wood
398861,PALM BEACH COUNTY,Wood
679989,PALM BEACH COUNTY,Wood
583716,PALM BEACH COUNTY,Wood
197591,PALM BEACH COUNTY,Wood
259795,PALM BEACH COUNTY,Wood
284018,PALM BEACH COUNTY,Wood
860618,PALM BEACH COUNTY,Wood
714319,PALM BEACH COUNTY,Wood
338500,PALM BEACH COUNTY,Wood
691213,PALM BEACH COUNTY,Wood
108287,PALM BEACH COUNTY,Wood
430648,PALM BEACH COUNTY,Wood
970022,PALM BEACH COUNTY,Wood
736691,PALM BEACH COUNTY,Wood
242872,PALM BEACH COUNTY,Wood
370825,PALM BEACH COUNTY,Wood
798636,PALM BEACH COUNTY,Wood
978063,PALM BEACH COUNTY,Wood
112355,PALM BEACH COUNTY,Wood
603683,PALM BEACH COUNTY,Wood
852305,PALM BEACH COUNTY,Wood
874189,PALM BEACH COUNTY,Wood
718132,PALM BEACH COUNTY,Wood
407481,PALM BEACH COUNTY,Wood
730978,PALM BEACH COUNTY,Wood
102062,PALM BEACH COUNTY,Wood
798339,PALM BEACH COUNTY,Wood
989118,PALM BEACH COUNTY,Wood
335602,PALM BEACH COUNTY,Wood
276656,PALM BEACH COUNTY,Wood
461099,PALM BEACH COUNTY,Wood
517019,PALM BEACH COUNTY,Wood
875203,PALM BEACH COUNTY,Wood
680207,PALM BEACH COUNTY,Wood
290958,PALM BEACH COUNTY,Wood
709750,PALM BEACH COUNTY,Wood
649699,PALM BEACH COUNTY,Wood
796486,PALM BEACH COUNTY,Wood
906312,PALM BEACH COUNTY,Wood
259650,PALM BEACH COUNTY,Wood
213987,PALM BEACH COUNTY,Wood
623346,PALM BEACH COUNTY,Wood
157025,PALM BEACH COUNTY,Wood
225358,PALM BEACH COUNTY,Wood
346274,PALM BEACH COUNTY,Wood
657601,PALM BEACH COUNTY,Wood
196187,PALM BEACH COUNTY,Wood
640845,PALM BEACH COUNTY,Wood
167620,PALM BEACH COUNTY,Wood
932240,PALM BEACH COUNTY,Wood
499264,PALM BEACH COUNTY,Wood
997012,PALM BEACH COUNTY,Wood
475447,PALM BEACH COUNTY,Wood
245478,PALM BEACH COUNTY,Wood
124026,PALM BEACH COUNTY,Wood
295479,PALM BEACH COUNTY,Wood
828196,PALM BEACH COUNTY,Wood
742562,PALM BEACH COUNTY,Wood
997266,PALM BEACH COUNTY,Wood
126129,PALM BEACH COUNTY,Wood
126598,PALM BEACH COUNTY,Wood
800932,PALM BEACH COUNTY,Wood
906685,PALM BEACH COUNTY,Wood
956610,PALM BEACH COUNTY,Wood
103430,PALM BEACH COUNTY,Wood
694554,PALM BEACH COUNTY,Wood
714920,PALM BEACH COUNTY,Wood
630067,PALM BEACH COUNTY,Wood
613735,PALM BEACH COUNTY,Wood
825280,PALM BEACH COUNTY,Wood
271542,PALM BEACH COUNTY,Wood
123909,PALM BEACH COUNTY,Wood
607941,PALM BEACH COUNTY,Wood
260586,PALM BEACH COUNTY,Wood
127084,PALM BEACH COUNTY,Wood
416564,PALM BEACH COUNTY,Wood
437323,PALM BEACH COUNTY,Wood
808343,PALM BEACH COUNTY,Wood
356929,PALM BEACH COUNTY,Wood
632189,PALM BEACH COUNTY,Wood
360433,PALM BEACH COUNTY,Wood
961577,PALM BEACH COUNTY,Wood
718906,PALM BEACH COUNTY,Wood
825541,PALM BEACH COUNTY,Wood
918199,PALM BEACH COUNTY,Wood
672991,PALM BEACH COUNTY,Wood
131712,PALM BEACH COUNTY,Wood
827790,PALM BEACH COUNTY,Wood
158024,PALM BEACH COUNTY,Wood
617649,PALM BEACH COUNTY,Wood
229827,PALM BEACH COUNTY,Wood
132373,PALM BEACH COUNTY,Wood
376348,PALM BEACH COUNTY,Wood
330505,PALM BEACH COUNTY,Wood
332695,PALM BEACH COUNTY,Wood
110041,PALM BEACH COUNTY,Wood
697177,PALM BEACH COUNTY,Wood
258665,PALM BEACH COUNTY,Wood
290031,PALM BEACH COUNTY,Wood
811984,PALM BEACH COUNTY,Masonry
267393,PALM BEACH COUNTY,Masonry
553454,PALM BEACH COUNTY,Wood
352313,PALM BEACH COUNTY,Wood
117559,PALM BEACH COUNTY,Masonry
970980,PALM BEACH COUNTY,Wood
938681,PALM BEACH COUNTY,Reinforced Concrete
146688,PALM BEACH COUNTY,Reinforced Concrete
257441,PALM BEACH COUNTY,Reinforced Concrete
709372,PALM BEACH COUNTY,Reinforced Concrete
414934,PALM BEACH COUNTY,Reinforced Concrete
950137,PALM BEACH COUNTY,Reinforced Concrete
866636,PALM BEACH COUNTY,Reinforced Masonry
239495,PALM BEACH COUNTY,Masonry
487682,PALM BEACH COUNTY,Masonry
774491,PALM BEACH COUNTY,Wood
851526,PALM BEACH COUNTY,Wood
847546,PALM BEACH COUNTY,Wood
154533,PALM BEACH COUNTY,Wood
508305,PALM BEACH COUNTY,Masonry
673594,PALM BEACH COUNTY,Wood
955799,PALM BEACH COUNTY,Wood
447938,PALM BEACH COUNTY,Wood
145012,PALM BEACH COUNTY,Reinforced Concrete
969509,PALM BEACH COUNTY,Steel Frame
276724,PALM BEACH COUNTY,Reinforced Masonry
276475,PALM BEACH COUNTY,Reinforced Masonry
746011,PALM BEACH COUNTY,Reinforced Masonry
676405,PALM BEACH COUNTY,Reinforced Masonry
760642,PALM BEACH COUNTY,Wood
968332,PALM BEACH COUNTY,Wood
889178,PALM BEACH COUNTY,Wood
480047,PALM BEACH COUNTY,Reinforced Masonry
608535,PALM BEACH COUNTY,Masonry
547091,PALM BEACH COUNTY,Wood
178738,PALM BEACH COUNTY,Wood
409220,PALM BEACH COUNTY,Wood
792439,PALM BEACH COUNTY,Wood
725616,PALM BEACH COUNTY,Masonry
948655,PALM BEACH COUNTY,Reinforced Masonry
560063,PALM BEACH COUNTY,Masonry
243726,PALM BEACH COUNTY,Masonry
314933,PALM BEACH COUNTY,Masonry
372847,PALM BEACH COUNTY,Reinforced Masonry
104321,PALM BEACH COUNTY,Reinforced Masonry
570007,PALM BEACH COUNTY,Masonry
843755,PALM BEACH COUNTY,Masonry
698219,PALM BEACH COUNTY,Masonry
135341,PALM BEACH COUNTY,Wood
380089,PALM BEACH COUNTY,Reinforced Masonry
643646,PALM BEACH COUNTY,Wood
515547,PALM BEACH COUNTY,Reinforced Masonry
906658,PALM BEACH COUNTY,Reinforced Masonry
733585,PALM BEACH COUNTY,Reinforced Masonry
406406,PALM BEACH COUNTY,Reinforced Masonry
791622,PALM BEACH COUNTY,Wood
856198,PALM BEACH COUNTY,Masonry
328055,PALM BEACH COUNTY,Masonry
258790,PALM BEACH COUNTY,Masonry
412092,PALM BEACH COUNTY,Masonry
553982,PALM BEACH COUNTY,Masonry
636468,PALM BEACH COUNTY,Masonry
938902,PALM BEACH COUNTY,Masonry
381885,PALM BEACH COUNTY,Wood
756618,PALM BEACH COUNTY,Wood
391978,PALM BEACH COUNTY,Reinforced Masonry
960329,PALM BEACH COUNTY,Masonry
135375,PALM BEACH COUNTY,Wood
450548,PALM BEACH COUNTY,Reinforced Masonry
118108,PALM BEACH COUNTY,Reinforced Masonry
527290,PALM BEACH COUNTY,Masonry
107536,PALM BEACH COUNTY,Masonry
856395,PALM BEACH COUNTY,Masonry
622869,PALM BEACH COUNTY,Reinforced Concrete
895412,PALM BEACH COUNTY,Wood
506628,PALM BEACH COUNTY,Wood
211436,PALM BEACH COUNTY,Wood
277145,PALM BEACH COUNTY,Reinforced Masonry
635139,PALM BEACH COUNTY,Reinforced Masonry
212454,PALM BEACH COUNTY,Wood
957329,PALM BEACH COUNTY,Wood
691450,PALM BEACH COUNTY,Reinforced Masonry
244867,PALM BEACH COUNTY,Steel Frame
710507,PALM BEACH COUNTY,Masonry
406561,PALM BEACH COUNTY,Masonry
137244,PALM BEACH COUNTY,Wood
841953,PALM BEACH COUNTY,Wood
801825,PALM BEACH COUNTY,Wood
975229,PALM BEACH COUNTY,Reinforced Masonry
373629,PALM BEACH COUNTY,Wood
189163,PALM BEACH COUNTY,Wood
623844,PALM BEACH COUNTY,Masonry
275143,PALM BEACH COUNTY,Wood
826156,PALM BEACH COUNTY,Wood
249545,PALM BEACH COUNTY,Wood
704633,PALM BEACH COUNTY,Wood
937242,PALM BEACH COUNTY,Reinforced Masonry
465912,PALM BEACH COUNTY,Masonry
112689,PALM BEACH COUNTY,Masonry
713334,PALM BEACH COUNTY,Reinforced Concrete
749869,PALM BEACH COUNTY,Masonry
544813,PALM BEACH COUNTY,Reinforced Masonry
336278,PALM BEACH COUNTY,Reinforced Masonry
789661,PALM BEACH COUNTY,Reinforced Masonry
472773,PALM BEACH COUNTY,Wood
952391,PALM BEACH COUNTY,Wood
635612,PALM BEACH COUNTY,Wood
231789,PALM BEACH COUNTY,Wood
138588,PALM BEACH COUNTY,Wood
353491,PALM BEACH COUNTY,Masonry
608009,PALM BEACH COUNTY,Masonry
547469,PALM BEACH COUNTY,Wood
615798,PALM BEACH COUNTY,Wood
615594,PALM BEACH COUNTY,Masonry
606003,PALM BEACH COUNTY,Wood
384985,PALM BEACH COUNTY,Masonry
984386,PALM BEACH COUNTY,Reinforced Masonry
957187,PALM BEACH COUNTY,Wood
907016,PALM BEACH COUNTY,Reinforced Concrete
919476,PALM BEACH COUNTY,Masonry
864903,PALM BEACH COUNTY,Reinforced Masonry
570863,PALM BEACH COUNTY,Steel Frame
112008,PALM BEACH COUNTY,Reinforced Concrete
582579,PALM BEACH COUNTY,Masonry
777411,PALM BEACH COUNTY,Reinforced Concrete
968983,PALM BEACH COUNTY,Reinforced Concrete
732080,PALM BEACH COUNTY,Reinforced Masonry
973080,PALM BEACH COUNTY,Reinforced Concrete
809885,PALM BEACH COUNTY,Reinforced Masonry
379144,PALM BEACH COUNTY,Wood
704387,PALM BEACH COUNTY,Wood
394476,PALM BEACH COUNTY,Wood
985895,PALM BEACH COUNTY,Masonry
372944,PALM BEACH COUNTY,Masonry
267654,PALM BEACH COUNTY,Masonry
869415,PALM BEACH COUNTY,Reinforced Concrete
174017,PALM BEACH COUNTY,Masonry
142797,PALM BEACH COUNTY,Masonry
680143,PALM BEACH COUNTY,Masonry
135359,PALM BEACH COUNTY,Masonry
944882,PALM BEACH COUNTY,Masonry
929099,PALM BEACH COUNTY,Masonry
913585,PALM BEACH COUNTY,Masonry
355454,PALM BEACH COUNTY,Masonry
770899,PALM BEACH COUNTY,Masonry
614357,PALM BEACH COUNTY,Masonry
210937,PALM BEACH COUNTY,Masonry
897508,PALM BEACH COUNTY,Masonry
525939,PALM BEACH COUNTY,Masonry
203270,PALM BEACH COUNTY,Masonry
383958,PALM BEACH COUNTY,Wood
810201,PALM BEACH COUNTY,Wood
104453,PALM BEACH COUNTY,Wood
952222,PALM BEACH COUNTY,Wood
312873,PALM BEACH COUNTY,Masonry
986639,PALM BEACH COUNTY,Reinforced Masonry
757162,PALM BEACH COUNTY,Reinforced Masonry
343948,PALM BEACH COUNTY,Wood
978186,PALM BEACH COUNTY,Wood
260583,PALM BEACH COUNTY,Wood
642652,PALM BEACH COUNTY,Wood
576783,PALM BEACH COUNTY,Wood
703216,PALM BEACH COUNTY,Wood
963911,PALM BEACH COUNTY,Reinforced Masonry
352204,PALM BEACH COUNTY,Reinforced Masonry
801931,PALM BEACH COUNTY,Reinforced Masonry
282416,PALM BEACH COUNTY,Masonry
713549,PALM BEACH COUNTY,Reinforced Masonry
507630,PALM BEACH COUNTY,Masonry
215264,PALM BEACH COUNTY,Wood
328308,PALM BEACH COUNTY,Reinforced Masonry
286394,PALM BEACH COUNTY,Masonry
454729,PALM BEACH COUNTY,Wood
354082,PALM BEACH COUNTY,Wood
406218,PALM BEACH COUNTY,Masonry
369870,PALM BEACH COUNTY,Wood
328241,PALM BEACH COUNTY,Wood
419949,PALM BEACH COUNTY,Masonry
358575,PALM BEACH COUNTY,Masonry
372226,PALM BEACH COUNTY,Masonry
701640,PALM BEACH COUNTY,Reinforced Masonry
675194,PALM BEACH COUNTY,Reinforced Concrete
478835,PALM BEACH COUNTY,Reinforced Concrete
969676,PALM BEACH COUNTY,Masonry
951318,PALM BEACH COUNTY,Masonry
516056,PALM BEACH COUNTY,Reinforced Masonry
704789,PALM BEACH COUNTY,Reinforced Concrete
230993,PALM BEACH COUNTY,Reinforced Masonry
327845,PALM BEACH COUNTY,Reinforced Masonry
625580,PALM BEACH COUNTY,Reinforced Masonry
756754,PALM BEACH COUNTY,Reinforced Masonry
276123,PALM BEACH COUNTY,Reinforced Masonry
795555,PALM BEACH COUNTY,Reinforced Masonry
514803,PALM BEACH COUNTY,Masonry
321321,PALM BEACH COUNTY,Wood
774905,PALM BEACH COUNTY,Wood
144712,PALM BEACH COUNTY,Wood
240205,PALM BEACH COUNTY,Masonry
819521,PALM BEACH COUNTY,Reinforced Concrete
145741,PALM BEACH COUNTY,Reinforced Masonry
998160,PALM BEACH COUNTY,Masonry
841300,PALM BEACH COUNTY,Reinforced Masonry
817061,PALM BEACH COUNTY,Masonry
868175,PALM BEACH COUNTY,Wood
736872,PALM BEACH COUNTY,Masonry
274387,PALM BEACH COUNTY,Wood
635816,PALM BEACH COUNTY,Wood
176275,PALM BEACH COUNTY,Reinforced Masonry
645484,PALM BEACH COUNTY,Reinforced Masonry
368748,PALM BEACH COUNTY,Masonry
344066,PALM BEACH COUNTY,Wood
552510,PALM BEACH COUNTY,Masonry
110038,PALM BEACH COUNTY,Reinforced Masonry
345434,PALM BEACH COUNTY,Masonry
760997,PALM BEACH COUNTY,Reinforced Concrete
696394,PALM BEACH COUNTY,Masonry
533487,PALM BEACH COUNTY,Masonry
285215,PALM BEACH COUNTY,Masonry
291231,PALM BEACH COUNTY,Wood
981881,PALM BEACH COUNTY,Wood
526985,PALM BEACH COUNTY,Wood
577172,PALM BEACH COUNTY,Reinforced Masonry
686348,PALM BEACH COUNTY,Wood
188544,PALM BEACH COUNTY,Reinforced Masonry
415659,PALM BEACH COUNTY,Wood
796368,PALM BEACH COUNTY,Masonry
148333,PALM BEACH COUNTY,Masonry
336772,PALM BEACH COUNTY,Reinforced Masonry
110787,PALM BEACH COUNTY,Masonry
940610,PALM BEACH COUNTY,Masonry
671280,PALM BEACH COUNTY,Wood
838006,PALM BEACH COUNTY,Wood
894472,PALM BEACH COUNTY,Wood
231961,PALM BEACH COUNTY,Wood
195893,PALM BEACH COUNTY,Wood
224659,PALM BEACH COUNTY,Wood
408256,PALM BEACH COUNTY,Wood
919731,PALM BEACH COUNTY,Wood
172549,PALM BEACH COUNTY,Wood
280899,PALM BEACH COUNTY,Wood
539355,PALM BEACH COUNTY,Wood
399294,PALM BEACH COUNTY,Masonry
585337,PALM BEACH COUNTY,Masonry
473898,PALM BEACH COUNTY,Masonry
323477,PALM BEACH COUNTY,Masonry
205162,PALM BEACH COUNTY,Masonry
740965,PALM BEACH COUNTY,Masonry
621169,PALM BEACH COUNTY,Masonry
789886,PALM BEACH COUNTY,Masonry
391794,PALM BEACH COUNTY,Masonry
127581,PALM BEACH COUNTY,Masonry
224123,PALM BEACH COUNTY,Reinforced Masonry
325743,PALM BEACH COUNTY,Masonry
131694,PALM BEACH COUNTY,Reinforced Concrete
878318,PALM BEACH COUNTY,Wood
671073,PALM BEACH COUNTY,Wood
909085,PALM BEACH COUNTY,Wood
290117,PALM BEACH COUNTY,Wood
333944,PALM BEACH COUNTY,Wood
919800,PALM BEACH COUNTY,Wood
834688,PALM BEACH COUNTY,Wood
915760,PALM BEACH COUNTY,Wood
229310,PALM BEACH COUNTY,Wood
611400,PALM BEACH COUNTY,Wood
463798,PALM BEACH COUNTY,Wood
787698,PALM BEACH COUNTY,Wood
247236,PALM BEACH COUNTY,Masonry
918139,PALM BEACH COUNTY,Masonry
470089,PALM BEACH COUNTY,Masonry
912755,PALM BEACH COUNTY,Wood
217470,PALM BEACH COUNTY,Wood
729114,PALM BEACH COUNTY,Wood
158798,PALM BEACH COUNTY,Wood
257327,PALM BEACH COUNTY,Masonry
550281,PALM BEACH COUNTY,Wood
379524,PALM BEACH COUNTY,Wood
454589,PALM BEACH COUNTY,Wood
837946,PALM BEACH COUNTY,Reinforced Concrete
266294,PALM BEACH COUNTY,Wood
741466,PALM BEACH COUNTY,Wood
302106,PALM BEACH COUNTY,Wood
212816,PALM BEACH COUNTY,Reinforced Concrete
204958,PALM BEACH COUNTY,Wood
528110,PALM BEACH COUNTY,Wood
698028,PALM BEACH COUNTY,Wood
627782,PALM BEACH COUNTY,Wood
144805,PALM BEACH COUNTY,Wood
966909,PALM BEACH COUNTY,Wood
332356,PALM BEACH COUNTY,Wood
601900,PALM BEACH COUNTY,Wood
734519,PALM BEACH COUNTY,Wood
139126,PALM BEACH COUNTY,Wood
973100,PALM BEACH COUNTY,Wood
725362,PALM BEACH COUNTY,Reinforced Masonry
607093,PALM BEACH COUNTY,Masonry
984532,PALM BEACH COUNTY,Masonry
246125,PALM BEACH COUNTY,Masonry
787077,PALM BEACH COUNTY,Masonry
989133,PALM BEACH COUNTY,Masonry
398156,PALM BEACH COUNTY,Masonry
566647,PALM BEACH COUNTY,Masonry
593934,PALM BEACH COUNTY,Masonry
707249,PALM BEACH COUNTY,Masonry
237433,PALM BEACH COUNTY,Masonry
942943,PALM BEACH COUNTY,Masonry
564361,PALM BEACH COUNTY,Wood
252034,PALM BEACH COUNTY,Wood
860778,PALM BEACH COUNTY,Reinforced Masonry
842005,PALM BEACH COUNTY,Wood
114570,PALM BEACH COUNTY,Wood
930765,PALM BEACH COUNTY,Wood
819765,PALM BEACH COUNTY,Wood
863978,PALM BEACH COUNTY,Wood
671348,PALM BEACH COUNTY,Wood
896800,PALM BEACH COUNTY,Reinforced Masonry
903842,PALM BEACH COUNTY,Reinforced Masonry
548130,PALM BEACH COUNTY,Reinforced Masonry
914413,PALM BEACH COUNTY,Reinforced Masonry
588422,PALM BEACH COUNTY,Masonry
889805,PALM BEACH COUNTY,Reinforced Masonry
878358,PALM BEACH COUNTY,Wood
761598,PALM BEACH COUNTY,Wood
694120,PALM BEACH COUNTY,Wood
875438,PALM BEACH COUNTY,Wood
441374,PALM BEACH COUNTY,Wood
977738,PALM BEACH COUNTY,Wood
642567,PALM BEACH COUNTY,Wood
816859,PALM BEACH COUNTY,Wood
346647,PALM BEACH COUNTY,Wood
217509,PALM BEACH COUNTY,Wood
675687,PALM BEACH COUNTY,Wood
734113,PALM BEACH COUNTY,Wood
171170,PALM BEACH COUNTY,Wood
918025,PALM BEACH COUNTY,Wood
281205,PALM BEACH COUNTY,Wood
578981,PALM BEACH COUNTY,Wood
437820,PALM BEACH COUNTY,Wood
448435,PALM BEACH COUNTY,Wood
555741,PALM BEACH COUNTY,Wood
961652,PALM BEACH COUNTY,Wood
696084,PALM BEACH COUNTY,Masonry
364514,PALM BEACH COUNTY,Wood
797645,PALM BEACH COUNTY,Wood
378044,PALM BEACH COUNTY,Masonry
577324,PALM BEACH COUNTY,Masonry
901052,PALM BEACH COUNTY,Reinforced Masonry
422179,PALM BEACH COUNTY,Wood
629550,PALM BEACH COUNTY,Masonry
801214,PALM BEACH COUNTY,Wood
414978,PALM BEACH COUNTY,Reinforced Masonry
135097,MARTIN COUNTY,Wood
846296,MARTIN COUNTY,Wood
764485,HENDRY COUNTY,Wood
447502,HENDRY COUNTY,Wood
733746,HENDRY COUNTY,Wood
788650,HENDRY COUNTY,Wood
986344,HENDRY COUNTY,Masonry
656915,HENDRY COUNTY,Wood
693692,HENDRY COUNTY,Wood
204616,HENDRY COUNTY,Wood
441319,HENDRY COUNTY,Wood
972029,HENDRY COUNTY,Wood
560870,HENDRY COUNTY,Wood
821455,HENDRY COUNTY,Wood
596043,HENDRY COUNTY,Wood
648892,HENDRY COUNTY,Masonry
793207,HENDRY COUNTY,Wood
359566,HENDRY COUNTY,Masonry
263391,HENDRY COUNTY,Wood
876364,HENDRY COUNTY,Wood
952010,HENDRY COUNTY,Masonry
352933,HENDRY COUNTY,Wood
863973,HENDRY COUNTY,Wood
917933,HENDRY COUNTY,Reinforced Concrete
797732,HENDRY COUNTY,Wood
583764,HENDRY COUNTY,Reinforced Masonry
424618,HENDRY COUNTY,Masonry
992497,HENDRY COUNTY,Wood
878064,HENDRY COUNTY,Reinforced Masonry
333054,HENDRY COUNTY,Wood
867770,HENDRY COUNTY,Wood
630997,HENDRY COUNTY,Masonry
179291,HENDRY COUNTY,Wood
492363,BROWARD COUNTY,Masonry
884131,BROWARD COUNTY,Wood
962625,BROWARD COUNTY,Wood
644334,BROWARD COUNTY,Masonry
983580,BROWARD COUNTY,Wood
114489,BROWARD COUNTY,Masonry
865924,BROWARD COUNTY,Masonry
750333,BROWARD COUNTY,Masonry
761721,BROWARD COUNTY,Masonry
657516,BROWARD COUNTY,Wood
309221,BROWARD COUNTY,Wood
612625,BROWARD COUNTY,Wood
949171,BROWARD COUNTY,Reinforced Masonry
145355,BROWARD COUNTY,Reinforced Masonry
848551,BROWARD COUNTY,Reinforced Concrete
761175,BROWARD COUNTY,Masonry
343025,BROWARD COUNTY,Reinforced Masonry
234516,BROWARD COUNTY,Masonry
662512,BROWARD COUNTY,Steel Frame
314394,BROWARD COUNTY,Wood
293375,BROWARD COUNTY,Masonry
305898,BROWARD COUNTY,Masonry
801805,BROWARD COUNTY,Wood
840401,BROWARD COUNTY,Wood
353062,BROWARD COUNTY,Wood
115397,BROWARD COUNTY,Masonry
232709,BROWARD COUNTY,Masonry
474344,BROWARD COUNTY,Wood
746999,BROWARD COUNTY,Wood
224584,BROWARD COUNTY,Wood
736223,BROWARD COUNTY,Wood
696316,BROWARD COUNTY,Masonry
934490,BROWARD COUNTY,Masonry
264528,BROWARD COUNTY,Masonry
983011,BROWARD COUNTY,Wood
598388,BROWARD COUNTY,Wood
909445,BROWARD COUNTY,Reinforced Concrete
288526,BROWARD COUNTY,Reinforced Masonry
712172,BROWARD COUNTY,Reinforced Concrete
382520,BROWARD COUNTY,Masonry
288076,BROWARD COUNTY,Masonry
307252,BROWARD COUNTY,Masonry
289827,BROWARD COUNTY,Masonry
939949,BROWARD COUNTY,Masonry
606923,BROWARD COUNTY,Masonry
156576,BROWARD COUNTY,Masonry
768252,BROWARD COUNTY,Masonry
542804,BROWARD COUNTY,Masonry
520876,BROWARD COUNTY,Masonry
756347,BROWARD COUNTY,Masonry
259330,BROWARD COUNTY,Masonry
725372,BROWARD COUNTY,Masonry
291717,BROWARD COUNTY,Masonry
202955,BROWARD COUNTY,Masonry
495250,BROWARD COUNTY,Masonry
710032,BROWARD COUNTY,Masonry
400795,BROWARD COUNTY,Masonry
778066,BROWARD COUNTY,Reinforced Masonry
318226,BROWARD COUNTY,Reinforced Concrete
496052,BROWARD COUNTY,Reinforced Masonry
303967,BROWARD COUNTY,Masonry
654965,BROWARD COUNTY,Masonry
303708,BROWARD COUNTY,Masonry
496170,BROWARD COUNTY,Masonry
568730,BROWARD COUNTY,Reinforced Masonry
722183,BROWARD COUNTY,Masonry
643156,BROWARD COUNTY,Reinforced Concrete
116508,BROWARD COUNTY,Reinforced Concrete
672978,BROWARD COUNTY,Reinforced Masonry
660490,BROWARD COUNTY,Reinforced Masonry
660371,BROWARD COUNTY,Reinforced Masonry
422064,BROWARD COUNTY,Wood
562842,BROWARD COUNTY,Reinforced Masonry
271982,BROWARD COUNTY,Masonry
171781,BROWARD COUNTY,Steel Frame
269803,BROWARD COUNTY,Masonry
368479,BROWARD COUNTY,Wood
672700,BROWARD COUNTY,Reinforced Masonry
331943,BROWARD COUNTY,Reinforced Masonry
383676,PALM BEACH COUNTY,Reinforced Masonry
274980,PALM BEACH COUNTY,Wood
564104,PALM BEACH COUNTY,Reinforced Masonry
176573,PALM BEACH COUNTY,Masonry
211897,PALM BEACH COUNTY,Masonry
521129,PALM BEACH COUNTY,Masonry
831414,PALM BEACH COUNTY,Wood
885647,PALM BEACH COUNTY,Masonry
975128,PALM BEACH COUNTY,Masonry
378166,PALM BEACH COUNTY,Masonry
202273,PALM BEACH COUNTY,Wood
112204,PALM BEACH COUNTY,Reinforced Masonry
879061,PALM BEACH COUNTY,Masonry
959529,PALM BEACH COUNTY,Masonry
280416,PALM BEACH COUNTY,Masonry
167332,PALM BEACH COUNTY,Masonry
302434,PALM BEACH COUNTY,Reinforced Masonry
580522,PALM BEACH COUNTY,Wood
699718,PALM BEACH COUNTY,Masonry
500553,PALM BEACH COUNTY,Wood
382781,PALM BEACH COUNTY,Wood
522284,PALM BEACH COUNTY,Wood
417461,PALM BEACH COUNTY,Wood
149018,PALM BEACH COUNTY,Wood
755235,PALM BEACH COUNTY,Wood
892337,PALM BEACH COUNTY,Wood
937166,PALM BEACH COUNTY,Wood
833625,PALM BEACH COUNTY,Wood
353201,PALM BEACH COUNTY,Wood
813811,PALM BEACH COUNTY,Wood
486231,PALM BEACH COUNTY,Masonry
919922,PALM BEACH COUNTY,Reinforced Masonry
962821,PALM BEACH COUNTY,Masonry
310748,PALM BEACH COUNTY,Masonry
457236,PALM BEACH COUNTY,Masonry
258587,PALM BEACH COUNTY,Masonry
672866,PALM BEACH COUNTY,Masonry
162878,PALM BEACH COUNTY,Masonry
181831,PALM BEACH COUNTY,Wood
201686,PALM BEACH COUNTY,Wood
469746,PALM BEACH COUNTY,Wood
241178,PALM BEACH COUNTY,Reinforced Masonry
540710,PALM BEACH COUNTY,Masonry
982646,PALM BEACH COUNTY,Masonry
530579,PALM BEACH COUNTY,Masonry
684574,PALM BEACH COUNTY,Masonry
627985,PALM BEACH COUNTY,Masonry
866197,PALM BEACH COUNTY,Masonry
168875,PALM BEACH COUNTY,Wood
824858,PALM BEACH COUNTY,Wood
707250,PALM BEACH COUNTY,Wood
854535,PALM BEACH COUNTY,Wood
343582,PALM BEACH COUNTY,Wood
209055,PALM BEACH COUNTY,Wood
614689,PALM BEACH COUNTY,Wood
383066,PALM BEACH COUNTY,Wood
295070,PALM BEACH COUNTY,Reinforced Masonry
497371,PALM BEACH COUNTY,Masonry
411837,PALM BEACH COUNTY,Wood
212207,PALM BEACH COUNTY,Wood
878023,PALM BEACH COUNTY,Wood
916189,PALM BEACH COUNTY,Wood
541490,PALM BEACH COUNTY,Wood
461238,PALM BEACH COUNTY,Masonry
715323,PALM BEACH COUNTY,Wood
514723,PALM BEACH COUNTY,Wood
964205,PALM BEACH COUNTY,Wood
618561,PALM BEACH COUNTY,Wood
128734,PALM BEACH COUNTY,Masonry
705657,PALM BEACH COUNTY,Wood
783882,PALM BEACH COUNTY,Wood
814694,PALM BEACH COUNTY,Wood
880729,PALM BEACH COUNTY,Reinforced Masonry
518640,PALM BEACH COUNTY,Wood
902583,PALM BEACH COUNTY,Masonry
845434,PALM BEACH COUNTY,Wood
182092,PALM BEACH COUNTY,Wood
242461,PALM BEACH COUNTY,Wood
136630,PALM BEACH COUNTY,Wood
556137,PALM BEACH COUNTY,Wood
823413,PALM BEACH COUNTY,Wood
269284,PALM BEACH COUNTY,Reinforced Masonry
733046,PALM BEACH COUNTY,Wood
200399,PALM BEACH COUNTY,Reinforced Masonry
119497,PALM BEACH COUNTY,Reinforced Masonry
474854,PALM BEACH COUNTY,Reinforced Concrete
648268,PALM BEACH COUNTY,Reinforced Masonry
276856,PALM BEACH COUNTY,Wood
728732,PALM BEACH COUNTY,Masonry
879093,PALM BEACH COUNTY,Masonry
953188,PALM BEACH COUNTY,Masonry
647887,PALM BEACH COUNTY,Wood
523893,PALM BEACH COUNTY,Wood
331337,PALM BEACH COUNTY,Wood
518247,PALM BEACH COUNTY,Wood
987909,PALM BEACH COUNTY,Masonry
764940,PALM BEACH COUNTY,Masonry
418371,PALM BEACH COUNTY,Reinforced Concrete
564256,PALM BEACH COUNTY,Masonry
105377,PALM BEACH COUNTY,Reinforced Masonry
846404,PALM BEACH COUNTY,Masonry
201225,PALM BEACH COUNTY,Masonry
543990,PALM BEACH COUNTY,Reinforced Masonry
293094,PALM BEACH COUNTY,Wood
993160,PALM BEACH COUNTY,Wood
428975,PALM BEACH COUNTY,Wood
964042,PALM BEACH COUNTY,Masonry
437744,PALM BEACH COUNTY,Reinforced Masonry
200881,PALM BEACH COUNTY,Reinforced Masonry
886129,PALM BEACH COUNTY,Wood
382254,PALM BEACH COUNTY,Wood
310897,PALM BEACH COUNTY,Wood
289283,PALM BEACH COUNTY,Wood
718106,PALM BEACH COUNTY,Reinforced Masonry
456922,PALM BEACH COUNTY,Wood
597949,PALM BEACH COUNTY,Wood
208716,PALM BEACH COUNTY,Wood
205125,PALM BEACH COUNTY,Wood
327243,PALM BEACH COUNTY,Masonry
510597,PALM BEACH COUNTY,Masonry
146346,PALM BEACH COUNTY,Masonry
920934,PALM BEACH COUNTY,Wood
948993,PALM BEACH COUNTY,Wood
681810,PALM BEACH COUNTY,Wood
714510,PALM BEACH COUNTY,Masonry
506025,PALM BEACH COUNTY,Masonry
105185,PALM BEACH COUNTY,Wood
888808,PALM BEACH COUNTY,Reinforced Masonry
735015,PALM BEACH COUNTY,Masonry
390350,PALM BEACH COUNTY,Masonry
527714,PALM BEACH COUNTY,Reinforced Masonry
983455,PALM BEACH COUNTY,Reinforced Masonry
384413,PALM BEACH COUNTY,Masonry
156315,PALM BEACH COUNTY,Wood
389613,PALM BEACH COUNTY,Wood
151284,PALM BEACH COUNTY,Wood
760832,PALM BEACH COUNTY,Wood
252266,PALM BEACH COUNTY,Wood
850769,PALM BEACH COUNTY,Masonry
468396,PALM BEACH COUNTY,Masonry
414419,PALM BEACH COUNTY,Wood
603469,PALM BEACH COUNTY,Wood
602466,PALM BEACH COUNTY,Wood
741799,PALM BEACH COUNTY,Wood
849006,PALM BEACH COUNTY,Wood
866544,PALM BEACH COUNTY,Wood
654052,PALM BEACH COUNTY,Wood
685474,PALM BEACH COUNTY,Wood
342612,PALM BEACH COUNTY,Wood
833388,PALM BEACH COUNTY,Wood
351659,PALM BEACH COUNTY,Wood
122044,PALM BEACH COUNTY,Reinforced Masonry
669176,PALM BEACH COUNTY,Masonry
222187,PALM BEACH COUNTY,Masonry
242261,PALM BEACH COUNTY,Masonry
197716,PALM BEACH COUNTY,Wood
522763,PALM BEACH COUNTY,Wood
417068,PALM BEACH COUNTY,Wood
540735,PALM BEACH COUNTY,Steel Frame
733731,PALM BEACH COUNTY,Reinforced Concrete
809799,PALM BEACH COUNTY,Masonry
754053,PALM BEACH COUNTY,Wood
243882,PALM BEACH COUNTY,Wood
970402,PALM BEACH COUNTY,Wood
547696,PALM BEACH COUNTY,Wood
763775,PALM BEACH COUNTY,Wood
733941,PALM BEACH COUNTY,Masonry
975437,PALM BEACH COUNTY,Wood
608802,PALM BEACH COUNTY,Wood
799078,PALM BEACH COUNTY,Wood
209309,PALM BEACH COUNTY,Wood
388125,PALM BEACH COUNTY,Wood
714951,PALM BEACH COUNTY,Wood
658689,PALM BEACH COUNTY,Wood
784910,PALM BEACH COUNTY,Masonry
624447,PALM BEACH COUNTY,Reinforced Masonry
870025,PALM BEACH COUNTY,Masonry
169878,PALM BEACH COUNTY,Reinforced Concrete
863597,PALM BEACH COUNTY,Masonry
215321,PALM BEACH COUNTY,Reinforced Masonry
556440,PALM BEACH COUNTY,Reinforced Masonry
797720,PALM BEACH COUNTY,Wood
292341,PALM BEACH COUNTY,Reinforced Masonry
786037,PALM BEACH COUNTY,Reinforced Masonry
294898,PALM BEACH COUNTY,Wood
453594,PALM BEACH COUNTY,Wood
589601,PALM BEACH COUNTY,Wood
536409,PALM BEACH COUNTY,Wood
743923,PALM BEACH COUNTY,Masonry
643706,PASCO COUNTY,Wood
808296,MARTIN COUNTY,Wood
162639,MARTIN COUNTY,Wood
946642,MARTIN COUNTY,Wood
728504,MARTIN COUNTY,Wood
597981,MARTIN COUNTY,Wood
536270,MARTIN COUNTY,Wood
414567,MARTIN COUNTY,Wood
743820,MARTIN COUNTY,Reinforced Masonry
998195,MARTIN COUNTY,Reinforced Masonry
306272,MARTIN COUNTY,Wood
185934,MARTIN COUNTY,Wood
103870,MARTIN COUNTY,Masonry
393472,MARTIN COUNTY,Masonry
493399,MARTIN COUNTY,Masonry
238736,MARTIN COUNTY,Reinforced Masonry
760733,MARTIN COUNTY,Masonry
741255,MARTIN COUNTY,Wood
678026,MARTIN COUNTY,Wood
292386,MARTIN COUNTY,Wood
220181,MARTIN COUNTY,Wood
571237,MARTIN COUNTY,Wood
714785,MARTIN COUNTY,Wood
882489,MARTIN COUNTY,Wood
192325,MARTIN COUNTY,Wood
491285,MARTIN COUNTY,Wood
140961,MARTIN COUNTY,Wood
526928,MARTIN COUNTY,Wood
972026,MARTIN COUNTY,Wood
962914,MARTIN COUNTY,Wood
937920,MARTIN COUNTY,Wood
116242,MARTIN COUNTY,Wood
376342,MARTIN COUNTY,Wood
200116,MARTIN COUNTY,Wood
950984,MARTIN COUNTY,Wood
200416,MARTIN COUNTY,Wood
393748,MARTIN COUNTY,Wood
643140,MARTIN COUNTY,Wood
642210,MARTIN COUNTY,Wood
863133,MARTIN COUNTY,Wood
939835,MARTIN COUNTY,Wood
490326,MARTIN COUNTY,Wood
860174,MARTIN COUNTY,Wood
560615,MARTIN COUNTY,Wood
829676,MARTIN COUNTY,Wood
495388,MARTIN COUNTY,Wood
804997,MARTIN COUNTY,Wood
221803,MARTIN COUNTY,Wood
848101,MARTIN COUNTY,Wood
453842,MARTIN COUNTY,Wood
644327,MARTIN COUNTY,Wood
984617,MARTIN COUNTY,Wood
784022,MARTIN COUNTY,Wood
409624,MARTIN COUNTY,Wood
334993,MARTIN COUNTY,Wood
534875,MARTIN COUNTY,Wood
557661,MARTIN COUNTY,Wood
106769,MARTIN COUNTY,Wood
992220,MARTIN COUNTY,Wood
679819,MARTIN COUNTY,Wood
570337,MARTIN COUNTY,Wood
452319,MARTIN COUNTY,Wood
882417,MARTIN COUNTY,Wood
215951,MARTIN COUNTY,Wood
720082,MARTIN COUNTY,Wood
872836,MARTIN COUNTY,Wood
839000,MARTIN COUNTY,Wood
290830,MARTIN COUNTY,Wood
365714,MARTIN COUNTY,Wood
807741,MARTIN COUNTY,Wood
190955,MARTIN COUNTY,Wood
458834,MARTIN COUNTY,Wood
970549,MARTIN COUNTY,Wood
333913,MARTIN COUNTY,Wood
766023,MARTIN COUNTY,Wood
307914,MARTIN COUNTY,Wood
359526,MARTIN COUNTY,Wood
508002,MARTIN COUNTY,Wood
214095,MARTIN COUNTY,Wood
165498,MARTIN COUNTY,Wood
202148,MARTIN COUNTY,Wood
950305,MARTIN COUNTY,Wood
256811,MARTIN COUNTY,Wood
745554,MARTIN COUNTY,Wood
356378,MARTIN COUNTY,Wood
393648,MARTIN COUNTY,Wood
615561,MARTIN COUNTY,Wood
994539,MARTIN COUNTY,Wood
604002,MARTIN COUNTY,Wood
704946,MARTIN COUNTY,Reinforced Masonry
556125,MARTIN COUNTY,Wood
183738,MARTIN COUNTY,Masonry
397616,MARTIN COUNTY,Reinforced Masonry
592644,MARTIN COUNTY,Wood
706655,MARTIN COUNTY,Masonry
492850,MARTIN COUNTY,Masonry
297716,MARTIN COUNTY,Wood
332394,MARTIN COUNTY,Wood
336879,MARTIN COUNTY,Masonry
773149,MARTIN COUNTY,Wood
432892,MARTIN COUNTY,Masonry
306639,MARTIN COUNTY,Wood
126808,PALM BEACH COUNTY,Reinforced Masonry
342135,PALM BEACH COUNTY,Reinforced Concrete
788047,PALM BEACH COUNTY,Wood
686006,PALM BEACH COUNTY,Reinforced Masonry
142851,PALM BEACH COUNTY,Reinforced Masonry
351231,PALM BEACH COUNTY,Reinforced Masonry
891433,PALM BEACH COUNTY,Reinforced Masonry
247416,PALM BEACH COUNTY,Reinforced Masonry
545611,PALM BEACH COUNTY,Reinforced Masonry
581060,PALM BEACH COUNTY,Reinforced Masonry
222980,PALM BEACH COUNTY,Reinforced Masonry
106020,PALM BEACH COUNTY,Reinforced Masonry
743699,PALM BEACH COUNTY,Wood
353785,PALM BEACH COUNTY,Wood
509775,PALM BEACH COUNTY,Wood
478427,PALM BEACH COUNTY,Wood
627736,PALM BEACH COUNTY,Wood
911119,PALM BEACH COUNTY,Wood
822964,PALM BEACH COUNTY,Wood
381183,PALM BEACH COUNTY,Masonry
870643,PALM BEACH COUNTY,Masonry
664824,PALM BEACH COUNTY,Masonry
108226,PALM BEACH COUNTY,Wood
121836,PALM BEACH COUNTY,Wood
693397,PALM BEACH COUNTY,Wood
933190,PALM BEACH COUNTY,Masonry
155981,PALM BEACH COUNTY,Wood
611262,PALM BEACH COUNTY,Wood
916488,PALM BEACH COUNTY,Wood
411505,PALM BEACH COUNTY,Wood
259911,PALM BEACH COUNTY,Wood
513109,PALM BEACH COUNTY,Wood
479888,PALM BEACH COUNTY,Wood
215568,PALM BEACH COUNTY,Wood
696889,PALM BEACH COUNTY,Wood
645672,PALM BEACH COUNTY,Wood
237535,PALM BEACH COUNTY,Wood
612606,PALM BEACH COUNTY,Wood
289584,PALM BEACH COUNTY,Wood
146861,PALM BEACH COUNTY,Wood
630662,PALM BEACH COUNTY,Wood
585624,PALM BEACH COUNTY,Wood
458695,PALM BEACH COUNTY,Masonry
261115,PALM BEACH COUNTY,Wood
965755,PALM BEACH COUNTY,Wood
389918,PALM BEACH COUNTY,Wood
869031,PALM BEACH COUNTY,Reinforced Masonry
699150,PALM BEACH COUNTY,Wood
929632,PALM BEACH COUNTY,Wood
166735,PALM BEACH COUNTY,Wood
310208,PALM BEACH COUNTY,Wood
522674,PALM BEACH COUNTY,Reinforced Masonry
991887,PALM BEACH COUNTY,Wood
705780,PALM BEACH COUNTY,Wood
619315,PALM BEACH COUNTY,Wood
128879,PALM BEACH COUNTY,Wood
429953,PALM BEACH COUNTY,Reinforced Concrete
787622,PALM BEACH COUNTY,Wood
773945,PALM BEACH COUNTY,Masonry
989027,PALM BEACH COUNTY,Wood
398650,PALM BEACH COUNTY,Reinforced Masonry
941509,PALM BEACH COUNTY,Reinforced Masonry
508350,PALM BEACH COUNTY,Wood
903064,PALM BEACH COUNTY,Reinforced Concrete
333578,PALM BEACH COUNTY,Masonry
246771,PALM BEACH COUNTY,Reinforced Masonry
420315,PALM BEACH COUNTY,Masonry
417020,PALM BEACH COUNTY,Wood
351468,PALM BEACH COUNTY,Reinforced Masonry
170046,PALM BEACH COUNTY,Reinforced Masonry
627408,PALM BEACH COUNTY,Reinforced Masonry
889208,PALM BEACH COUNTY,Reinforced Masonry
291785,PALM BEACH COUNTY,Masonry
428729,PALM BEACH COUNTY,Masonry
846920,PALM BEACH COUNTY,Masonry
106615,PALM BEACH COUNTY,Masonry
417998,PALM BEACH COUNTY,Masonry
644502,PALM BEACH COUNTY,Masonry
640266,PALM BEACH COUNTY,Reinforced Masonry
324517,PALM BEACH COUNTY,Reinforced Masonry
569339,PALM BEACH COUNTY,Masonry
221403,PALM BEACH COUNTY,Masonry
268532,PALM BEACH COUNTY,Masonry
382436,PALM BEACH COUNTY,Wood
471765,PALM BEACH COUNTY,Masonry
677434,PALM BEACH COUNTY,Masonry
191466,PALM BEACH COUNTY,Masonry
172512,PALM BEACH COUNTY,Reinforced Masonry
371231,PALM BEACH COUNTY,Wood
447651,PALM BEACH COUNTY,Masonry
442174,PALM BEACH COUNTY,Reinforced Masonry
170604,PALM BEACH COUNTY,Masonry
783412,PALM BEACH COUNTY,Masonry
852592,PALM BEACH COUNTY,Masonry
832323,PALM BEACH COUNTY,Masonry
942666,PALM BEACH COUNTY,Wood
898953,PALM BEACH COUNTY,Masonry
323567,PALM BEACH COUNTY,Masonry
360117,PALM BEACH COUNTY,Wood
383443,PALM BEACH COUNTY,Wood
922321,PALM BEACH COUNTY,Wood
552486,PALM BEACH COUNTY,Reinforced Masonry
502755,PALM BEACH COUNTY,Wood
918793,PALM BEACH COUNTY,Masonry
945779,PALM BEACH COUNTY,Wood
327017,PALM BEACH COUNTY,Wood
281164,PALM BEACH COUNTY,Wood
323690,PALM BEACH COUNTY,Reinforced Masonry
447193,PALM BEACH COUNTY,Wood
414455,PALM BEACH COUNTY,Masonry
797000,PALM BEACH COUNTY,Masonry
371060,PALM BEACH COUNTY,Masonry
791620,PALM BEACH COUNTY,Wood
232567,PALM BEACH COUNTY,Masonry
370762,PALM BEACH COUNTY,Masonry
753498,PALM BEACH COUNTY,Masonry
377758,PALM BEACH COUNTY,Reinforced Masonry
196554,PALM BEACH COUNTY,Wood
529962,PALM BEACH COUNTY,Wood
509091,PALM BEACH COUNTY,Reinforced Masonry
535241,PALM BEACH COUNTY,Wood
594847,PALM BEACH COUNTY,Masonry
705401,PALM BEACH COUNTY,Wood
746267,PALM BEACH COUNTY,Masonry
229188,PALM BEACH COUNTY,Masonry
462689,PALM BEACH COUNTY,Wood
845605,PALM BEACH COUNTY,Wood
595504,PALM BEACH COUNTY,Masonry
992782,PALM BEACH COUNTY,Wood
608738,PALM BEACH COUNTY,Wood
884782,PALM BEACH COUNTY,Wood
968162,PALM BEACH COUNTY,Masonry
725463,PALM BEACH COUNTY,Wood
728292,PALM BEACH COUNTY,Masonry
692758,PALM BEACH COUNTY,Wood
522002,PALM BEACH COUNTY,Wood
485335,PALM BEACH COUNTY,Wood
171406,PALM BEACH COUNTY,Wood
492735,PALM BEACH COUNTY,Wood
378953,PALM BEACH COUNTY,Wood
333156,PALM BEACH COUNTY,Wood
707431,PALM BEACH COUNTY,Wood
603169,PALM BEACH COUNTY,Wood
435161,PALM BEACH COUNTY,Wood
700837,PALM BEACH COUNTY,Wood
135033,PALM BEACH COUNTY,Wood
753524,PALM BEACH COUNTY,Wood
422103,PALM BEACH COUNTY,Wood
688504,PALM BEACH COUNTY,Wood
722162,PALM BEACH COUNTY,Wood
566264,PALM BEACH COUNTY,Wood
463490,PALM BEACH COUNTY,Wood
659802,PALM BEACH COUNTY,Wood
482066,PALM BEACH COUNTY,Wood
178447,PALM BEACH COUNTY,Masonry
590412,PALM BEACH COUNTY,Reinforced Concrete
895401,PALM BEACH COUNTY,Masonry
864549,PALM BEACH COUNTY,Wood
177678,PALM BEACH COUNTY,Wood
145365,PALM BEACH COUNTY,Wood
917590,PALM BEACH COUNTY,Wood
280012,PALM BEACH COUNTY,Wood
191965,PALM BEACH COUNTY,Wood
395080,PALM BEACH COUNTY,Reinforced Masonry
783018,PALM BEACH COUNTY,Reinforced Masonry
410160,PALM BEACH COUNTY,Wood
992982,PALM BEACH COUNTY,Wood
391538,PALM BEACH COUNTY,Reinforced Concrete
371014,PALM BEACH COUNTY,Masonry
127045,PALM BEACH COUNTY,Wood
239736,PALM BEACH COUNTY,Wood
595751,PALM BEACH COUNTY,Wood
869288,PALM BEACH COUNTY,Wood
744006,PALM BEACH COUNTY,Masonry
802954,PALM BEACH COUNTY,Wood
402172,PALM BEACH COUNTY,Reinforced Masonry
840295,PALM BEACH COUNTY,Reinforced Masonry
802144,PALM BEACH COUNTY,Masonry
280639,PALM BEACH COUNTY,Wood
610885,PALM BEACH COUNTY,Wood
919387,PALM BEACH COUNTY,Wood
849554,PALM BEACH COUNTY,Wood
107060,PALM BEACH COUNTY,Wood
744261,PALM BEACH COUNTY,Masonry
257223,PALM BEACH COUNTY,Masonry
279325,PALM BEACH COUNTY,Wood
892634,PALM BEACH COUNTY,Wood
478161,PALM BEACH COUNTY,Reinforced Masonry
121025,PALM BEACH COUNTY,Masonry
327168,PALM BEACH COUNTY,Wood
822019,PALM BEACH COUNTY,Wood
249206,PALM BEACH COUNTY,Wood
455794,PALM BEACH COUNTY,Wood
244321,PALM BEACH COUNTY,Reinforced Masonry
440412,PALM BEACH COUNTY,Reinforced Masonry
673803,PALM BEACH COUNTY,Masonry
960976,PALM BEACH COUNTY,Reinforced Masonry
139941,PALM BEACH COUNTY,Masonry
827893,PALM BEACH COUNTY,Masonry
289711,PALM BEACH COUNTY,Masonry
855251,PALM BEACH COUNTY,Wood
434057,PALM BEACH COUNTY,Wood
465763,PALM BEACH COUNTY,Masonry
502960,PALM BEACH COUNTY,Masonry
367709,PALM BEACH COUNTY,Wood
623154,PALM BEACH COUNTY,Wood
164283,PALM BEACH COUNTY,Masonry
928885,PALM BEACH COUNTY,Masonry
176280,PALM BEACH COUNTY,Reinforced Masonry
496147,PALM BEACH COUNTY,Wood
133573,PALM BEACH COUNTY,Masonry
291806,PALM BEACH COUNTY,Reinforced Concrete
431369,PALM BEACH COUNTY,Masonry
945612,PALM BEACH COUNTY,Reinforced Masonry
131825,PALM BEACH COUNTY,Masonry
918546,PALM BEACH COUNTY,Masonry
277557,PALM BEACH COUNTY,Wood
543903,PALM BEACH COUNTY,Wood
993552,PALM BEACH COUNTY,Masonry
856215,PALM BEACH COUNTY,Wood
216770,PALM BEACH COUNTY,Masonry
715990,PALM BEACH COUNTY,Masonry
400294,PALM BEACH COUNTY,Masonry
607571,PALM BEACH COUNTY,Masonry
527228,PALM BEACH COUNTY,Reinforced Masonry
201458,PALM BEACH COUNTY,Wood
991496,PALM BEACH COUNTY,Masonry
704346,PALM BEACH COUNTY,Reinforced Concrete
107211,PALM BEACH COUNTY,Wood
844915,PALM BEACH COUNTY,Masonry
403895,PALM BEACH COUNTY,Wood
777606,PALM BEACH COUNTY,Wood
650491,PALM BEACH COUNTY,Wood
842165,PALM BEACH COUNTY,Wood
392695,PALM BEACH COUNTY,Wood
208692,PALM BEACH COUNTY,Wood
570061,PALM BEACH COUNTY,Wood
355655,PALM BEACH COUNTY,Wood
450122,PALM BEACH COUNTY,Wood
263885,PALM BEACH COUNTY,Wood
359751,PALM BEACH COUNTY,Wood
878311,PALM BEACH COUNTY,Masonry
878949,PALM BEACH COUNTY,Reinforced Masonry
898273,PALM BEACH COUNTY,Reinforced Masonry
942976,PALM BEACH COUNTY,Reinforced Masonry
380514,PALM BEACH COUNTY,Masonry
967020,PALM BEACH COUNTY,Steel Frame
592689,PALM BEACH COUNTY,Wood
368577,PALM BEACH COUNTY,Masonry
339207,PALM BEACH COUNTY,Wood
938391,PALM BEACH COUNTY,Wood
331929,PALM BEACH COUNTY,Wood
111754,PALM BEACH COUNTY,Wood
368603,PALM BEACH COUNTY,Reinforced Concrete
567171,PALM BEACH COUNTY,Reinforced Masonry
525411,PALM BEACH COUNTY,Reinforced Masonry
229937,PALM BEACH COUNTY,Wood
475714,PALM BEACH COUNTY,Wood
834814,PALM BEACH COUNTY,Wood
532329,PALM BEACH COUNTY,Wood
809452,PALM BEACH COUNTY,Reinforced Concrete
141605,PALM BEACH COUNTY,Masonry
418106,PALM BEACH COUNTY,Masonry
475275,PALM BEACH COUNTY,Wood
614596,PALM BEACH COUNTY,Wood
350478,PALM BEACH COUNTY,Wood
683291,PALM BEACH COUNTY,Wood
163398,PALM BEACH COUNTY,Wood
443066,PALM BEACH COUNTY,Reinforced Masonry
912461,PALM BEACH COUNTY,Reinforced Masonry
286489,PALM BEACH COUNTY,Wood
947745,PALM BEACH COUNTY,Wood
564328,PALM BEACH COUNTY,Reinforced Masonry
263030,PALM BEACH COUNTY,Reinforced Masonry
324802,PALM BEACH COUNTY,Wood
758933,PALM BEACH COUNTY,Reinforced Concrete
301891,PALM BEACH COUNTY,Masonry
595307,PALM BEACH COUNTY,Masonry
679526,PALM BEACH COUNTY,Masonry
324100,PALM BEACH COUNTY,Wood
847601,PALM BEACH COUNTY,Wood
750302,PALM BEACH COUNTY,Wood
134773,PALM BEACH COUNTY,Wood
853479,PALM BEACH COUNTY,Wood
897649,PALM BEACH COUNTY,Wood
816178,PALM BEACH COUNTY,Wood
635418,PALM BEACH COUNTY,Masonry
646528,PALM BEACH COUNTY,Wood
540131,PALM BEACH COUNTY,Wood
122986,PALM BEACH COUNTY,Wood
300460,PALM BEACH COUNTY,Masonry
391778,PALM BEACH COUNTY,Wood
701724,PALM BEACH COUNTY,Wood
578348,PALM BEACH COUNTY,Wood
341362,PALM BEACH COUNTY,Reinforced Concrete
602249,PALM BEACH COUNTY,Masonry
940085,PALM BEACH COUNTY,Masonry
259060,PALM BEACH COUNTY,Wood
220928,PALM BEACH COUNTY,Reinforced Masonry
907519,PALM BEACH COUNTY,Masonry
585059,PALM BEACH COUNTY,Wood
220763,PALM BEACH COUNTY,Wood
543092,PALM BEACH COUNTY,Wood
320290,PALM BEACH COUNTY,Wood
732471,PALM BEACH COUNTY,Wood
619811,PALM BEACH COUNTY,Wood
411705,PALM BEACH COUNTY,Wood
120280,PALM BEACH COUNTY,Wood
825437,PALM BEACH COUNTY,Wood
337470,PALM BEACH COUNTY,Wood
771240,PALM BEACH COUNTY,Wood
174690,PALM BEACH COUNTY,Wood
689193,PALM BEACH COUNTY,Wood
410861,PALM BEACH COUNTY,Wood
403181,PALM BEACH COUNTY,Wood
941260,PALM BEACH COUNTY,Wood
864667,PALM BEACH COUNTY,Wood
815503,PALM BEACH COUNTY,Wood
483977,PALM BEACH COUNTY,Wood
744380,PALM BEACH COUNTY,Reinforced Masonry
166354,PALM BEACH COUNTY,Masonry
569167,PALM BEACH COUNTY,Reinforced Concrete
670492,PALM BEACH COUNTY,Wood
491842,PALM BEACH COUNTY,Wood
897497,PALM BEACH COUNTY,Reinforced Masonry
174215,PALM BEACH COUNTY,Reinforced Masonry
572452,PALM BEACH COUNTY,Reinforced Masonry
828708,PALM BEACH COUNTY,Wood
969338,PALM BEACH COUNTY,Wood
248482,PALM BEACH COUNTY,Wood
787722,PALM BEACH COUNTY,Wood
118002,PALM BEACH COUNTY,Reinforced Masonry
642868,PALM BEACH COUNTY,Reinforced Masonry
483359,PALM BEACH COUNTY,Reinforced Concrete
317177,PALM BEACH COUNTY,Wood
158426,PALM BEACH COUNTY,Wood
504056,PALM BEACH COUNTY,Wood
390139,PALM BEACH COUNTY,Wood
405726,PALM BEACH COUNTY,Wood
619156,PALM BEACH COUNTY,Wood
887032,PALM BEACH COUNTY,Wood
913600,PALM BEACH COUNTY,Wood
520923,PALM BEACH COUNTY,Wood
362284,PALM BEACH COUNTY,Wood
507402,PALM BEACH COUNTY,Wood
485885,PALM BEACH COUNTY,Wood
552026,PALM BEACH COUNTY,Wood
505328,PALM BEACH COUNTY,Wood
936074,PALM BEACH COUNTY,Reinforced Masonry
442359,PALM BEACH COUNTY,Reinforced Masonry
440356,PALM BEACH COUNTY,Wood
533834,PALM BEACH COUNTY,Reinforced Concrete
191384,PALM BEACH COUNTY,Wood
595139,PALM BEACH COUNTY,Wood
598142,PALM BEACH COUNTY,Wood
945114,PALM BEACH COUNTY,Wood
461676,PALM BEACH COUNTY,Wood
878622,PALM BEACH COUNTY,Wood
707976,PALM BEACH COUNTY,Reinforced Masonry
625228,PALM BEACH COUNTY,Masonry
363209,PALM BEACH COUNTY,Wood
567556,PALM BEACH COUNTY,Wood
927372,PALM BEACH COUNTY,Wood
459832,PALM BEACH COUNTY,Wood
534744,PALM BEACH COUNTY,Wood
128751,PALM BEACH COUNTY,Wood
731030,PALM BEACH COUNTY,Wood
575413,PALM BEACH COUNTY,Wood
433771,PALM BEACH COUNTY,Wood
152774,PALM BEACH COUNTY,Wood
738929,PALM BEACH COUNTY,Masonry
413346,PALM BEACH COUNTY,Reinforced Masonry
673044,PALM BEACH COUNTY,Wood
882773,PALM BEACH COUNTY,Wood
235484,PALM BEACH COUNTY,Wood
439510,PALM BEACH COUNTY,Wood
156976,PALM BEACH COUNTY,Wood
734822,PALM BEACH COUNTY,Wood
480851,PALM BEACH COUNTY,Wood
993698,PALM BEACH COUNTY,Reinforced Masonry
357491,PALM BEACH COUNTY,Masonry
338428,PALM BEACH COUNTY,Wood
186726,PALM BEACH COUNTY,Masonry
273557,PALM BEACH COUNTY,Reinforced Masonry
597153,PALM BEACH COUNTY,Wood
932194,PALM BEACH COUNTY,Wood
604799,PALM BEACH COUNTY,Reinforced Masonry
175432,PALM BEACH COUNTY,Masonry
667177,PALM BEACH COUNTY,Masonry
826578,PALM BEACH COUNTY,Masonry
404873,PALM BEACH COUNTY,Wood
679899,PALM BEACH COUNTY,Wood
703859,PALM BEACH COUNTY,Wood
601803,PALM BEACH COUNTY,Reinforced Masonry
679269,PALM BEACH COUNTY,Wood
752720,PALM BEACH COUNTY,Wood
827123,PALM BEACH COUNTY,Wood
844961,PALM BEACH COUNTY,Wood
623087,PALM BEACH COUNTY,Wood
323587,PALM BEACH COUNTY,Wood
198707,PALM BEACH COUNTY,Wood
361681,PALM BEACH COUNTY,Reinforced Concrete
478445,PALM BEACH COUNTY,Wood
513813,PALM BEACH COUNTY,Wood
720864,PALM BEACH COUNTY,Wood
279347,PALM BEACH COUNTY,Wood
292529,PALM BEACH COUNTY,Wood
742596,PALM BEACH COUNTY,Wood
940961,PALM BEACH COUNTY,Masonry
332298,PALM BEACH COUNTY,Wood
479485,PALM BEACH COUNTY,Wood
933665,PALM BEACH COUNTY,Wood
886822,PALM BEACH COUNTY,Wood
599477,PALM BEACH COUNTY,Wood
824451,PALM BEACH COUNTY,Wood
752209,PALM BEACH COUNTY,Wood
912267,PALM BEACH COUNTY,Wood
789942,PALM BEACH COUNTY,Wood
122769,PALM BEACH COUNTY,Wood
357919,PALM BEACH COUNTY,Wood
828686,PALM BEACH COUNTY,Masonry
606572,PALM BEACH COUNTY,Masonry
550757,PALM BEACH COUNTY,Wood
972911,PALM BEACH COUNTY,Wood
494523,PALM BEACH COUNTY,Wood
458983,PALM BEACH COUNTY,Reinforced Masonry
848223,PALM BEACH COUNTY,Masonry
306583,PALM BEACH COUNTY,Reinforced Masonry
621868,PALM BEACH COUNTY,Masonry
700217,PALM BEACH COUNTY,Masonry
642910,PALM BEACH COUNTY,Reinforced Masonry
948516,PALM BEACH COUNTY,Wood
995806,PALM BEACH COUNTY,Wood
170793,PALM BEACH COUNTY,Masonry
396106,PALM BEACH COUNTY,Wood
572698,PALM BEACH COUNTY,Masonry
701280,PALM BEACH COUNTY,Wood
327353,MARTIN COUNTY,Wood
685655,PALM BEACH COUNTY,Wood
212228,PALM BEACH COUNTY,Masonry
360535,MARTIN COUNTY,Masonry
967511,MARTIN COUNTY,Masonry
283401,MARTIN COUNTY,Masonry
950664,MARTIN COUNTY,Wood
505137,MARTIN COUNTY,Wood
399547,PALM BEACH COUNTY,Wood
855765,PALM BEACH COUNTY,Masonry
507036,PALM BEACH COUNTY,Wood
452712,PALM BEACH COUNTY,Reinforced Masonry
758404,PALM BEACH COUNTY,Masonry
869799,PALM BEACH COUNTY,Masonry
594160,PALM BEACH COUNTY,Wood
292827,PALM BEACH COUNTY,Wood
613055,PALM BEACH COUNTY,Wood
282686,PALM BEACH COUNTY,Wood
955130,PALM BEACH COUNTY,Wood
182659,PALM BEACH COUNTY,Wood
130033,PALM BEACH COUNTY,Wood
737233,PALM BEACH COUNTY,Reinforced Masonry
971609,PALM BEACH COUNTY,Wood
744325,PALM BEACH COUNTY,Wood
994284,PALM BEACH COUNTY,Wood
126375,PALM BEACH COUNTY,Wood
427576,PALM BEACH COUNTY,Wood
181979,PALM BEACH COUNTY,Wood
479525,PALM BEACH COUNTY,Wood
385857,PALM BEACH COUNTY,Wood
736259,PALM BEACH COUNTY,Wood
773208,PALM BEACH COUNTY,Reinforced Concrete
758287,PALM BEACH COUNTY,Wood
978099,PALM BEACH COUNTY,Reinforced Masonry
593524,PALM BEACH COUNTY,Reinforced Masonry
595527,PALM BEACH COUNTY,Reinforced Masonry
113276,PALM BEACH COUNTY,Masonry
720690,PALM BEACH COUNTY,Wood
234346,PALM BEACH COUNTY,Wood
720523,PALM BEACH COUNTY,Wood
163202,PALM BEACH COUNTY,Wood
685203,PALM BEACH COUNTY,Masonry
326323,PALM BEACH COUNTY,Reinforced Masonry
972657,PALM BEACH COUNTY,Steel Frame
327104,PALM BEACH COUNTY,Masonry
205437,PALM BEACH COUNTY,Wood
327869,PALM BEACH COUNTY,Masonry
158569,PALM BEACH COUNTY,Wood
887084,PALM BEACH COUNTY,Wood
919791,PALM BEACH COUNTY,Wood
206103,PALM BEACH COUNTY,Wood
329980,PALM BEACH COUNTY,Wood
995482,GLADES COUNTY,Wood
829482,GLADES COUNTY,Masonry
749979,GLADES COUNTY,Wood
819035,GLADES COUNTY,Wood
153899,GLADES COUNTY,Wood
341896,GLADES COUNTY,Wood
902564,GLADES COUNTY,Wood
810765,GLADES COUNTY,Wood
970764,GLADES COUNTY,Wood
801527,GLADES COUNTY,Masonry
585906,GLADES COUNTY,Masonry
645081,GLADES COUNTY,Masonry
938310,GLADES COUNTY,Masonry
752920,GLADES COUNTY,Masonry
366061,GLADES COUNTY,Wood
997133,GLADES COUNTY,Wood
711226,GLADES COUNTY,Reinforced Masonry
850361,GLADES COUNTY,Wood
945211,GLADES COUNTY,Wood
854435,GLADES COUNTY,Reinforced Masonry
913044,PALM BEACH COUNTY,Masonry
560430,PALM BEACH COUNTY,Reinforced Masonry
968984,PALM BEACH COUNTY,Reinforced Masonry
677808,PALM BEACH COUNTY,Wood
191145,PALM BEACH COUNTY,Wood
345710,PALM BEACH COUNTY,Wood
495690,PALM BEACH COUNTY,Wood
412696,PALM BEACH COUNTY,Wood
626801,PALM BEACH COUNTY,Wood
696549,PALM BEACH COUNTY,Wood
414330,PALM BEACH COUNTY,Wood
463182,PALM BEACH COUNTY,Wood
480285,PALM BEACH COUNTY,Masonry
569701,PALM BEACH COUNTY,Reinforced Masonry
269632,PALM BEACH COUNTY,Reinforced Masonry
592360,PALM BEACH COUNTY,Masonry
549938,PALM BEACH COUNTY,Wood
849558,PALM BEACH COUNTY,Wood
798188,PALM BEACH COUNTY,Wood
774210,PALM BEACH COUNTY,Wood
296993,PALM BEACH COUNTY,Wood
933246,PALM BEACH COUNTY,Wood
496225,PALM BEACH COUNTY,Wood
359873,PALM BEACH COUNTY,Wood
502664,PALM BEACH COUNTY,Wood
830736,PALM BEACH COUNTY,Wood
875290,PALM BEACH COUNTY,Masonry
920153,PALM BEACH COUNTY,Masonry
865113,PALM BEACH COUNTY,Wood
636392,PALM BEACH COUNTY,Masonry
304338,PALM BEACH COUNTY,Reinforced Masonry
102826,PALM BEACH COUNTY,Wood
216019,PALM BEACH COUNTY,Reinforced Masonry
419968,PALM BEACH COUNTY,Reinforced Masonry
280852,PALM BEACH COUNTY,Reinforced Masonry
848964,PALM BEACH COUNTY,Masonry
102823,PALM BEACH COUNTY,Wood
196006,PALM BEACH COUNTY,Masonry
374303,PALM BEACH COUNTY,Masonry
196894,PALM BEACH COUNTY,Masonry
479737,PALM BEACH COUNTY,Wood
886522,PALM BEACH COUNTY,Wood
827442,PALM BEACH COUNTY,Wood
983304,PALM BEACH COUNTY,Steel Frame
524016,PALM BEACH COUNTY,Masonry
279382,PALM BEACH COUNTY,Reinforced Masonry
516810,PALM BEACH COUNTY,Reinforced Concrete
272206,PALM BEACH COUNTY,Masonry
876941,PALM BEACH COUNTY,Masonry
417736,PALM BEACH COUNTY,Masonry
504741,PALM BEACH COUNTY,Masonry
591225,PALM BEACH COUNTY,Masonry
707037,PALM BEACH COUNTY,Masonry
682623,PALM BEACH COUNTY,Masonry
450755,PALM BEACH COUNTY,Masonry
425620,PALM BEACH COUNTY,Wood
543861,PALM BEACH COUNTY,Masonry
662205,PALM BEACH COUNTY,Wood
520160,PALM BEACH COUNTY,Masonry
625175,PALM BEACH COUNTY,Masonry
750661,PALM BEACH COUNTY,Wood
289822,PALM BEACH COUNTY,Wood
842154,PALM BEACH COUNTY,Masonry
775474,PALM BEACH COUNTY,Masonry
427450,PALM BEACH COUNTY,Masonry
327141,PALM BEACH COUNTY,Masonry
923489,PALM BEACH COUNTY,Masonry
396433,PALM BEACH COUNTY,Wood
876615,PALM BEACH COUNTY,Wood
734798,PALM BEACH COUNTY,Wood
663370,PALM BEACH COUNTY,Wood
578553,PALM BEACH COUNTY,Reinforced Masonry
751846,PALM BEACH COUNTY,Reinforced Masonry
950427,PALM BEACH COUNTY,Reinforced Masonry
703748,PALM BEACH COUNTY,Masonry
423885,PALM BEACH COUNTY,Reinforced Masonry
404352,PALM BEACH COUNTY,Reinforced Masonry
924788,PALM BEACH COUNTY,Masonry
451155,PALM BEACH COUNTY,Wood
279673,PALM BEACH COUNTY,Wood
307977,PALM BEACH COUNTY,Wood
905221,PALM BEACH COUNTY,Reinforced Masonry
988777,PALM BEACH COUNTY,Reinforced Masonry
746445,PALM BEACH COUNTY,Reinforced Masonry
478246,PALM BEACH COUNTY,Reinforced Masonry
547651,PALM BEACH COUNTY,Masonry
106062,PALM BEACH COUNTY,Wood
486956,PALM BEACH COUNTY,Wood
925340,PALM BEACH COUNTY,Masonry
306826,PALM BEACH COUNTY,Wood
517961,PALM BEACH COUNTY,Masonry
425743,PALM BEACH COUNTY,Wood
510731,PALM BEACH COUNTY,Masonry
230776,PALM BEACH COUNTY,Reinforced Masonry
748060,PALM BEACH COUNTY,Wood
115743,PALM BEACH COUNTY,Reinforced Masonry
154795,PALM BEACH COUNTY,Wood
909349,PALM BEACH COUNTY,Reinforced Masonry
744898,PALM BEACH COUNTY,Reinforced Masonry
161276,PALM BEACH COUNTY,Wood
567438,PALM BEACH COUNTY,Wood
254048,PALM BEACH COUNTY,Wood
789016,PALM BEACH COUNTY,Masonry
619198,PALM BEACH COUNTY,Wood
704222,PALM BEACH COUNTY,Wood
466665,PALM BEACH COUNTY,Wood
564675,PALM BEACH COUNTY,Wood
385436,PALM BEACH COUNTY,Wood
609816,PALM BEACH COUNTY,Wood
737630,PALM BEACH COUNTY,Wood
243356,PALM BEACH COUNTY,Wood
408776,PALM BEACH COUNTY,Wood
985342,PALM BEACH COUNTY,Wood
714611,PALM BEACH COUNTY,Wood
557719,PALM BEACH COUNTY,Wood
630418,PALM BEACH COUNTY,Wood
548696,PALM BEACH COUNTY,Wood
507237,PALM BEACH COUNTY,Wood
661218,PALM BEACH COUNTY,Wood
381323,PALM BEACH COUNTY,Wood
319501,PALM BEACH COUNTY,Reinforced Masonry
857634,PALM BEACH COUNTY,Wood
785801,PALM BEACH COUNTY,Masonry
592179,PALM BEACH COUNTY,Wood
751062,PALM BEACH COUNTY,Masonry
570959,PALM BEACH COUNTY,Wood
436937,PALM BEACH COUNTY,Masonry
494473,PALM BEACH COUNTY,Wood
765600,PALM BEACH COUNTY,Wood
180694,PALM BEACH COUNTY,Masonry
570916,PALM BEACH COUNTY,Wood
760654,PALM BEACH COUNTY,Masonry
738489,PALM BEACH COUNTY,Wood
822214,PALM BEACH COUNTY,Wood
101454,PALM BEACH COUNTY,Wood
673394,PALM BEACH COUNTY,Reinforced Masonry
742790,PALM BEACH COUNTY,Masonry
241540,PALM BEACH COUNTY,Masonry
101230,PALM BEACH COUNTY,Wood
881919,PALM BEACH COUNTY,Wood
372389,PALM BEACH COUNTY,Reinforced Concrete
611531,PALM BEACH COUNTY,Reinforced Masonry
757525,PALM BEACH COUNTY,Wood
280516,PALM BEACH COUNTY,Reinforced Masonry
509965,PALM BEACH COUNTY,Reinforced Masonry
602850,PALM BEACH COUNTY,Masonry
480708,PALM BEACH COUNTY,Reinforced Masonry
752186,PALM BEACH COUNTY,Masonry
908972,PALM BEACH COUNTY,Reinforced Concrete
538569,PALM BEACH COUNTY,Masonry
247873,PALM BEACH COUNTY,Reinforced Masonry
546523,PALM BEACH COUNTY,Masonry
395097,PALM BEACH COUNTY,Wood
551367,PALM BEACH COUNTY,Wood
575836,PALM BEACH COUNTY,Wood
311481,PALM BEACH COUNTY,Wood
852171,PALM BEACH COUNTY,Wood
958147,PALM BEACH COUNTY,Masonry
466861,PALM BEACH COUNTY,Wood
342670,PALM BEACH COUNTY,Wood
389058,PALM BEACH COUNTY,Wood
344600,PALM BEACH COUNTY,Masonry
369051,PALM BEACH COUNTY,Reinforced Masonry
904050,PALM BEACH COUNTY,Masonry
282785,PALM BEACH COUNTY,Masonry
731169,PALM BEACH COUNTY,Reinforced Concrete
876539,PALM BEACH COUNTY,Steel Frame
169519,PALM BEACH COUNTY,Reinforced Masonry
460154,PALM BEACH COUNTY,Reinforced Concrete
119453,PALM BEACH COUNTY,Reinforced Masonry
865662,PALM BEACH COUNTY,Masonry
304619,PALM BEACH COUNTY,Reinforced Concrete
474676,PALM BEACH COUNTY,Reinforced Concrete
481995,PALM BEACH COUNTY,Masonry
770565,PALM BEACH COUNTY,Wood
514332,PALM BEACH COUNTY,Masonry
506929,PALM BEACH COUNTY,Masonry
780441,PALM BEACH COUNTY,Masonry
864183,PALM BEACH COUNTY,Wood
284065,PALM BEACH COUNTY,Wood
739397,PALM BEACH COUNTY,Wood
919963,PALM BEACH COUNTY,Wood
291047,PALM BEACH COUNTY,Wood
863445,PALM BEACH COUNTY,Wood
295233,PALM BEACH COUNTY,Wood
778699,PALM BEACH COUNTY,Wood
104541,PALM BEACH COUNTY,Wood
543925,PALM BEACH COUNTY,Wood
753779,PALM BEACH COUNTY,Wood
114464,PALM BEACH COUNTY,Reinforced Masonry
488732,PALM BEACH COUNTY,Masonry
487222,PALM BEACH COUNTY,Reinforced Concrete
431540,PALM BEACH COUNTY,Reinforced Concrete
237268,PALM BEACH COUNTY,Reinforced Masonry
395405,PALM BEACH COUNTY,Reinforced Concrete
579546,PALM BEACH COUNTY,Wood
933623,PALM BEACH COUNTY,Wood
890320,PALM BEACH COUNTY,Wood
899456,PALM BEACH COUNTY,Masonry
648777,PALM BEACH COUNTY,Wood
401721,PALM BEACH COUNTY,Reinforced Concrete
245201,PALM BEACH COUNTY,Steel Frame
963327,PALM BEACH COUNTY,Reinforced Masonry
928838,PALM BEACH COUNTY,Steel Frame
882224,PALM BEACH COUNTY,Reinforced Masonry
546139,PALM BEACH COUNTY,Masonry
999808,PALM BEACH COUNTY,Wood
324280,PALM BEACH COUNTY,Reinforced Concrete
368017,PALM BEACH COUNTY,Masonry
859702,PALM BEACH COUNTY,Masonry
164981,PALM BEACH COUNTY,Reinforced Concrete
669652,PALM BEACH COUNTY,Reinforced Concrete
109892,PALM BEACH COUNTY,Reinforced Concrete
406838,PALM BEACH COUNTY,Masonry
913405,PALM BEACH COUNTY,Wood
554567,PALM BEACH COUNTY,Masonry
870480,PALM BEACH COUNTY,Masonry
551665,PALM BEACH COUNTY,Wood
738177,PALM BEACH COUNTY,Masonry
278723,PALM BEACH COUNTY,Masonry
995543,PALM BEACH COUNTY,Reinforced Concrete
487904,PALM BEACH COUNTY,Masonry
873541,PALM BEACH COUNTY,Wood
958487,PALM BEACH COUNTY,Masonry
502894,PALM BEACH COUNTY,Wood
520240,PALM BEACH COUNTY,Reinforced Masonry
402681,PALM BEACH COUNTY,Reinforced Masonry
902316,PALM BEACH COUNTY,Reinforced Masonry
341889,PALM BEACH COUNTY,Masonry
410346,PALM BEACH COUNTY,Wood
459633,PALM BEACH COUNTY,Masonry
378305,PALM BEACH COUNTY,Masonry
371805,PALM BEACH COUNTY,Masonry
202307,PALM BEACH COUNTY,Reinforced Masonry
335540,PALM BEACH COUNTY,Reinforced Masonry
921553,PALM BEACH COUNTY,Steel Frame
951481,PALM BEACH COUNTY,Masonry
596252,PALM BEACH COUNTY,Masonry
796222,PALM BEACH COUNTY,Reinforced Concrete
737779,PALM BEACH COUNTY,Reinforced Masonry
910143,PALM BEACH COUNTY,Masonry
436594,PALM BEACH COUNTY,Masonry
688359,PALM BEACH COUNTY,Reinforced Masonry
861346,PALM BEACH COUNTY,Masonry
761129,PALM BEACH COUNTY,Masonry
210613,PALM BEACH COUNTY,Masonry
200495,PALM BEACH COUNTY,Wood
608271,PALM BEACH COUNTY,Wood
323774,PALM BEACH COUNTY,Wood
551721,PALM BEACH COUNTY,Masonry
495689,PALM BEACH COUNTY,Wood
825160,PALM BEACH COUNTY,Wood
763893,PALM BEACH COUNTY,Wood
574795,PALM BEACH COUNTY,Wood
337851,PALM BEACH COUNTY,Wood
249205,PALM BEACH COUNTY,Wood
480325,PALM BEACH COUNTY,Masonry
419943,PALM BEACH COUNTY,Wood
333696,PALM BEACH COUNTY,Masonry
378254,PALM BEACH COUNTY,Wood
117340,PALM BEACH COUNTY,Wood
109518,PALM BEACH COUNTY,Wood
291779,PALM BEACH COUNTY,Wood
371929,PALM BEACH COUNTY,Wood
855093,PALM BEACH COUNTY,Wood
342262,PALM BEACH COUNTY,Wood
542919,PALM BEACH COUNTY,Wood
971174,PALM BEACH COUNTY,Wood
319566,PALM BEACH COUNTY,Wood
416473,PALM BEACH COUNTY,Wood
478961,PALM BEACH COUNTY,Wood
662198,PALM BEACH COUNTY,Wood
636696,PALM BEACH COUNTY,Reinforced Masonry
422878,PALM BEACH COUNTY,Reinforced Masonry
915505,PALM BEACH COUNTY,Wood
187179,PALM BEACH COUNTY,Wood
233724,PALM BEACH COUNTY,Wood
615387,PALM BEACH COUNTY,Wood
180822,PALM BEACH COUNTY,Masonry
952183,PALM BEACH COUNTY,Masonry
341179,PALM BEACH COUNTY,Wood
369371,PALM BEACH COUNTY,Masonry
307614,PALM BEACH COUNTY,Wood
813167,PALM BEACH COUNTY,Reinforced Masonry
165371,PALM BEACH COUNTY,Reinforced Masonry
120549,PALM BEACH COUNTY,Wood
201068,PALM BEACH COUNTY,Wood
568776,PALM BEACH COUNTY,Wood
511662,PALM BEACH COUNTY,Wood
812641,PALM BEACH COUNTY,Wood
967748,PALM BEACH COUNTY,Wood
241941,PALM BEACH COUNTY,Masonry
689620,PALM BEACH COUNTY,Reinforced Masonry
160107,PALM BEACH COUNTY,Reinforced Masonry
258560,PALM BEACH COUNTY,Reinforced Masonry
386578,PALM BEACH COUNTY,Masonry
957751,PALM BEACH COUNTY,Wood
589392,PALM BEACH COUNTY,Wood
770093,PALM BEACH COUNTY,Wood
462241,PALM BEACH COUNTY,Wood
798867,PALM BEACH COUNTY,Wood
133550,PALM BEACH COUNTY,Wood
627029,PALM BEACH COUNTY,Wood
455833,PALM BEACH COUNTY,Wood
736380,PALM BEACH COUNTY,Masonry
941856,PALM BEACH COUNTY,Masonry
372447,PALM BEACH COUNTY,Masonry
728595,PALM BEACH COUNTY,Masonry
532738,PALM BEACH COUNTY,Masonry
425230,PALM BEACH COUNTY,Masonry
741940,PALM BEACH COUNTY,Masonry
899900,PALM BEACH COUNTY,Steel Frame
927589,PALM BEACH COUNTY,Reinforced Concrete
130982,PALM BEACH COUNTY,Reinforced Masonry
944593,PALM BEACH COUNTY,Wood
344903,PALM BEACH COUNTY,Wood
644458,PALM BEACH COUNTY,Wood
957346,PALM BEACH COUNTY,Reinforced Concrete
977856,PALM BEACH COUNTY,Reinforced Concrete
886756,PALM BEACH COUNTY,Masonry
581161,PALM BEACH COUNTY,Reinforced Masonry
720070,PALM BEACH COUNTY,Reinforced Masonry
407217,PALM BEACH COUNTY,Wood
438273,PALM BEACH COUNTY,Wood
556728,PALM BEACH COUNTY,Wood
152986,PALM BEACH COUNTY,Wood
180538,PALM BEACH COUNTY,Wood
209514,PALM BEACH COUNTY,Wood
951033,PALM BEACH COUNTY,Wood
575217,PALM BEACH COUNTY,Wood
580068,PALM BEACH COUNTY,Wood
870879,PALM BEACH COUNTY,Wood
488091,PALM BEACH COUNTY,Wood
359930,PALM BEACH COUNTY,Wood
423834,PALM BEACH COUNTY,Wood
568871,PALM BEACH COUNTY,Wood
762634,PALM BEACH COUNTY,Wood
690479,PALM BEACH COUNTY,Wood
623762,PALM BEACH COUNTY,Wood
251162,PALM BEACH COUNTY,Wood
799860,PALM BEACH COUNTY,Wood
885178,PALM BEACH COUNTY,Wood
642786,PALM BEACH COUNTY,Wood
668189,PALM BEACH COUNTY,Wood
796534,PALM BEACH COUNTY,Wood
996553,PALM BEACH COUNTY,Wood
433022,PALM BEACH COUNTY,Wood
288264,PALM BEACH COUNTY,Wood
864826,PALM BEACH COUNTY,Wood
509538,PALM BEACH COUNTY,Wood
541227,PALM BEACH COUNTY,Wood
865795,PALM BEACH COUNTY,Wood
193459,PALM BEACH COUNTY,Wood
106402,PALM BEACH COUNTY,Wood
569879,PALM BEACH COUNTY,Wood
553841,PALM BEACH COUNTY,Wood
262118,PALM BEACH COUNTY,Wood
137031,PALM BEACH COUNTY,Wood
716135,PALM BEACH COUNTY,Wood
147645,PALM BEACH COUNTY,Reinforced Masonry
964448,PALM BEACH COUNTY,Reinforced Masonry
812905,PALM BEACH COUNTY,Reinforced Masonry
102576,PALM BEACH COUNTY,Wood
658629,PALM BEACH COUNTY,Reinforced Concrete
609237,PALM BEACH COUNTY,Wood
111308,PALM BEACH COUNTY,Wood
242940,PALM BEACH COUNTY,Masonry
129896,PALM BEACH COUNTY,Masonry
434701,HILLSBOROUGH COUNTY,Reinforced Masonry
806601,HILLSBOROUGH COUNTY,Masonry
330166,HILLSBOROUGH COUNTY,Masonry
516546,HILLSBOROUGH COUNTY,Wood
812871,HILLSBOROUGH COUNTY,Wood
117896,HILLSBOROUGH COUNTY,Wood
657266,HILLSBOROUGH COUNTY,Reinforced Masonry
727119,HILLSBOROUGH COUNTY,Wood
676150,HILLSBOROUGH COUNTY,Wood
192383,HILLSBOROUGH COUNTY,Wood
453065,HILLSBOROUGH COUNTY,Wood
756677,HILLSBOROUGH COUNTY,Wood
229258,HILLSBOROUGH COUNTY,Masonry
843086,HILLSBOROUGH COUNTY,Masonry
172486,HILLSBOROUGH COUNTY,Wood
312773,HILLSBOROUGH COUNTY,Reinforced Masonry
599541,HILLSBOROUGH COUNTY,Masonry
457669,HILLSBOROUGH COUNTY,Wood
968917,HILLSBOROUGH COUNTY,Masonry
926789,HILLSBOROUGH COUNTY,Masonry
638048,HILLSBOROUGH COUNTY,Masonry
994078,HILLSBOROUGH COUNTY,Masonry
486549,HILLSBOROUGH COUNTY,Wood
739453,HILLSBOROUGH COUNTY,Masonry
105383,HILLSBOROUGH COUNTY,Wood
538116,HILLSBOROUGH COUNTY,Wood
172742,HILLSBOROUGH COUNTY,Wood
659673,HILLSBOROUGH COUNTY,Wood
851835,HILLSBOROUGH COUNTY,Wood
824985,HILLSBOROUGH COUNTY,Wood
111837,HILLSBOROUGH COUNTY,Wood
286994,HILLSBOROUGH COUNTY,Wood
605073,HILLSBOROUGH COUNTY,Wood
552186,HILLSBOROUGH COUNTY,Reinforced Masonry
325920,HILLSBOROUGH COUNTY,Reinforced Masonry
357485,HILLSBOROUGH COUNTY,Reinforced Masonry
710332,HILLSBOROUGH COUNTY,Reinforced Masonry
458354,HILLSBOROUGH COUNTY,Masonry
748577,HILLSBOROUGH COUNTY,Masonry
447357,HILLSBOROUGH COUNTY,Reinforced Masonry
117882,HILLSBOROUGH COUNTY,Masonry
861116,HILLSBOROUGH COUNTY,Masonry
172666,HILLSBOROUGH COUNTY,Masonry
738485,HILLSBOROUGH COUNTY,Reinforced Masonry
312281,HILLSBOROUGH COUNTY,Reinforced Masonry
876367,HILLSBOROUGH COUNTY,Masonry
628229,HILLSBOROUGH COUNTY,Reinforced Concrete
227261,HILLSBOROUGH COUNTY,Wood
788739,HILLSBOROUGH COUNTY,Reinforced Masonry
605235,HILLSBOROUGH COUNTY,Wood
827614,HILLSBOROUGH COUNTY,Masonry
442938,HILLSBOROUGH COUNTY,Wood
246582,HILLSBOROUGH COUNTY,Reinforced Concrete
680044,HILLSBOROUGH COUNTY,Reinforced Concrete
372905,HILLSBOROUGH COUNTY,Masonry
122242,HILLSBOROUGH COUNTY,Masonry
879050,HILLSBOROUGH COUNTY,Wood
776826,SUMTER COUNTY,Masonry
490655,SUMTER COUNTY,Wood
688964,SUMTER COUNTY,Wood
386772,SUMTER COUNTY,Wood
339739,SUMTER COUNTY,Wood
894762,SUMTER COUNTY,Reinforced Masonry
818063,SUMTER COUNTY,Reinforced Masonry
594183,SUMTER COUNTY,Masonry
172127,SUMTER COUNTY,Wood
340060,SUMTER COUNTY,Masonry
373299,SUMTER COUNTY,Reinforced Masonry
537051,SUMTER COUNTY,Wood
420738,SUMTER COUNTY,Wood
388277,SUMTER COUNTY,Wood
666021,SUMTER COUNTY,Wood
620311,SUMTER COUNTY,Wood
138652,SUMTER COUNTY,Wood
187167,SUMTER COUNTY,Wood
436081,SUMTER COUNTY,Wood
181066,SUMTER COUNTY,Wood
955966,SUMTER COUNTY,Wood
891033,SUMTER COUNTY,Masonry
354317,SUMTER COUNTY,Masonry
664678,SUMTER COUNTY,Masonry
299873,SUMTER COUNTY,Masonry
578480,SUMTER COUNTY,Wood
851874,SUMTER COUNTY,Wood
686142,SUMTER COUNTY,Wood
780638,SUMTER COUNTY,Wood
933930,SUMTER COUNTY,Masonry
361146,SUMTER COUNTY,Wood
125032,SUMTER COUNTY,Wood
828770,SUMTER COUNTY,Masonry
104389,SUMTER COUNTY,Wood
679963,SUMTER COUNTY,Wood
709549,SUMTER COUNTY,Masonry
574674,SUMTER COUNTY,Masonry
446133,SUMTER COUNTY,Masonry
887396,SUMTER COUNTY,Masonry
617934,SUMTER COUNTY,Masonry
998944,SUMTER COUNTY,Wood
472523,SUMTER COUNTY,Masonry
809476,SUMTER COUNTY,Wood
274131,SUMTER COUNTY,Wood
507183,SUMTER COUNTY,Wood
864054,SUMTER COUNTY,Wood
889318,SUMTER COUNTY,Masonry
915549,SUMTER COUNTY,Masonry
658376,SUMTER COUNTY,Wood
523232,SUMTER COUNTY,Masonry
647538,SUMTER COUNTY,Wood
295049,SUMTER COUNTY,Masonry
166753,SUMTER COUNTY,Wood
159636,SUMTER COUNTY,Wood
261263,SUMTER COUNTY,Wood
789051,SUMTER COUNTY,Wood
521945,SUMTER COUNTY,Reinforced Concrete
202933,SUMTER COUNTY,Wood
668208,SUMTER COUNTY,Wood
827267,SUMTER COUNTY,Masonry
378195,SUMTER COUNTY,Masonry
725146,SUMTER COUNTY,Wood
341063,SUMTER COUNTY,Wood
132102,SUMTER COUNTY,Wood
850003,SUMTER COUNTY,Wood
555889,SUMTER COUNTY,Wood
818811,SUMTER COUNTY,Wood
915240,SUMTER COUNTY,Reinforced Masonry
362153,SUMTER COUNTY,Masonry
495513,SUMTER COUNTY,Masonry
857063,SUMTER COUNTY,Wood
866477,SUMTER COUNTY,Wood
496597,SUMTER COUNTY,Wood
634236,SUMTER COUNTY,Wood
286440,SUMTER COUNTY,Masonry
128508,SUMTER COUNTY,Wood
768818,SUMTER COUNTY,Wood
419320,SUMTER COUNTY,Masonry
480062,SUMTER COUNTY,Wood
594543,SUMTER COUNTY,Wood
931141,SUMTER COUNTY,Wood
812292,SUMTER COUNTY,Wood
364858,SUMTER COUNTY,Wood
109197,SUMTER COUNTY,Wood
815955,SUMTER COUNTY,Wood
386052,SUMTER COUNTY,Wood
558919,PASCO COUNTY,Masonry
254615,PASCO COUNTY,Reinforced Concrete
244934,PASCO COUNTY,Reinforced Masonry
819921,HERNANDO COUNTY,Wood
599814,PASCO COUNTY,Reinforced Masonry
519882,PASCO COUNTY,Wood
790383,PASCO COUNTY,Wood
269782,PASCO COUNTY,Wood
167086,HERNANDO COUNTY,Wood
669950,PASCO COUNTY,Wood
899272,PASCO COUNTY,Wood
524557,PASCO COUNTY,Wood
203825,PASCO COUNTY,Wood
417164,PASCO COUNTY,Wood
509558,PASCO COUNTY,Masonry
763687,PASCO COUNTY,Masonry
549735,PASCO COUNTY,Masonry
387329,PASCO COUNTY,Masonry
993227,PASCO COUNTY,Wood
171387,PASCO COUNTY,Wood
928138,PASCO COUNTY,Wood
674570,PASCO COUNTY,Wood
166157,PASCO COUNTY,Wood
202989,PASCO COUNTY,Wood
555615,PASCO COUNTY,Masonry
456173,PASCO COUNTY,Masonry
958073,PASCO COUNTY,Wood
465573,PASCO COUNTY,Wood
619653,PASCO COUNTY,Wood
799891,PASCO COUNTY,Wood
341507,PASCO COUNTY,Wood
225269,PASCO COUNTY,Wood
768697,PASCO COUNTY,Wood
589349,PASCO COUNTY,Wood
739089,PASCO COUNTY,Wood
103904,PASCO COUNTY,Wood
376195,PASCO COUNTY,Wood
862928,PASCO COUNTY,Wood
643442,PASCO COUNTY,Wood
315453,PASCO COUNTY,Wood
909825,PASCO COUNTY,Wood
649578,PASCO COUNTY,Wood
116618,PASCO COUNTY,Wood
386138,PASCO COUNTY,Wood
168262,PASCO COUNTY,Wood
911507,PASCO COUNTY,Wood
930740,PASCO COUNTY,Wood
741796,PASCO COUNTY,Masonry
164188,PASCO COUNTY,Wood
144444,PASCO COUNTY,Wood
499949,PASCO COUNTY,Wood
255828,PASCO COUNTY,Wood
202745,PASCO COUNTY,Wood
328897,PASCO COUNTY,Wood
722310,PASCO COUNTY,Wood
884500,PASCO COUNTY,Wood
601222,PASCO COUNTY,Wood
149987,PASCO COUNTY,Wood
717708,PASCO COUNTY,Wood
590189,PASCO COUNTY,Wood
894048,PASCO COUNTY,Wood
710449,PASCO COUNTY,Wood
745083,PASCO COUNTY,Wood
878715,PASCO COUNTY,Wood
814517,PASCO COUNTY,Wood
457019,PASCO COUNTY,Masonry
668343,PASCO COUNTY,Masonry
820760,PASCO COUNTY,Reinforced Masonry
442845,PASCO COUNTY,Masonry
251587,PASCO COUNTY,Masonry
304341,PASCO COUNTY,Reinforced Masonry
924511,PASCO COUNTY,Wood
162936,PASCO COUNTY,Masonry
112226,PASCO COUNTY,Wood
791293,PASCO COUNTY,Wood
121324,PASCO COUNTY,Masonry
413803,PASCO COUNTY,Masonry
617171,PASCO COUNTY,Masonry
446412,PASCO COUNTY,Steel Frame
815594,PASCO COUNTY,Wood
453332,PASCO COUNTY,Masonry
756858,PASCO COUNTY,Wood
925504,PASCO COUNTY,Masonry
168573,PASCO COUNTY,Wood
433420,PASCO COUNTY,Masonry
618688,PASCO COUNTY,Wood
759605,PASCO COUNTY,Wood
255274,PASCO COUNTY,Wood
258986,PASCO COUNTY,Wood
505543,PASCO COUNTY,Wood
559904,PASCO COUNTY,Wood
643925,PASCO COUNTY,Wood
513822,PASCO COUNTY,Wood
300452,PASCO COUNTY,Wood
367697,PASCO COUNTY,Wood
225075,PASCO COUNTY,Reinforced Masonry
600745,PASCO COUNTY,Wood
217140,PASCO COUNTY,Wood
346416,PASCO COUNTY,Wood
994505,PASCO COUNTY,Wood
411965,PASCO COUNTY,Masonry
993148,PASCO COUNTY,Masonry
206722,PASCO COUNTY,Wood
263184,PASCO COUNTY,Masonry
730460,PASCO COUNTY,Masonry
714903,PASCO COUNTY,Wood
369169,PASCO COUNTY,Wood
536246,PASCO COUNTY,Masonry
187863,PASCO COUNTY,Masonry
910821,PASCO COUNTY,Wood
841560,PASCO COUNTY,Masonry
200586,PASCO COUNTY,Masonry
499524,PASCO COUNTY,Wood
447817,PASCO COUNTY,Wood
291523,PASCO COUNTY,Wood
349692,PASCO COUNTY,Masonry
468721,PASCO COUNTY,Masonry
736062,PASCO COUNTY,Masonry
775743,PASCO COUNTY,Masonry
516888,PASCO COUNTY,Masonry
203278,PASCO COUNTY,Masonry
980577,PASCO COUNTY,Masonry
747733,PASCO COUNTY,Masonry
265283,PASCO COUNTY,Wood
537308,PASCO COUNTY,Reinforced Masonry
191324,PASCO COUNTY,Masonry
919641,PASCO COUNTY,Wood
176988,PASCO COUNTY,Wood
546185,PASCO COUNTY,Masonry
405706,PASCO COUNTY,Masonry
826914,PASCO COUNTY,Masonry
686763,PASCO COUNTY,Reinforced Masonry
164652,PASCO COUNTY,Masonry
380695,PASCO COUNTY,Wood
813417,PASCO COUNTY,Masonry
796137,PASCO COUNTY,Masonry
469945,PASCO COUNTY,Wood
708572,PASCO COUNTY,Masonry
784619,PASCO COUNTY,Masonry
234881,PASCO COUNTY,Wood
650301,PASCO COUNTY,Wood
149330,PASCO COUNTY,Wood
426350,PASCO COUNTY,Wood
800947,PASCO COUNTY,Masonry
408939,PASCO COUNTY,Masonry
950687,PASCO COUNTY,Masonry
741422,PASCO COUNTY,Wood
853685,PASCO COUNTY,Wood
638604,PASCO COUNTY,Wood
338094,PASCO COUNTY,Wood
212605,HILLSBOROUGH COUNTY,Masonry
981665,HILLSBOROUGH COUNTY,Wood
796749,HILLSBOROUGH COUNTY,Masonry
198196,HILLSBOROUGH COUNTY,Reinforced Concrete
122365,HILLSBOROUGH COUNTY,Wood
578705,HILLSBOROUGH COUNTY,Masonry
476019,HILLSBOROUGH COUNTY,Masonry
533476,HILLSBOROUGH COUNTY,Wood
545120,HILLSBOROUGH COUNTY,Wood
379401,PASCO COUNTY,Masonry
810269,SUMTER COUNTY,Masonry
441905,SUMTER COUNTY,Masonry
839293,SUMTER COUNTY,Wood
657487,SUMTER COUNTY,Wood
305460,SUMTER COUNTY,Wood
550371,SUMTER COUNTY,Wood
880017,SUMTER COUNTY,Wood
171275,SUMTER COUNTY,Masonry
853055,SUMTER COUNTY,Masonry
883858,SUMTER COUNTY,Masonry
865132,SUMTER COUNTY,Reinforced Masonry
678251,SUMTER COUNTY,Wood
677064,SUMTER COUNTY,Masonry
964181,SUMTER COUNTY,Wood
958107,SUMTER COUNTY,Wood
864818,SUMTER COUNTY,Wood
361384,SUMTER COUNTY,Masonry
916145,SUMTER COUNTY,Wood
114577,SUMTER COUNTY,Wood
401964,SUMTER COUNTY,Wood
137019,SUMTER COUNTY,Wood
786654,SUMTER COUNTY,Wood
145217,SUMTER COUNTY,Wood
389928,SUMTER COUNTY,Masonry
814159,SUMTER COUNTY,Wood
432369,SUMTER COUNTY,Wood
310629,SUMTER COUNTY,Masonry
732193,PASCO COUNTY,Wood
541445,PASCO COUNTY,Reinforced Masonry
495902,PASCO COUNTY,Wood
488623,PASCO COUNTY,Wood
146079,PASCO COUNTY,Wood
869876,PASCO COUNTY,Reinforced Masonry
655648,PASCO COUNTY,Reinforced Concrete
397710,PASCO COUNTY,Masonry
551219,PASCO COUNTY,Reinforced Concrete
487650,PASCO COUNTY,Wood
723429,PASCO COUNTY,Wood
624454,PASCO COUNTY,Steel Frame
794745,PASCO COUNTY,Reinforced Masonry
262171,PASCO COUNTY,Masonry
859114,PASCO COUNTY,Wood
304979,PASCO COUNTY,Wood
453860,PASCO COUNTY,Wood
550817,PASCO COUNTY,Masonry
659924,PASCO COUNTY,Masonry
625118,PASCO COUNTY,Reinforced Masonry
997350,PASCO COUNTY,Masonry
142300,PASCO COUNTY,Wood
112367,PASCO COUNTY,Masonry
172915,PASCO COUNTY,Wood
932105,PASCO COUNTY,Masonry
791371,PASCO COUNTY,Wood
677764,PASCO COUNTY,Wood
871539,PASCO COUNTY,Masonry
579032,PASCO COUNTY,Reinforced Masonry
381827,PASCO COUNTY,Reinforced Masonry
361328,PASCO COUNTY,Wood
442999,PASCO COUNTY,Reinforced Masonry
887105,PASCO COUNTY,Wood
578685,PASCO COUNTY,Masonry
830380,PASCO COUNTY,Wood
234900,PASCO COUNTY,Masonry
920844,PASCO COUNTY,Masonry
372997,PASCO COUNTY,Masonry
680646,PASCO COUNTY,Masonry
333385,PASCO COUNTY,Reinforced Masonry
969336,PASCO COUNTY,Wood
799844,PASCO COUNTY,Wood
813819,PASCO COUNTY,Wood
633374,PASCO COUNTY,Wood
796826,PASCO COUNTY,Reinforced Concrete
229700,PASCO COUNTY,Wood
285824,PASCO COUNTY,Wood
376055,PASCO COUNTY,Masonry
475146,PASCO COUNTY,Wood
744392,PASCO COUNTY,Wood
224736,PASCO COUNTY,Wood
167343,PASCO COUNTY,Wood
420408,PASCO COUNTY,Wood
169760,PASCO COUNTY,Wood
227800,PASCO COUNTY,Wood
559505,PASCO COUNTY,Wood
632234,PASCO COUNTY,Wood
284379,PASCO COUNTY,Wood
403415,PASCO COUNTY,Wood
316664,PASCO COUNTY,Reinforced Masonry
887524,PASCO COUNTY,Masonry
671871,PASCO COUNTY,Masonry
352690,PASCO COUNTY,Wood
247463,PASCO COUNTY,Wood
271819,PASCO COUNTY,Masonry
148668,PASCO COUNTY,Reinforced Concrete
466828,PASCO COUNTY,Masonry
960235,PASCO COUNTY,Wood
767254,PASCO COUNTY,Wood
522749,PASCO COUNTY,Wood
756479,PASCO COUNTY,Masonry
578035,PASCO COUNTY,Masonry
745102,PASCO COUNTY,Wood
958048,PASCO COUNTY,Reinforced Masonry
279577,PASCO COUNTY,Masonry
110934,PASCO COUNTY,Masonry
322909,PASCO COUNTY,Wood
584602,PASCO COUNTY,Masonry
167369,PASCO COUNTY,Masonry
548942,PASCO COUNTY,Masonry
572004,PASCO COUNTY,Wood
605334,PASCO COUNTY,Wood
194595,PASCO COUNTY,Masonry
411399,PASCO COUNTY,Reinforced Masonry
116553,PASCO COUNTY,Reinforced Masonry
940928,PASCO COUNTY,Masonry
694630,PASCO COUNTY,Wood
839254,PASCO COUNTY,Reinforced Masonry
218898,PASCO COUNTY,Reinforced Masonry
422920,PASCO COUNTY,Masonry
400225,PASCO COUNTY,Masonry
481394,PASCO COUNTY,Masonry
700842,PASCO COUNTY,Masonry
352009,PASCO COUNTY,Reinforced Masonry
754610,PASCO COUNTY,Reinforced Masonry
370000,PASCO COUNTY,Wood
733704,PASCO COUNTY,Wood
237028,PASCO COUNTY,Wood
371578,PASCO COUNTY,Wood
815134,PASCO COUNTY,Wood
809243,PASCO COUNTY,Masonry
367180,PASCO COUNTY,Wood
715143,PASCO COUNTY,Wood
394967,PASCO COUNTY,Wood
523967,PASCO COUNTY,Wood
427872,PASCO COUNTY,Wood
943741,PASCO COUNTY,Wood
646516,PASCO COUNTY,Wood
652816,PASCO COUNTY,Wood
480187,PASCO COUNTY,Wood
399375,PASCO COUNTY,Wood
542577,PASCO COUNTY,Wood
529503,PASCO COUNTY,Wood
323594,PASCO COUNTY,Wood
489555,PASCO COUNTY,Wood
650134,PASCO COUNTY,Wood
411638,PASCO COUNTY,Wood
320866,PASCO COUNTY,Wood
751988,PASCO COUNTY,Wood
366556,PASCO COUNTY,Wood
134652,PASCO COUNTY,Masonry
875838,PASCO COUNTY,Masonry
756449,PASCO COUNTY,Wood
141692,PASCO COUNTY,Wood
265420,PASCO COUNTY,Masonry
559357,PASCO COUNTY,Masonry
727254,PASCO COUNTY,Masonry
307456,PASCO COUNTY,Masonry
125462,PASCO COUNTY,Wood
824982,PASCO COUNTY,Wood
861889,PASCO COUNTY,Wood
542551,PASCO COUNTY,Reinforced Masonry
369451,PASCO COUNTY,Masonry
229267,PASCO COUNTY,Wood
981137,PASCO COUNTY,Reinforced Masonry
607302,PASCO COUNTY,Reinforced Concrete
569320,PASCO COUNTY,Wood
138931,PASCO COUNTY,Wood
414652,PASCO COUNTY,Wood
713436,PASCO COUNTY,Wood
498515,PASCO COUNTY,Wood
519393,PASCO COUNTY,Masonry
543716,PASCO COUNTY,Masonry
640240,PASCO COUNTY,Masonry
718389,PASCO COUNTY,Masonry
567770,PASCO COUNTY,Masonry
422246,PASCO COUNTY,Wood
273038,PASCO COUNTY,Reinforced Masonry
531853,PASCO COUNTY,Reinforced Masonry
352567,PASCO COUNTY,Masonry
650381,PASCO COUNTY,Reinforced Masonry
619752,PASCO COUNTY,Reinforced Masonry
875086,PASCO COUNTY,Masonry
929669,PASCO COUNTY,Wood
926226,PASCO COUNTY,Masonry
579550,PASCO COUNTY,Reinforced Masonry
480943,PASCO COUNTY,Reinforced Masonry
577279,PASCO COUNTY,Masonry
134794,PASCO COUNTY,Masonry
793892,PASCO COUNTY,Wood
857945,PASCO COUNTY,Reinforced Masonry
646807,PASCO COUNTY,Reinforced Masonry
369353,PASCO COUNTY,Wood
177142,PASCO COUNTY,Wood
809015,PASCO COUNTY,Reinforced Concrete
436762,HILLSBOROUGH COUNTY,Wood
422887,HILLSBOROUGH COUNTY,Masonry
142385,HILLSBOROUGH COUNTY,Reinforced Masonry
758063,HILLSBOROUGH COUNTY,Wood
581355,HILLSBOROUGH COUNTY,Wood
932086,HILLSBOROUGH COUNTY,Wood
831504,HILLSBOROUGH COUNTY,Wood
562351,HILLSBOROUGH COUNTY,Wood
379591,HILLSBOROUGH COUNTY,Wood
519953,HILLSBOROUGH COUNTY,Wood
323169,HILLSBOROUGH COUNTY,Wood
894612,HILLSBOROUGH COUNTY,Wood
377425,HILLSBOROUGH COUNTY,Wood
691110,HILLSBOROUGH COUNTY,Wood
573497,HILLSBOROUGH COUNTY,Wood
705089,HILLSBOROUGH COUNTY,Wood
960477,HILLSBOROUGH COUNTY,Wood
669497,HILLSBOROUGH COUNTY,Wood
236068,HILLSBOROUGH COUNTY,Wood
549441,HILLSBOROUGH COUNTY,Wood
281514,HILLSBOROUGH COUNTY,Wood
827555,HILLSBOROUGH COUNTY,Wood
509165,HILLSBOROUGH COUNTY,Wood
190528,HILLSBOROUGH COUNTY,Wood
769086,HILLSBOROUGH COUNTY,Wood
140811,HILLSBOROUGH COUNTY,Wood
423547,HILLSBOROUGH COUNTY,Wood
762908,HILLSBOROUGH COUNTY,Wood
186714,HILLSBOROUGH COUNTY,Wood
161813,HILLSBOROUGH COUNTY,Wood
223751,HILLSBOROUGH COUNTY,Wood
696910,HILLSBOROUGH COUNTY,Wood
937405,HILLSBOROUGH COUNTY,Wood
297904,HILLSBOROUGH COUNTY,Wood
461860,HILLSBOROUGH COUNTY,Wood
269780,HILLSBOROUGH COUNTY,Wood
624492,HILLSBOROUGH COUNTY,Wood
979117,PASCO COUNTY,Reinforced Concrete
516803,HILLSBOROUGH COUNTY,Masonry
820356,PASCO COUNTY,Masonry
781575,PASCO COUNTY,Wood
443570,HILLSBOROUGH COUNTY,Masonry
249411,HILLSBOROUGH COUNTY,Wood
121732,PASCO COUNTY,Masonry
442605,HILLSBOROUGH COUNTY,Masonry
834740,HILLSBOROUGH COUNTY,Wood
368299,HILLSBOROUGH COUNTY,Wood
643069,PASCO COUNTY,Reinforced Masonry
187335,HILLSBOROUGH COUNTY,Reinforced Masonry
511262,PASCO COUNTY,Reinforced Masonry
409593,PASCO COUNTY,Masonry
158335,PASCO COUNTY,Reinforced Masonry
618958,HILLSBOROUGH COUNTY,Masonry
161956,HILLSBOROUGH COUNTY,Wood
945994,HILLSBOROUGH COUNTY,Reinforced Concrete
439039,PASCO COUNTY,Wood
455190,HILLSBOROUGH COUNTY,Masonry
120584,HILLSBOROUGH COUNTY,Masonry
703796,HILLSBOROUGH COUNTY,Wood
726067,PASCO COUNTY,Reinforced Masonry
804468,PASCO COUNTY,Masonry
407459,PASCO COUNTY,Wood
773215,PASCO COUNTY,Wood
421569,PASCO COUNTY,Wood
199295,PASCO COUNTY,Wood
649728,PASCO COUNTY,Wood
524766,PASCO COUNTY,Wood
221707,PASCO COUNTY,Wood
821881,HILLSBOROUGH COUNTY,Reinforced Masonry
181541,HILLSBOROUGH COUNTY,Reinforced Masonry
442377,HILLSBOROUGH COUNTY,Wood
846211,HILLSBOROUGH COUNTY,Wood
290172,HILLSBOROUGH COUNTY,Masonry
394970,HILLSBOROUGH COUNTY,Wood
616273,PASCO COUNTY,Wood
151451,PASCO COUNTY,Wood
334844,PASCO COUNTY,Wood
166892,HILLSBOROUGH COUNTY,Wood
542854,HILLSBOROUGH COUNTY,Wood
310523,HILLSBOROUGH COUNTY,Wood
476580,HILLSBOROUGH COUNTY,Wood
789311,HILLSBOROUGH COUNTY,Wood
706368,HILLSBOROUGH COUNTY,Masonry
290097,HILLSBOROUGH COUNTY,Masonry
355813,HILLSBOROUGH COUNTY,Masonry
695701,HILLSBOROUGH COUNTY,Masonry
836924,HILLSBOROUGH COUNTY,Masonry
501711,HILLSBOROUGH COUNTY,Masonry
817002,HILLSBOROUGH COUNTY,Masonry
693524,HILLSBOROUGH COUNTY,Masonry
205617,HILLSBOROUGH COUNTY,Masonry
336567,HILLSBOROUGH COUNTY,Masonry
581666,HILLSBOROUGH COUNTY,Masonry
468508,HILLSBOROUGH COUNTY,Masonry
348258,HILLSBOROUGH COUNTY,Masonry
887674,HILLSBOROUGH COUNTY,Masonry
577254,HILLSBOROUGH COUNTY,Masonry
632459,HILLSBOROUGH COUNTY,Masonry
181848,HILLSBOROUGH COUNTY,Masonry
803074,HILLSBOROUGH COUNTY,Masonry
897191,HILLSBOROUGH COUNTY,Masonry
593254,HILLSBOROUGH COUNTY,Masonry
228945,HILLSBOROUGH COUNTY,Masonry
706103,HILLSBOROUGH COUNTY,Masonry
429210,HILLSBOROUGH COUNTY,Masonry
569078,HILLSBOROUGH COUNTY,Masonry
295406,HILLSBOROUGH COUNTY,Masonry
714748,HILLSBOROUGH COUNTY,Masonry
560392,HILLSBOROUGH COUNTY,Masonry
687445,HILLSBOROUGH COUNTY,Masonry
122448,HILLSBOROUGH COUNTY,Masonry
144762,HILLSBOROUGH COUNTY,Masonry
862091,HILLSBOROUGH COUNTY,Masonry
856560,HILLSBOROUGH COUNTY,Masonry
664145,HILLSBOROUGH COUNTY,Masonry
563710,HILLSBOROUGH COUNTY,Masonry
753032,HILLSBOROUGH COUNTY,Masonry
726155,HILLSBOROUGH COUNTY,Masonry
500307,HILLSBOROUGH COUNTY,Masonry
870492,HILLSBOROUGH COUNTY,Masonry
925225,HILLSBOROUGH COUNTY,Masonry
116974,HILLSBOROUGH COUNTY,Masonry
105884,HILLSBOROUGH COUNTY,Wood
355780,HILLSBOROUGH COUNTY,Wood
167254,HILLSBOROUGH COUNTY,Wood
923844,HILLSBOROUGH COUNTY,Wood
414562,HILLSBOROUGH COUNTY,Wood
235419,HILLSBOROUGH COUNTY,Wood
892183,HILLSBOROUGH COUNTY,Wood
334240,HILLSBOROUGH COUNTY,Wood
964903,HILLSBOROUGH COUNTY,Wood
682008,HILLSBOROUGH COUNTY,Wood
189479,HILLSBOROUGH COUNTY,Wood
398033,HILLSBOROUGH COUNTY,Wood
647543,HILLSBOROUGH COUNTY,Wood
904691,HILLSBOROUGH COUNTY,Wood
525673,HILLSBOROUGH COUNTY,Wood
669697,HILLSBOROUGH COUNTY,Wood
971138,HILLSBOROUGH COUNTY,Wood
526126,HILLSBOROUGH COUNTY,Masonry
873893,HILLSBOROUGH COUNTY,Wood
993557,HILLSBOROUGH COUNTY,Wood
912569,HILLSBOROUGH COUNTY,Wood
942289,HILLSBOROUGH COUNTY,Wood
695780,HILLSBOROUGH COUNTY,Reinforced Masonry
589633,HILLSBOROUGH COUNTY,Masonry
830777,HILLSBOROUGH COUNTY,Reinforced Concrete
541468,PASCO COUNTY,Wood
824860,PASCO COUNTY,Reinforced Masonry
860601,PASCO COUNTY,Masonry
202177,PASCO COUNTY,Reinforced Masonry
140662,PASCO COUNTY,Reinforced Masonry
818798,HILLSBOROUGH COUNTY,Masonry
775328,HILLSBOROUGH COUNTY,Wood
620734,HILLSBOROUGH COUNTY,Wood
718114,HILLSBOROUGH COUNTY,Masonry
981464,HILLSBOROUGH COUNTY,Masonry
478611,HILLSBOROUGH COUNTY,Reinforced Masonry
691246,HILLSBOROUGH COUNTY,Reinforced Masonry
621629,HILLSBOROUGH COUNTY,Wood
111349,HILLSBOROUGH COUNTY,Reinforced Masonry
637079,HILLSBOROUGH COUNTY,Masonry
624754,HILLSBOROUGH COUNTY,Wood
509209,HILLSBOROUGH COUNTY,Masonry
649088,HILLSBOROUGH COUNTY,Masonry
480746,HILLSBOROUGH COUNTY,Masonry
843552,HILLSBOROUGH COUNTY,Wood
817881,HILLSBOROUGH COUNTY,Masonry
285439,HILLSBOROUGH COUNTY,Masonry
115556,HILLSBOROUGH COUNTY,Wood
535178,HILLSBOROUGH COUNTY,Wood
939037,HILLSBOROUGH COUNTY,Wood
909230,HILLSBOROUGH COUNTY,Wood
871813,HILLSBOROUGH COUNTY,Wood
708585,HILLSBOROUGH COUNTY,Wood
211689,HILLSBOROUGH COUNTY,Wood
198552,HILLSBOROUGH COUNTY,Wood
857629,HILLSBOROUGH COUNTY,Wood
749041,HILLSBOROUGH COUNTY,Masonry
816205,HILLSBOROUGH COUNTY,Masonry
309346,HILLSBOROUGH COUNTY,Wood
992143,HILLSBOROUGH COUNTY,Steel Frame
276307,HILLSBOROUGH COUNTY,Masonry
908943,HILLSBOROUGH COUNTY,Reinforced Masonry
398243,HILLSBOROUGH COUNTY,Reinforced Masonry
558202,HILLSBOROUGH COUNTY,Wood
972407,HILLSBOROUGH COUNTY,Wood
133790,HILLSBOROUGH COUNTY,Steel Frame
696232,HILLSBOROUGH COUNTY,Reinforced Masonry
110192,HILLSBOROUGH COUNTY,Masonry
843615,HILLSBOROUGH COUNTY,Wood
150522,HILLSBOROUGH COUNTY,Wood
234771,HILLSBOROUGH COUNTY,Wood
643366,HILLSBOROUGH COUNTY,Wood
765046,HILLSBOROUGH COUNTY,Masonry
636804,HILLSBOROUGH COUNTY,Wood
900984,HILLSBOROUGH COUNTY,Masonry
635765,HILLSBOROUGH COUNTY,Steel Frame
938690,HILLSBOROUGH COUNTY,Reinforced Concrete
372770,HILLSBOROUGH COUNTY,Masonry
916284,HILLSBOROUGH COUNTY,Wood
613518,HILLSBOROUGH COUNTY,Reinforced Masonry
222288,HILLSBOROUGH COUNTY,Steel Frame
271151,HILLSBOROUGH COUNTY,Wood
256981,HILLSBOROUGH COUNTY,Wood
527614,HILLSBOROUGH COUNTY,Wood
430386,HILLSBOROUGH COUNTY,Masonry
653979,HILLSBOROUGH COUNTY,Wood
798046,HILLSBOROUGH COUNTY,Wood
583024,HILLSBOROUGH COUNTY,Reinforced Masonry
739350,HILLSBOROUGH COUNTY,Reinforced Masonry
197897,HILLSBOROUGH COUNTY,Wood
119711,HILLSBOROUGH COUNTY,Masonry
849582,HILLSBOROUGH COUNTY,Masonry
181642,HILLSBOROUGH COUNTY,Masonry
653867,HILLSBOROUGH COUNTY,Wood
663187,HILLSBOROUGH COUNTY,Wood
552030,HILLSBOROUGH COUNTY,Masonry
538063,HILLSBOROUGH COUNTY,Masonry
529591,HILLSBOROUGH COUNTY,Wood
846320,HILLSBOROUGH COUNTY,Wood
532600,HILLSBOROUGH COUNTY,Masonry
401438,HILLSBOROUGH COUNTY,Reinforced Masonry
822709,HILLSBOROUGH COUNTY,Wood
548653,HILLSBOROUGH COUNTY,Wood
266350,HILLSBOROUGH COUNTY,Reinforced Concrete
919219,HILLSBOROUGH COUNTY,Masonry
890449,HILLSBOROUGH COUNTY,Masonry
724009,HILLSBOROUGH COUNTY,Wood
595585,HILLSBOROUGH COUNTY,Wood
125784,HILLSBOROUGH COUNTY,Wood
590017,HILLSBOROUGH COUNTY,Masonry
719259,HILLSBOROUGH COUNTY,Wood
203255,HILLSBOROUGH COUNTY,Wood
880092,HILLSBOROUGH COUNTY,Wood
258927,HILLSBOROUGH COUNTY,Wood
874248,HILLSBOROUGH COUNTY,Reinforced Masonry
887799,HILLSBOROUGH COUNTY,Masonry
310183,HILLSBOROUGH COUNTY,Masonry
217932,HILLSBOROUGH COUNTY,Wood
273637,HILLSBOROUGH COUNTY,Wood
354214,HILLSBOROUGH COUNTY,Reinforced Masonry
821820,HILLSBOROUGH COUNTY,Wood
474693,HILLSBOROUGH COUNTY,Wood
337249,HILLSBOROUGH COUNTY,Wood
694763,HILLSBOROUGH COUNTY,Wood
296507,HILLSBOROUGH COUNTY,Wood
539082,HILLSBOROUGH COUNTY,Masonry
864546,HILLSBOROUGH COUNTY,Masonry
877239,HILLSBOROUGH COUNTY,Wood
612924,HILLSBOROUGH COUNTY,Wood
930996,HILLSBOROUGH COUNTY,Wood
604457,HILLSBOROUGH COUNTY,Masonry
601344,HILLSBOROUGH COUNTY,Masonry
583798,HILLSBOROUGH COUNTY,Reinforced Masonry
610190,HILLSBOROUGH COUNTY,Reinforced Concrete
784959,HILLSBOROUGH COUNTY,Wood
189175,HILLSBOROUGH COUNTY,Wood
457852,HILLSBOROUGH COUNTY,Masonry
674388,HILLSBOROUGH COUNTY,Masonry
272390,HILLSBOROUGH COUNTY,Wood
574643,HILLSBOROUGH COUNTY,Wood
951892,HILLSBOROUGH COUNTY,Wood
492829,HILLSBOROUGH COUNTY,Wood
621788,HILLSBOROUGH COUNTY,Wood
255293,HILLSBOROUGH COUNTY,Wood
265955,HILLSBOROUGH COUNTY,Wood
231942,HILLSBOROUGH COUNTY,Wood
316112,HILLSBOROUGH COUNTY,Wood
449583,HILLSBOROUGH COUNTY,Masonry
598406,HILLSBOROUGH COUNTY,Wood
826430,HILLSBOROUGH COUNTY,Reinforced Masonry
145896,HILLSBOROUGH COUNTY,Wood
649195,HILLSBOROUGH COUNTY,Masonry
347359,HILLSBOROUGH COUNTY,Wood
513698,HILLSBOROUGH COUNTY,Wood
460428,HILLSBOROUGH COUNTY,Wood
320699,HILLSBOROUGH COUNTY,Wood
789978,HILLSBOROUGH COUNTY,Wood
577789,HILLSBOROUGH COUNTY,Wood
553198,HILLSBOROUGH COUNTY,Wood
100557,HILLSBOROUGH COUNTY,Wood
774729,HILLSBOROUGH COUNTY,Wood
553534,HILLSBOROUGH COUNTY,Reinforced Masonry
370001,HILLSBOROUGH COUNTY,Masonry
751528,HILLSBOROUGH COUNTY,Wood
270618,HILLSBOROUGH COUNTY,Reinforced Concrete
339501,HILLSBOROUGH COUNTY,Reinforced Masonry
284600,HILLSBOROUGH COUNTY,Reinforced Concrete
335898,HILLSBOROUGH COUNTY,Wood
787305,HILLSBOROUGH COUNTY,Wood
690328,HILLSBOROUGH COUNTY,Wood
493826,HILLSBOROUGH COUNTY,Reinforced Masonry
982540,HILLSBOROUGH COUNTY,Reinforced Masonry
168452,HILLSBOROUGH COUNTY,Masonry
941339,PASCO COUNTY,Reinforced Concrete
449825,PASCO COUNTY,Reinforced Masonry
126838,PASCO COUNTY,Reinforced Concrete
415098,PASCO COUNTY,Reinforced Masonry
632308,PASCO COUNTY,Reinforced Masonry
238386,PASCO COUNTY,Reinforced Masonry
347714,PASCO COUNTY,Masonry
502680,PASCO COUNTY,Reinforced Masonry
304603,PASCO COUNTY,Wood
721276,PASCO COUNTY,Masonry
999573,PASCO COUNTY,Wood
323919,PASCO COUNTY,Masonry
802835,PASCO COUNTY,Wood
615620,PASCO COUNTY,Wood
246450,PASCO COUNTY,Wood
881371,PASCO COUNTY,Wood
537022,PASCO COUNTY,Wood
898453,PASCO COUNTY,Wood
335016,PASCO COUNTY,Wood
250459,PASCO COUNTY,Wood
429485,PASCO COUNTY,Wood
570965,PASCO COUNTY,Wood
415097,PASCO COUNTY,Wood
654590,PASCO COUNTY,Wood
559747,HILLSBOROUGH COUNTY,Masonry
687183,HILLSBOROUGH COUNTY,Masonry
843017,HILLSBOROUGH COUNTY,Masonry
223092,HILLSBOROUGH COUNTY,Wood
383511,HILLSBOROUGH COUNTY,Reinforced Masonry
147829,HILLSBOROUGH COUNTY,Masonry
776300,HILLSBOROUGH COUNTY,Masonry
253553,HILLSBOROUGH COUNTY,Wood
395009,HILLSBOROUGH COUNTY,Wood
537842,HILLSBOROUGH COUNTY,Wood
230688,HILLSBOROUGH COUNTY,Masonry
187619,HILLSBOROUGH COUNTY,Masonry
558429,HILLSBOROUGH COUNTY,Masonry
123272,HILLSBOROUGH COUNTY,Masonry
134631,HILLSBOROUGH COUNTY,Masonry
114784,HILLSBOROUGH COUNTY,Masonry
414262,HILLSBOROUGH COUNTY,Masonry
205283,HILLSBOROUGH COUNTY,Reinforced Concrete
447452,HILLSBOROUGH COUNTY,Wood
151247,HILLSBOROUGH COUNTY,Wood
565643,HILLSBOROUGH COUNTY,Masonry
322194,HILLSBOROUGH COUNTY,Wood
125963,HILLSBOROUGH COUNTY,Wood
177065,HILLSBOROUGH COUNTY,Masonry
205411,HILLSBOROUGH COUNTY,Masonry
701783,HILLSBOROUGH COUNTY,Wood
975670,HILLSBOROUGH COUNTY,Wood
259787,HILLSBOROUGH COUNTY,Wood
634476,HILLSBOROUGH COUNTY,Masonry
307961,HILLSBOROUGH COUNTY,Masonry
989672,HILLSBOROUGH COUNTY,Wood
222362,HILLSBOROUGH COUNTY,Wood
977677,HILLSBOROUGH COUNTY,Wood
936082,HILLSBOROUGH COUNTY,Masonry
975548,HILLSBOROUGH COUNTY,Wood
108419,HILLSBOROUGH COUNTY,Wood
853438,HILLSBOROUGH COUNTY,Wood
749144,HILLSBOROUGH COUNTY,Wood
480797,HILLSBOROUGH COUNTY,Wood
838068,HILLSBOROUGH COUNTY,Reinforced Masonry
433429,HILLSBOROUGH COUNTY,Steel Frame
210776,HILLSBOROUGH COUNTY,Wood
749978,HILLSBOROUGH COUNTY,Wood
386814,HILLSBOROUGH COUNTY,Wood
515824,HILLSBOROUGH COUNTY,Masonry
254200,HILLSBOROUGH COUNTY,Wood
856231,HILLSBOROUGH COUNTY,Wood
200284,HILLSBOROUGH COUNTY,Reinforced Masonry
779315,SUMTER COUNTY,Masonry
250632,SUMTER COUNTY,Wood
875739,SUMTER COUNTY,Wood
496696,SUMTER COUNTY,Wood
190471,SUMTER COUNTY,Wood
143017,SUMTER COUNTY,Wood
412482,SUMTER COUNTY,Wood
841299,SUMTER COUNTY,Masonry
348337,SUMTER COUNTY,Wood
272219,HILLSBOROUGH COUNTY,Wood
787846,HILLSBOROUGH COUNTY,Wood
752762,HILLSBOROUGH COUNTY,Wood
121367,HILLSBOROUGH COUNTY,Wood
937923,HILLSBOROUGH COUNTY,Wood
790866,HILLSBOROUGH COUNTY,Masonry
341010,HILLSBOROUGH COUNTY,Wood
667287,HILLSBOROUGH COUNTY,Wood
874590,HILLSBOROUGH COUNTY,Wood
221194,HILLSBOROUGH COUNTY,Wood
645506,HILLSBOROUGH COUNTY,Wood
984413,HILLSBOROUGH COUNTY,Wood
474047,HILLSBOROUGH COUNTY,Wood
243978,HILLSBOROUGH COUNTY,Wood
148556,HILLSBOROUGH COUNTY,Reinforced Concrete
633612,HILLSBOROUGH COUNTY,Wood
123766,HILLSBOROUGH COUNTY,Masonry
473301,HILLSBOROUGH COUNTY,Wood
484352,HILLSBOROUGH COUNTY,Wood
549349,HILLSBOROUGH COUNTY,Wood
672439,HILLSBOROUGH COUNTY,Wood
846968,HILLSBOROUGH COUNTY,Wood
162769,HILLSBOROUGH COUNTY,Masonry
739956,HILLSBOROUGH COUNTY,Masonry
711032,HILLSBOROUGH COUNTY,Masonry
561480,HILLSBOROUGH COUNTY,Wood
986127,HILLSBOROUGH COUNTY,Wood
594003,HILLSBOROUGH COUNTY,Wood
565183,HILLSBOROUGH COUNTY,Reinforced Masonry
243837,HILLSBOROUGH COUNTY,Masonry
561726,HILLSBOROUGH COUNTY,Reinforced Masonry
720399,HILLSBOROUGH COUNTY,Wood
803119,HILLSBOROUGH COUNTY,Wood
805389,HILLSBOROUGH COUNTY,Wood
555856,HILLSBOROUGH COUNTY,Wood
888190,HILLSBOROUGH COUNTY,Wood
149610,HILLSBOROUGH COUNTY,Masonry
651574,HILLSBOROUGH COUNTY,Wood
720367,HILLSBOROUGH COUNTY,Wood
942205,HILLSBOROUGH COUNTY,Wood
376303,HILLSBOROUGH COUNTY,Reinforced Masonry
630416,HILLSBOROUGH COUNTY,Masonry
260594,SUMTER COUNTY,Wood
385180,SUMTER COUNTY,Wood
693246,SUMTER COUNTY,Wood
232101,SUMTER COUNTY,Wood
834607,SUMTER COUNTY,Wood
768042,SUMTER COUNTY,Wood
320961,SUMTER COUNTY,Wood
739068,SUMTER COUNTY,Wood
333041,SUMTER COUNTY,Wood
377797,SUMTER COUNTY,Wood
169838,SUMTER COUNTY,Wood
548230,SUMTER COUNTY,Masonry
316809,SUMTER COUNTY,Masonry
395078,SUMTER COUNTY,Wood
817753,SUMTER COUNTY,Masonry
491345,SUMTER COUNTY,Masonry
430149,SUMTER COUNTY,Wood
422227,SUMTER COUNTY,Masonry
153079,SUMTER COUNTY,Wood
622560,SUMTER COUNTY,Wood
946387,SUMTER COUNTY,Masonry
644068,SUMTER COUNTY,Wood
609892,HILLSBOROUGH COUNTY,Wood
775298,HILLSBOROUGH COUNTY,Wood
894196,HILLSBOROUGH COUNTY,Wood
657290,HILLSBOROUGH COUNTY,Wood
437398,HILLSBOROUGH COUNTY,Masonry
335008,HILLSBOROUGH COUNTY,Masonry
248367,HILLSBOROUGH COUNTY,Reinforced Concrete
520161,HILLSBOROUGH COUNTY,Wood
776438,HILLSBOROUGH COUNTY,Masonry
978349,HILLSBOROUGH COUNTY,Masonry
586114,HILLSBOROUGH COUNTY,Wood
859557,HILLSBOROUGH COUNTY,Steel Frame
426199,HILLSBOROUGH COUNTY,Masonry
244990,HILLSBOROUGH COUNTY,Masonry
853928,HILLSBOROUGH COUNTY,Wood
513252,HILLSBOROUGH COUNTY,Wood
942756,HILLSBOROUGH COUNTY,Reinforced Concrete
849871,HILLSBOROUGH COUNTY,Reinforced Concrete
755075,HILLSBOROUGH COUNTY,Wood
437584,HILLSBOROUGH COUNTY,Wood
657801,HILLSBOROUGH COUNTY,Masonry
494988,HILLSBOROUGH COUNTY,Steel Frame
435529,HILLSBOROUGH COUNTY,Wood
941830,HILLSBOROUGH COUNTY,Masonry
640161,HILLSBOROUGH COUNTY,Steel Frame
189881,HILLSBOROUGH COUNTY,Steel Frame
277217,HILLSBOROUGH COUNTY,Wood
997152,HILLSBOROUGH COUNTY,Masonry
794822,HILLSBOROUGH COUNTY,Wood
390415,HILLSBOROUGH COUNTY,Wood
644620,HILLSBOROUGH COUNTY,Masonry
530760,HILLSBOROUGH COUNTY,Reinforced Concrete
548221,HILLSBOROUGH COUNTY,Reinforced Masonry
939520,HILLSBOROUGH COUNTY,Steel Frame
205749,HILLSBOROUGH COUNTY,Steel Frame
454370,HILLSBOROUGH COUNTY,Reinforced Masonry
182560,HILLSBOROUGH COUNTY,Masonry
585909,HILLSBOROUGH COUNTY,Masonry
930046,HILLSBOROUGH COUNTY,Wood
540746,HILLSBOROUGH COUNTY,Masonry
121049,HILLSBOROUGH COUNTY,Wood
352050,HILLSBOROUGH COUNTY,Wood
333607,HILLSBOROUGH COUNTY,Wood
588821,HILLSBOROUGH COUNTY,Wood
963386,HILLSBOROUGH COUNTY,Masonry
318780,HILLSBOROUGH COUNTY,Wood
447165,HILLSBOROUGH COUNTY,Reinforced Masonry
610016,HILLSBOROUGH COUNTY,Masonry
262946,HILLSBOROUGH COUNTY,Wood
394195,HILLSBOROUGH COUNTY,Wood
679052,HILLSBOROUGH COUNTY,Reinforced Masonry
529698,HILLSBOROUGH COUNTY,Reinforced Concrete
170287,HILLSBOROUGH COUNTY,Reinforced Concrete
189938,HILLSBOROUGH COUNTY,Reinforced Masonry
374407,HILLSBOROUGH COUNTY,Wood
438089,HILLSBOROUGH COUNTY,Wood
444801,HILLSBOROUGH COUNTY,Masonry
939762,HILLSBOROUGH COUNTY,Reinforced Concrete
494517,HILLSBOROUGH COUNTY,Masonry
571463,HILLSBOROUGH COUNTY,Wood
270376,HILLSBOROUGH COUNTY,Masonry
777050,HILLSBOROUGH COUNTY,Masonry
425146,HILLSBOROUGH COUNTY,Wood
669171,HILLSBOROUGH COUNTY,Wood
694727,HILLSBOROUGH COUNTY,Reinforced Concrete
159918,HILLSBOROUGH COUNTY,Reinforced Concrete
557507,HILLSBOROUGH COUNTY,Reinforced Masonry
262846,HILLSBOROUGH COUNTY,Reinforced Masonry
519897,HILLSBOROUGH COUNTY,Reinforced Masonry
158774,HILLSBOROUGH COUNTY,Reinforced Masonry
303391,HILLSBOROUGH COUNTY,Reinforced Masonry
834798,HILLSBOROUGH COUNTY,Reinforced Masonry
172245,HILLSBOROUGH COUNTY,Reinforced Masonry
282164,HILLSBOROUGH COUNTY,Wood
272997,HILLSBOROUGH COUNTY,Reinforced Concrete
211166,HILLSBOROUGH COUNTY,Reinforced Concrete
428624,HILLSBOROUGH COUNTY,Reinforced Concrete
657789,HILLSBOROUGH COUNTY,Reinforced Masonry
929423,HILLSBOROUGH COUNTY,Reinforced Masonry
976842,HILLSBOROUGH COUNTY,Wood
712542,HILLSBOROUGH COUNTY,Wood
869182,HILLSBOROUGH COUNTY,Wood
112739,HILLSBOROUGH COUNTY,Wood
649967,HILLSBOROUGH COUNTY,Masonry
335912,HILLSBOROUGH COUNTY,Masonry
236027,HILLSBOROUGH COUNTY,Wood
905238,HILLSBOROUGH COUNTY,Wood
318535,HILLSBOROUGH COUNTY,Masonry
361919,HILLSBOROUGH COUNTY,Wood
109126,HILLSBOROUGH COUNTY,Wood
264056,HILLSBOROUGH COUNTY,Wood
182949,HILLSBOROUGH COUNTY,Wood
889590,HILLSBOROUGH COUNTY,Wood
994226,HILLSBOROUGH COUNTY,Reinforced Concrete
600699,HILLSBOROUGH COUNTY,Reinforced Concrete
942132,HILLSBOROUGH COUNTY,Reinforced Concrete
111273,HILLSBOROUGH COUNTY,Reinforced Concrete
700624,HILLSBOROUGH COUNTY,Masonry
915864,HILLSBOROUGH COUNTY,Reinforced Masonry
712155,HILLSBOROUGH COUNTY,Wood
147064,HILLSBOROUGH COUNTY,Wood
159662,HILLSBOROUGH COUNTY,Reinforced Concrete
169139,HILLSBOROUGH COUNTY,Reinforced Masonry
733482,HILLSBOROUGH COUNTY,Wood
602295,HILLSBOROUGH COUNTY,Masonry
533919,HILLSBOROUGH COUNTY,Reinforced Concrete
988265,HILLSBOROUGH COUNTY,Reinforced Masonry
729199,HILLSBOROUGH COUNTY,Reinforced Masonry
634459,HILLSBOROUGH COUNTY,Reinforced Masonry
426846,HILLSBOROUGH COUNTY,Reinforced Concrete
198675,HILLSBOROUGH COUNTY,Reinforced Masonry
104255,HILLSBOROUGH COUNTY,Reinforced Masonry
676601,HILLSBOROUGH COUNTY,Masonry
759920,HILLSBOROUGH COUNTY,Reinforced Masonry
633656,HILLSBOROUGH COUNTY,Masonry
446816,HILLSBOROUGH COUNTY,Masonry
831165,HILLSBOROUGH COUNTY,Reinforced Masonry
687212,HILLSBOROUGH COUNTY,Masonry
697522,HILLSBOROUGH COUNTY,Masonry
840224,HILLSBOROUGH COUNTY,Masonry
543139,HILLSBOROUGH COUNTY,Masonry
734086,HILLSBOROUGH COUNTY,Masonry
916982,HILLSBOROUGH COUNTY,Masonry
520526,HILLSBOROUGH COUNTY,Reinforced Masonry
843846,HILLSBOROUGH COUNTY,Masonry
270796,HILLSBOROUGH COUNTY,Wood
419883,HILLSBOROUGH COUNTY,Masonry
313507,HILLSBOROUGH COUNTY,Wood
182037,HILLSBOROUGH COUNTY,Reinforced Concrete
330502,HILLSBOROUGH COUNTY,Reinforced Masonry
716108,HILLSBOROUGH COUNTY,Wood
352012,HILLSBOROUGH COUNTY,Wood
995606,HILLSBOROUGH COUNTY,Masonry
555958,HILLSBOROUGH COUNTY,Steel Frame
126044,HILLSBOROUGH COUNTY,Reinforced Masonry
145967,HILLSBOROUGH COUNTY,Reinforced Masonry
848871,HILLSBOROUGH COUNTY,Reinforced Masonry
279721,HILLSBOROUGH COUNTY,Masonry
455070,HILLSBOROUGH COUNTY,Reinforced Masonry
947770,HILLSBOROUGH COUNTY,Reinforced Concrete
313734,HILLSBOROUGH COUNTY,Reinforced Concrete
130874,HILLSBOROUGH COUNTY,Wood
568428,HILLSBOROUGH COUNTY,Steel Frame
488305,HILLSBOROUGH COUNTY,Steel Frame
601064,HILLSBOROUGH COUNTY,Reinforced Concrete
120201,HILLSBOROUGH COUNTY,Reinforced Masonry
442445,HILLSBOROUGH COUNTY,Steel Frame
916468,HILLSBOROUGH COUNTY,Reinforced Concrete
778267,HILLSBOROUGH COUNTY,Masonry
497307,HILLSBOROUGH COUNTY,Reinforced Concrete
393905,HILLSBOROUGH COUNTY,Reinforced Masonry
980948,HILLSBOROUGH COUNTY,Reinforced Masonry
364753,HILLSBOROUGH COUNTY,Wood
579880,HILLSBOROUGH COUNTY,Wood
941726,HILLSBOROUGH COUNTY,Masonry
948706,HILLSBOROUGH COUNTY,Masonry
823503,HILLSBOROUGH COUNTY,Reinforced Concrete
663336,HILLSBOROUGH COUNTY,Steel Frame
474719,HILLSBOROUGH COUNTY,Masonry
865975,HILLSBOROUGH COUNTY,Reinforced Masonry
278310,HILLSBOROUGH COUNTY,Wood
615471,HILLSBOROUGH COUNTY,Reinforced Masonry
142882,HILLSBOROUGH COUNTY,Wood
251193,HILLSBOROUGH COUNTY,Wood
374408,HILLSBOROUGH COUNTY,Wood
491886,HILLSBOROUGH COUNTY,Wood
236213,HILLSBOROUGH COUNTY,Masonry
327823,HILLSBOROUGH COUNTY,Wood
499997,HILLSBOROUGH COUNTY,Wood
691021,HILLSBOROUGH COUNTY,Wood
104709,HILLSBOROUGH COUNTY,Reinforced Masonry
829758,HILLSBOROUGH COUNTY,Masonry
366088,HILLSBOROUGH COUNTY,Masonry
440322,HILLSBOROUGH COUNTY,Masonry
621260,HILLSBOROUGH COUNTY,Masonry
729338,HILLSBOROUGH COUNTY,Masonry
634265,HILLSBOROUGH COUNTY,Masonry
988905,HILLSBOROUGH COUNTY,Wood
891259,HILLSBOROUGH COUNTY,Wood
118432,HILLSBOROUGH COUNTY,Reinforced Masonry
814046,HILLSBOROUGH COUNTY,Masonry
227200,HILLSBOROUGH COUNTY,Reinforced Concrete
812843,HILLSBOROUGH COUNTY,Reinforced Concrete
995628,HILLSBOROUGH COUNTY,Reinforced Concrete
610260,HILLSBOROUGH COUNTY,Reinforced Concrete
128177,HILLSBOROUGH COUNTY,Reinforced Masonry
834675,HILLSBOROUGH COUNTY,Reinforced Masonry
669279,HILLSBOROUGH COUNTY,Masonry
746548,HILLSBOROUGH COUNTY,Masonry
772541,HILLSBOROUGH COUNTY,Reinforced Masonry
278543,HILLSBOROUGH COUNTY,Reinforced Concrete
603737,HILLSBOROUGH COUNTY,Reinforced Masonry
714707,HILLSBOROUGH COUNTY,Wood
936913,HILLSBOROUGH COUNTY,Reinforced Concrete
909615,HILLSBOROUGH COUNTY,Reinforced Concrete
298203,HILLSBOROUGH COUNTY,Masonry
402684,HILLSBOROUGH COUNTY,Reinforced Concrete
296346,HILLSBOROUGH COUNTY,Steel Frame
225954,HILLSBOROUGH COUNTY,Reinforced Masonry
503600,HILLSBOROUGH COUNTY,Steel Frame
730632,HILLSBOROUGH COUNTY,Masonry
702844,HILLSBOROUGH COUNTY,Masonry
908316,HILLSBOROUGH COUNTY,Reinforced Concrete
893037,HILLSBOROUGH COUNTY,Reinforced Masonry
846083,HILLSBOROUGH COUNTY,Masonry
452032,HILLSBOROUGH COUNTY,Reinforced Masonry
655679,HILLSBOROUGH COUNTY,Reinforced Masonry
489027,HILLSBOROUGH COUNTY,Reinforced Concrete
835333,HILLSBOROUGH COUNTY,Masonry
692370,HILLSBOROUGH COUNTY,Masonry
914167,HILLSBOROUGH COUNTY,Masonry
945232,HILLSBOROUGH COUNTY,Wood
933611,HILLSBOROUGH COUNTY,Wood
654851,HILLSBOROUGH COUNTY,Reinforced Masonry
979964,HILLSBOROUGH COUNTY,Wood
520650,HILLSBOROUGH COUNTY,Reinforced Masonry
884157,HILLSBOROUGH COUNTY,Reinforced Masonry
253586,HILLSBOROUGH COUNTY,Wood
349781,HILLSBOROUGH COUNTY,Reinforced Masonry
650335,HILLSBOROUGH COUNTY,Reinforced Concrete
321611,HILLSBOROUGH COUNTY,Reinforced Concrete
843337,HILLSBOROUGH COUNTY,Masonry
204513,HILLSBOROUGH COUNTY,Masonry
145220,HILLSBOROUGH COUNTY,Reinforced Masonry
246362,HILLSBOROUGH COUNTY,Steel Frame
510504,HILLSBOROUGH COUNTY,Reinforced Concrete
174410,HILLSBOROUGH COUNTY,Masonry
152223,HILLSBOROUGH COUNTY,Wood
223216,HILLSBOROUGH COUNTY,Masonry
917776,HILLSBOROUGH COUNTY,Masonry
629609,HILLSBOROUGH COUNTY,Reinforced Masonry
678874,HILLSBOROUGH COUNTY,Reinforced Masonry
637453,HILLSBOROUGH COUNTY,Masonry
124297,HILLSBOROUGH COUNTY,Wood
487343,HILLSBOROUGH COUNTY,Wood
917454,HILLSBOROUGH COUNTY,Masonry
460005,HILLSBOROUGH COUNTY,Masonry
410112,HILLSBOROUGH COUNTY,Reinforced Masonry
502055,HILLSBOROUGH COUNTY,Masonry
627241,HILLSBOROUGH COUNTY,Masonry
467262,HILLSBOROUGH COUNTY,Wood
294935,HILLSBOROUGH COUNTY,Masonry
280855,HILLSBOROUGH COUNTY,Wood
218360,HILLSBOROUGH COUNTY,Wood
678719,HILLSBOROUGH COUNTY,Wood
135774,HILLSBOROUGH COUNTY,Masonry
902363,HILLSBOROUGH COUNTY,Wood
119852,HILLSBOROUGH COUNTY,Reinforced Concrete
339887,HILLSBOROUGH COUNTY,Reinforced Masonry
846031,HILLSBOROUGH COUNTY,Reinforced Masonry
663629,HILLSBOROUGH COUNTY,Reinforced Concrete
867052,HILLSBOROUGH COUNTY,Masonry
870750,HILLSBOROUGH COUNTY,Wood
542700,HILLSBOROUGH COUNTY,Wood
665711,HILLSBOROUGH COUNTY,Masonry
362403,HILLSBOROUGH COUNTY,Wood
610045,HILLSBOROUGH COUNTY,Wood
113292,HILLSBOROUGH COUNTY,Masonry
344960,HILLSBOROUGH COUNTY,Wood
151514,HILLSBOROUGH COUNTY,Wood
551318,HILLSBOROUGH COUNTY,Reinforced Masonry
548075,HILLSBOROUGH COUNTY,Wood
157647,HILLSBOROUGH COUNTY,Wood
163129,HILLSBOROUGH COUNTY,Wood
907226,HILLSBOROUGH COUNTY,Wood
269378,HILLSBOROUGH COUNTY,Wood
518585,HILLSBOROUGH COUNTY,Reinforced Masonry
701536,HILLSBOROUGH COUNTY,Wood
869092,HILLSBOROUGH COUNTY,Wood
343234,HILLSBOROUGH COUNTY,Wood
206309,HILLSBOROUGH COUNTY,Wood
842487,HILLSBOROUGH COUNTY,Wood
205654,HILLSBOROUGH COUNTY,Masonry
606131,HILLSBOROUGH COUNTY,Masonry
986524,HILLSBOROUGH COUNTY,Wood
236288,HILLSBOROUGH COUNTY,Masonry
771650,HILLSBOROUGH COUNTY,Masonry
539765,HILLSBOROUGH COUNTY,Reinforced Masonry
529994,HILLSBOROUGH COUNTY,Wood
784658,HILLSBOROUGH COUNTY,Masonry
178206,HILLSBOROUGH COUNTY,Masonry
376500,HILLSBOROUGH COUNTY,Masonry
880526,HILLSBOROUGH COUNTY,Masonry
483698,HILLSBOROUGH COUNTY,Reinforced Masonry
368784,HILLSBOROUGH COUNTY,Masonry
488731,HILLSBOROUGH COUNTY,Reinforced Concrete
846302,HILLSBOROUGH COUNTY,Reinforced Masonry
117746,HILLSBOROUGH COUNTY,Masonry
435886,HILLSBOROUGH COUNTY,Masonry
497701,HILLSBOROUGH COUNTY,Masonry
421155,HILLSBOROUGH COUNTY,Wood
538961,HILLSBOROUGH COUNTY,Reinforced Masonry
993484,HILLSBOROUGH COUNTY,Wood
807100,HILLSBOROUGH COUNTY,Masonry
311265,HILLSBOROUGH COUNTY,Masonry
885863,HILLSBOROUGH COUNTY,Masonry
912316,HILLSBOROUGH COUNTY,Masonry
358592,HILLSBOROUGH COUNTY,Reinforced Masonry
346325,HILLSBOROUGH COUNTY,Reinforced Masonry
756975,HILLSBOROUGH COUNTY,Wood
526817,HILLSBOROUGH COUNTY,Masonry
903811,HILLSBOROUGH COUNTY,Wood
120679,HILLSBOROUGH COUNTY,Masonry
371908,HILLSBOROUGH COUNTY,Reinforced Masonry
388260,HILLSBOROUGH COUNTY,Reinforced Masonry
769344,HILLSBOROUGH COUNTY,Reinforced Concrete
888571,HILLSBOROUGH COUNTY,Wood
564653,HILLSBOROUGH COUNTY,Masonry
393503,HILLSBOROUGH COUNTY,Wood
103960,HILLSBOROUGH COUNTY,Wood
293829,HILLSBOROUGH COUNTY,Reinforced Masonry
841652,HILLSBOROUGH COUNTY,Reinforced Masonry
882482,HILLSBOROUGH COUNTY,Masonry
519048,HILLSBOROUGH COUNTY,Masonry
402758,HILLSBOROUGH COUNTY,Masonry
733767,HILLSBOROUGH COUNTY,Masonry
556231,HILLSBOROUGH COUNTY,Wood
848786,HILLSBOROUGH COUNTY,Wood
693952,HILLSBOROUGH COUNTY,Masonry
269432,HILLSBOROUGH COUNTY,Masonry
992930,HILLSBOROUGH COUNTY,Masonry
646754,HILLSBOROUGH COUNTY,Masonry
209932,HILLSBOROUGH COUNTY,Reinforced Concrete
247815,HILLSBOROUGH COUNTY,Reinforced Masonry
601618,HILLSBOROUGH COUNTY,Reinforced Masonry
955681,HILLSBOROUGH COUNTY,Reinforced Masonry
560718,HILLSBOROUGH COUNTY,Reinforced Masonry
436404,HILLSBOROUGH COUNTY,Wood
431928,HILLSBOROUGH COUNTY,Wood
434509,HILLSBOROUGH COUNTY,Masonry
333066,HILLSBOROUGH COUNTY,Wood
208148,HILLSBOROUGH COUNTY,Wood
738406,HILLSBOROUGH COUNTY,Wood
670174,HILLSBOROUGH COUNTY,Wood
357278,HILLSBOROUGH COUNTY,Reinforced Masonry
340675,HILLSBOROUGH COUNTY,Masonry
410575,HILLSBOROUGH COUNTY,Reinforced Masonry
282077,HILLSBOROUGH COUNTY,Masonry
944570,HILLSBOROUGH COUNTY,Masonry
400058,HILLSBOROUGH COUNTY,Masonry
629324,HILLSBOROUGH COUNTY,Masonry
293339,HILLSBOROUGH COUNTY,Masonry
747368,HILLSBOROUGH COUNTY,Reinforced Masonry
132431,HILLSBOROUGH COUNTY,Reinforced Masonry
395872,HILLSBOROUGH COUNTY,Reinforced Masonry
417526,HILLSBOROUGH COUNTY,Reinforced Masonry
391499,HILLSBOROUGH COUNTY,Reinforced Masonry
478417,HILLSBOROUGH COUNTY,Masonry
569577,HILLSBOROUGH COUNTY,Masonry
619305,HILLSBOROUGH COUNTY,Masonry
852802,HILLSBOROUGH COUNTY,Wood
629392,HILLSBOROUGH COUNTY,Wood
721468,HILLSBOROUGH COUNTY,Wood
412259,HILLSBOROUGH COUNTY,Reinforced Concrete
291016,HILLSBOROUGH COUNTY,Reinforced Concrete
595597,HILLSBOROUGH COUNTY,Masonry
565994,HILLSBOROUGH COUNTY,Reinforced Masonry
366066,HILLSBOROUGH COUNTY,Masonry
170639,HILLSBOROUGH COUNTY,Masonry
420007,HILLSBOROUGH COUNTY,Wood
268090,HILLSBOROUGH COUNTY,Masonry
875681,HILLSBOROUGH COUNTY,Masonry
291395,HILLSBOROUGH COUNTY,Wood
833312,HILLSBOROUGH COUNTY,Wood
852394,HILLSBOROUGH COUNTY,Steel Frame
187611,HILLSBOROUGH COUNTY,Reinforced Masonry
412126,HILLSBOROUGH COUNTY,Steel Frame
941858,HILLSBOROUGH COUNTY,Reinforced Concrete
769185,HILLSBOROUGH COUNTY,Reinforced Concrete
904898,HILLSBOROUGH COUNTY,Wood
682999,HILLSBOROUGH COUNTY,Wood
393623,HILLSBOROUGH COUNTY,Masonry
567878,HILLSBOROUGH COUNTY,Reinforced Masonry
310766,HILLSBOROUGH COUNTY,Wood
641325,HILLSBOROUGH COUNTY,Steel Frame
311490,HILLSBOROUGH COUNTY,Wood
871815,HILLSBOROUGH COUNTY,Wood
825630,HILLSBOROUGH COUNTY,Masonry
445199,HILLSBOROUGH COUNTY,Masonry
215226,HILLSBOROUGH COUNTY,Reinforced Masonry
557687,HILLSBOROUGH COUNTY,Reinforced Concrete
286214,HILLSBOROUGH COUNTY,Wood
644967,HILLSBOROUGH COUNTY,Wood
638979,HILLSBOROUGH COUNTY,Wood
316732,HILLSBOROUGH COUNTY,Masonry
123951,HILLSBOROUGH COUNTY,Wood
380454,HILLSBOROUGH COUNTY,Wood
322969,HILLSBOROUGH COUNTY,Wood
358743,HILLSBOROUGH COUNTY,Wood
471883,HILLSBOROUGH COUNTY,Wood
529702,HILLSBOROUGH COUNTY,Masonry
116540,HILLSBOROUGH COUNTY,Masonry
285403,HILLSBOROUGH COUNTY,Masonry
157613,HILLSBOROUGH COUNTY,Masonry
855138,HILLSBOROUGH COUNTY,Wood
394675,HILLSBOROUGH COUNTY,Wood
199458,HILLSBOROUGH COUNTY,Masonry
796433,HILLSBOROUGH COUNTY,Wood
488510,HILLSBOROUGH COUNTY,Masonry
468285,HILLSBOROUGH COUNTY,Wood
931137,HILLSBOROUGH COUNTY,Wood
952002,HILLSBOROUGH COUNTY,Masonry
990637,HILLSBOROUGH COUNTY,Masonry
324623,HILLSBOROUGH COUNTY,Masonry
779192,HILLSBOROUGH COUNTY,Reinforced Masonry
450187,HILLSBOROUGH COUNTY,Reinforced Masonry
528086,HILLSBOROUGH COUNTY,Reinforced Masonry
329836,HILLSBOROUGH COUNTY,Reinforced Masonry
233797,HILLSBOROUGH COUNTY,Masonry
568947,HILLSBOROUGH COUNTY,Masonry
589798,HILLSBOROUGH COUNTY,Masonry
709839,HILLSBOROUGH COUNTY,Reinforced Masonry
245252,HILLSBOROUGH COUNTY,Reinforced Masonry
284876,HILLSBOROUGH COUNTY,Reinforced Masonry
262194,HILLSBOROUGH COUNTY,Reinforced Masonry
913509,HILLSBOROUGH COUNTY,Reinforced Masonry
537716,HILLSBOROUGH COUNTY,Masonry
941329,HILLSBOROUGH COUNTY,Reinforced Masonry
126071,HILLSBOROUGH COUNTY,Reinforced Masonry
111852,HILLSBOROUGH COUNTY,Reinforced Masonry
236121,HILLSBOROUGH COUNTY,Masonry
776431,HILLSBOROUGH COUNTY,Wood
704670,HILLSBOROUGH COUNTY,Wood
395065,HILLSBOROUGH COUNTY,Masonry
290731,HILLSBOROUGH COUNTY,Masonry
259380,HILLSBOROUGH COUNTY,Masonry
772322,HILLSBOROUGH COUNTY,Masonry
285526,HILLSBOROUGH COUNTY,Masonry
377097,HILLSBOROUGH COUNTY,Reinforced Masonry
103393,HILLSBOROUGH COUNTY,Reinforced Masonry
425987,HILLSBOROUGH COUNTY,Reinforced Masonry
580696,HILLSBOROUGH COUNTY,Masonry
764202,HILLSBOROUGH COUNTY,Wood
325663,HILLSBOROUGH COUNTY,Wood
579719,HILLSBOROUGH COUNTY,Masonry
637228,HILLSBOROUGH COUNTY,Masonry
572768,HILLSBOROUGH COUNTY,Reinforced Concrete
128605,HILLSBOROUGH COUNTY,Masonry
522062,HILLSBOROUGH COUNTY,Reinforced Concrete
558787,HILLSBOROUGH COUNTY,Wood
517730,HILLSBOROUGH COUNTY,Wood
333094,HILLSBOROUGH COUNTY,Wood
989280,HILLSBOROUGH COUNTY,Wood
495571,HILLSBOROUGH COUNTY,Wood
462892,HILLSBOROUGH COUNTY,Reinforced Masonry
876982,HILLSBOROUGH COUNTY,Wood
973886,HILLSBOROUGH COUNTY,Wood
822544,HILLSBOROUGH COUNTY,Wood
991206,HILLSBOROUGH COUNTY,Masonry
407969,HILLSBOROUGH COUNTY,Reinforced Masonry
834136,HILLSBOROUGH COUNTY,Wood
703892,HILLSBOROUGH COUNTY,Wood
325351,HILLSBOROUGH COUNTY,Wood
482351,HILLSBOROUGH COUNTY,Masonry
704127,HILLSBOROUGH COUNTY,Reinforced Masonry
106574,HILLSBOROUGH COUNTY,Masonry
789912,HILLSBOROUGH COUNTY,Reinforced Masonry
374253,HILLSBOROUGH COUNTY,Masonry
266262,HILLSBOROUGH COUNTY,Masonry
120592,HILLSBOROUGH COUNTY,Reinforced Concrete
535787,HILLSBOROUGH COUNTY,Reinforced Masonry
563784,HILLSBOROUGH COUNTY,Masonry
462950,HILLSBOROUGH COUNTY,Wood
267899,HILLSBOROUGH COUNTY,Reinforced Concrete
450682,HILLSBOROUGH COUNTY,Masonry
501422,HILLSBOROUGH COUNTY,Masonry
702398,HILLSBOROUGH COUNTY,Masonry
945757,HILLSBOROUGH COUNTY,Masonry
114748,HILLSBOROUGH COUNTY,Reinforced Concrete
243967,HILLSBOROUGH COUNTY,Masonry
850510,HILLSBOROUGH COUNTY,Wood
356257,HILLSBOROUGH COUNTY,Wood
419005,HILLSBOROUGH COUNTY,Masonry
658354,HILLSBOROUGH COUNTY,Reinforced Masonry
470262,HILLSBOROUGH COUNTY,Reinforced Concrete
442303,HILLSBOROUGH COUNTY,Masonry
420280,HILLSBOROUGH COUNTY,Masonry
545488,HILLSBOROUGH COUNTY,Reinforced Concrete
715398,HILLSBOROUGH COUNTY,Masonry
701836,HILLSBOROUGH COUNTY,Reinforced Concrete
117336,HILLSBOROUGH COUNTY,Reinforced Concrete
843795,HILLSBOROUGH COUNTY,Wood
706917,HILLSBOROUGH COUNTY,Masonry
660286,HILLSBOROUGH COUNTY,Masonry
137112,HILLSBOROUGH COUNTY,Wood
967567,HILLSBOROUGH COUNTY,Reinforced Masonry
399755,HILLSBOROUGH COUNTY,Reinforced Masonry
203787,HILLSBOROUGH COUNTY,Masonry
178830,HILLSBOROUGH COUNTY,Reinforced Masonry
606918,HILLSBOROUGH COUNTY,Wood
628926,HILLSBOROUGH COUNTY,Steel Frame
161346,HILLSBOROUGH COUNTY,Steel Frame
772799,HILLSBOROUGH COUNTY,Reinforced Masonry
861299,HILLSBOROUGH COUNTY,Reinforced Masonry
596280,HILLSBOROUGH COUNTY,Reinforced Masonry
501426,HILLSBOROUGH COUNTY,Reinforced Masonry
409952,HILLSBOROUGH COUNTY,Masonry
798849,HILLSBOROUGH COUNTY,Masonry
472071,HILLSBOROUGH COUNTY,Reinforced Masonry
697615,HILLSBOROUGH COUNTY,Reinforced Concrete
147224,HILLSBOROUGH COUNTY,Reinforced Concrete
426667,HILLSBOROUGH COUNTY,Wood
952774,HILLSBOROUGH COUNTY,Reinforced Masonry
600380,HILLSBOROUGH COUNTY,Wood
906470,HILLSBOROUGH COUNTY,Masonry
428955,HILLSBOROUGH COUNTY,Wood
594945,HILLSBOROUGH COUNTY,Wood
487470,HILLSBOROUGH COUNTY,Masonry
236437,HILLSBOROUGH COUNTY,Steel Frame
238209,HILLSBOROUGH COUNTY,Wood
896372,HILLSBOROUGH COUNTY,Masonry
621160,HILLSBOROUGH COUNTY,Masonry
515672,HILLSBOROUGH COUNTY,Wood
887665,HILLSBOROUGH COUNTY,Masonry
509473,HILLSBOROUGH COUNTY,Wood
549815,HILLSBOROUGH COUNTY,Wood
649697,HILLSBOROUGH COUNTY,Reinforced Masonry
493474,HILLSBOROUGH COUNTY,Reinforced Concrete
641596,HILLSBOROUGH COUNTY,Wood
235526,HILLSBOROUGH COUNTY,Masonry
993595,HILLSBOROUGH COUNTY,Reinforced Concrete
267831,HILLSBOROUGH COUNTY,Masonry
295451,HILLSBOROUGH COUNTY,Wood
601510,HILLSBOROUGH COUNTY,Wood
660389,HILLSBOROUGH COUNTY,Wood
871486,HILLSBOROUGH COUNTY,Wood
480540,HILLSBOROUGH COUNTY,Masonry
540475,HILLSBOROUGH COUNTY,Reinforced Masonry
710767,HILLSBOROUGH COUNTY,Reinforced Concrete
111311,HILLSBOROUGH COUNTY,Reinforced Masonry
265595,HILLSBOROUGH COUNTY,Reinforced Masonry
659889,HILLSBOROUGH COUNTY,Reinforced Masonry
334935,HILLSBOROUGH COUNTY,Reinforced Masonry
997020,HILLSBOROUGH COUNTY,Masonry
613188,HILLSBOROUGH COUNTY,Reinforced Masonry
183648,HILLSBOROUGH COUNTY,Reinforced Masonry
940026,HILLSBOROUGH COUNTY,Reinforced Masonry
167212,HILLSBOROUGH COUNTY,Wood
815713,HILLSBOROUGH COUNTY,Wood
139797,HILLSBOROUGH COUNTY,Wood
931778,HILLSBOROUGH COUNTY,Wood
586972,HILLSBOROUGH COUNTY,Wood
373671,HILLSBOROUGH COUNTY,Masonry
225693,HILLSBOROUGH COUNTY,Masonry
901892,HILLSBOROUGH COUNTY,Masonry
630772,HILLSBOROUGH COUNTY,Masonry
400814,HILLSBOROUGH COUNTY,Masonry
787056,HILLSBOROUGH COUNTY,Masonry
687447,HILLSBOROUGH COUNTY,Masonry
654348,HILLSBOROUGH COUNTY,Masonry
947209,HILLSBOROUGH COUNTY,Masonry
334591,HILLSBOROUGH COUNTY,Masonry
741690,HILLSBOROUGH COUNTY,Masonry
162680,HILLSBOROUGH COUNTY,Wood
528067,HILLSBOROUGH COUNTY,Wood
750800,HILLSBOROUGH COUNTY,Wood
166086,HILLSBOROUGH COUNTY,Masonry
553927,HILLSBOROUGH COUNTY,Wood
890035,HILLSBOROUGH COUNTY,Wood
218530,HILLSBOROUGH COUNTY,Masonry
550097,HILLSBOROUGH COUNTY,Reinforced Masonry
662657,HILLSBOROUGH COUNTY,Reinforced Masonry
494279,HILLSBOROUGH COUNTY,Reinforced Masonry
988277,HILLSBOROUGH COUNTY,Reinforced Masonry
139067,HILLSBOROUGH COUNTY,Reinforced Masonry
851097,HILLSBOROUGH COUNTY,Masonry
180157,HILLSBOROUGH COUNTY,Masonry
418629,HILLSBOROUGH COUNTY,Wood
129949,HILLSBOROUGH COUNTY,Wood
892518,HILLSBOROUGH COUNTY,Masonry
527312,HILLSBOROUGH COUNTY,Reinforced Concrete
342562,HILLSBOROUGH COUNTY,Reinforced Masonry
294113,HILLSBOROUGH COUNTY,Reinforced Masonry
850033,HILLSBOROUGH COUNTY,Masonry
994404,HILLSBOROUGH COUNTY,Masonry
177994,HILLSBOROUGH COUNTY,Masonry
986278,HILLSBOROUGH COUNTY,Masonry
321022,HILLSBOROUGH COUNTY,Masonry
468353,HILLSBOROUGH COUNTY,Wood
370475,HILLSBOROUGH COUNTY,Masonry
179585,HILLSBOROUGH COUNTY,Wood
920649,HILLSBOROUGH COUNTY,Wood
866407,HILLSBOROUGH COUNTY,Wood
153626,HILLSBOROUGH COUNTY,Wood
658859,HILLSBOROUGH COUNTY,Masonry
712574,HILLSBOROUGH COUNTY,Masonry
463069,HILLSBOROUGH COUNTY,Reinforced Masonry
188193,HILLSBOROUGH COUNTY,Reinforced Masonry
808401,HILLSBOROUGH COUNTY,Masonry
105787,HILLSBOROUGH COUNTY,Wood
299819,HILLSBOROUGH COUNTY,Wood
293327,HILLSBOROUGH COUNTY,Wood
804500,HILLSBOROUGH COUNTY,Wood
626306,HILLSBOROUGH COUNTY,Wood
606204,HILLSBOROUGH COUNTY,Wood
233110,HILLSBOROUGH COUNTY,Wood
821774,HILLSBOROUGH COUNTY,Wood
131011,HILLSBOROUGH COUNTY,Wood
348472,HILLSBOROUGH COUNTY,Wood
773084,HILLSBOROUGH COUNTY,Wood
797335,HILLSBOROUGH COUNTY,Wood
681823,HILLSBOROUGH COUNTY,Wood
824368,HILLSBOROUGH COUNTY,Wood
346506,HILLSBOROUGH COUNTY,Wood
430981,HILLSBOROUGH COUNTY,Wood
578106,HILLSBOROUGH COUNTY,Wood
370267,HILLSBOROUGH COUNTY,Wood
721930,HILLSBOROUGH COUNTY,Wood
627305,HILLSBOROUGH COUNTY,Wood
268967,HILLSBOROUGH COUNTY,Wood
185001,HILLSBOROUGH COUNTY,Steel Frame
911772,HILLSBOROUGH COUNTY,Masonry
329285,HILLSBOROUGH COUNTY,Wood
973237,HILLSBOROUGH COUNTY,Wood
119370,HILLSBOROUGH COUNTY,Masonry
385543,HILLSBOROUGH COUNTY,Wood
506486,HILLSBOROUGH COUNTY,Masonry
472849,HILLSBOROUGH COUNTY,Reinforced Masonry
895498,HILLSBOROUGH COUNTY,Reinforced Concrete
728130,HILLSBOROUGH COUNTY,Reinforced Masonry
409107,HILLSBOROUGH COUNTY,Wood
638044,HILLSBOROUGH COUNTY,Wood
640748,HILLSBOROUGH COUNTY,Masonry
395120,HILLSBOROUGH COUNTY,Reinforced Masonry
799688,HILLSBOROUGH COUNTY,Masonry
677168,HILLSBOROUGH COUNTY,Reinforced Concrete
872949,HILLSBOROUGH COUNTY,Masonry
458176,HILLSBOROUGH COUNTY,Reinforced Masonry
241396,HILLSBOROUGH COUNTY,Masonry
757808,HILLSBOROUGH COUNTY,Masonry
536153,HILLSBOROUGH COUNTY,Reinforced Masonry
465421,HILLSBOROUGH COUNTY,Wood
620843,HILLSBOROUGH COUNTY,Wood
390272,HILLSBOROUGH COUNTY,Masonry
983736,HILLSBOROUGH COUNTY,Wood
518401,HILLSBOROUGH COUNTY,Wood
769055,HILLSBOROUGH COUNTY,Wood
256782,HILLSBOROUGH COUNTY,Wood
711604,HILLSBOROUGH COUNTY,Wood
507670,HILLSBOROUGH COUNTY,Steel Frame
826375,HILLSBOROUGH COUNTY,Masonry
795189,HILLSBOROUGH COUNTY,Wood
508713,HILLSBOROUGH COUNTY,Masonry
275095,HILLSBOROUGH COUNTY,Reinforced Concrete
615087,HILLSBOROUGH COUNTY,Reinforced Concrete
299154,HILLSBOROUGH COUNTY,Reinforced Concrete
774439,HILLSBOROUGH COUNTY,Reinforced Masonry
754290,HILLSBOROUGH COUNTY,Reinforced Concrete
280825,HILLSBOROUGH COUNTY,Reinforced Masonry
144196,HILLSBOROUGH COUNTY,Reinforced Concrete
326453,HILLSBOROUGH COUNTY,Reinforced Concrete
423150,HILLSBOROUGH COUNTY,Masonry
647215,HILLSBOROUGH COUNTY,Wood
607075,HILLSBOROUGH COUNTY,Masonry
913582,HILLSBOROUGH COUNTY,Masonry
958619,HILLSBOROUGH COUNTY,Wood
899774,HILLSBOROUGH COUNTY,Masonry
901708,HILLSBOROUGH COUNTY,Reinforced Concrete
256798,HILLSBOROUGH COUNTY,Wood
403011,HILLSBOROUGH COUNTY,Steel Frame
620698,HILLSBOROUGH COUNTY,Reinforced Concrete
993493,HILLSBOROUGH COUNTY,Wood
951751,HILLSBOROUGH COUNTY,Wood
669844,HILLSBOROUGH COUNTY,Wood
811718,HILLSBOROUGH COUNTY,Wood
799841,HILLSBOROUGH COUNTY,Reinforced Masonry
934342,HILLSBOROUGH COUNTY,Reinforced Masonry
504160,HILLSBOROUGH COUNTY,Masonry
502472,HILLSBOROUGH COUNTY,Masonry
334305,HILLSBOROUGH COUNTY,Masonry
165010,HILLSBOROUGH COUNTY,Reinforced Masonry
150922,HILLSBOROUGH COUNTY,Reinforced Concrete
532202,HILLSBOROUGH COUNTY,Reinforced Concrete
808175,HILLSBOROUGH COUNTY,Reinforced Masonry
979932,HILLSBOROUGH COUNTY,Masonry
309205,HILLSBOROUGH COUNTY,Wood
605953,HILLSBOROUGH COUNTY,Masonry
889902,HILLSBOROUGH COUNTY,Masonry
358656,HILLSBOROUGH COUNTY,Wood
477872,HILLSBOROUGH COUNTY,Masonry
913130,HILLSBOROUGH COUNTY,Masonry
670434,HILLSBOROUGH COUNTY,Wood
887935,HILLSBOROUGH COUNTY,Wood
655305,HILLSBOROUGH COUNTY,Wood
949887,HILLSBOROUGH COUNTY,Masonry
452210,HILLSBOROUGH COUNTY,Wood
422628,HILLSBOROUGH COUNTY,Wood
416320,HILLSBOROUGH COUNTY,Wood
321840,HILLSBOROUGH COUNTY,Wood
485249,HILLSBOROUGH COUNTY,Wood
619611,HILLSBOROUGH COUNTY,Wood
801428,HILLSBOROUGH COUNTY,Wood
259001,HILLSBOROUGH COUNTY,Wood
661132,HILLSBOROUGH COUNTY,Wood
719128,HILLSBOROUGH COUNTY,Wood
982477,HILLSBOROUGH COUNTY,Masonry
288737,HILLSBOROUGH COUNTY,Reinforced Masonry
608948,HILLSBOROUGH COUNTY,Reinforced Concrete
636010,HILLSBOROUGH COUNTY,Reinforced Concrete
483854,HILLSBOROUGH COUNTY,Reinforced Masonry
116860,HILLSBOROUGH COUNTY,Masonry
702275,HILLSBOROUGH COUNTY,Reinforced Concrete
481750,HILLSBOROUGH COUNTY,Reinforced Masonry
850466,HILLSBOROUGH COUNTY,Masonry
604063,HILLSBOROUGH COUNTY,Reinforced Masonry
151991,HILLSBOROUGH COUNTY,Wood
157533,HILLSBOROUGH COUNTY,Wood
914058,HILLSBOROUGH COUNTY,Wood
134815,HILLSBOROUGH COUNTY,Wood
688455,HILLSBOROUGH COUNTY,Wood
406710,HILLSBOROUGH COUNTY,Wood
583061,HILLSBOROUGH COUNTY,Wood
316227,HILLSBOROUGH COUNTY,Wood
829123,HILLSBOROUGH COUNTY,Wood
137625,HILLSBOROUGH COUNTY,Wood
426752,HILLSBOROUGH COUNTY,Wood
833203,HILLSBOROUGH COUNTY,Wood
603167,HILLSBOROUGH COUNTY,Wood
151242,HILLSBOROUGH COUNTY,Wood
551428,HILLSBOROUGH COUNTY,Wood
758171,HILLSBOROUGH COUNTY,Wood
962988,HILLSBOROUGH COUNTY,Wood
254798,HILLSBOROUGH COUNTY,Wood
962590,HILLSBOROUGH COUNTY,Wood
227509,HILLSBOROUGH COUNTY,Wood
476425,HILLSBOROUGH COUNTY,Masonry
280355,HILLSBOROUGH COUNTY,Wood
848709,HILLSBOROUGH COUNTY,Wood
355864,HILLSBOROUGH COUNTY,Wood
324906,HILLSBOROUGH COUNTY,Masonry
631310,HILLSBOROUGH COUNTY,Wood
496558,HILLSBOROUGH COUNTY,Wood
629395,HILLSBOROUGH COUNTY,Wood
710795,HILLSBOROUGH COUNTY,Wood
155734,HILLSBOROUGH COUNTY,Wood
594327,HILLSBOROUGH COUNTY,Wood
668180,HILLSBOROUGH COUNTY,Wood
279152,HILLSBOROUGH COUNTY,Wood
794433,HILLSBOROUGH COUNTY,Reinforced Concrete
724093,HILLSBOROUGH COUNTY,Masonry
284559,PINELLAS COUNTY,Reinforced Concrete
260623,PINELLAS COUNTY,Reinforced Masonry
277148,PINELLAS COUNTY,Masonry
195806,PINELLAS COUNTY,Masonry
855571,PINELLAS COUNTY,Masonry
176124,PINELLAS COUNTY,Masonry
783636,PINELLAS COUNTY,Reinforced Masonry
343594,PINELLAS COUNTY,Masonry
572518,PINELLAS COUNTY,Reinforced Concrete
271060,PINELLAS COUNTY,Masonry
497894,PINELLAS COUNTY,Wood
385247,PINELLAS COUNTY,Masonry
945810,PINELLAS COUNTY,Masonry
631979,PINELLAS COUNTY,Wood
441070,PINELLAS COUNTY,Wood
139672,PINELLAS COUNTY,Wood
495239,PINELLAS COUNTY,Wood
779317,PINELLAS COUNTY,Wood
250593,PINELLAS COUNTY,Wood
855359,PINELLAS COUNTY,Wood
283748,PINELLAS COUNTY,Wood
589166,PINELLAS COUNTY,Wood
519997,PINELLAS COUNTY,Wood
896763,PINELLAS COUNTY,Masonry
619153,PINELLAS COUNTY,Masonry
877191,PINELLAS COUNTY,Wood
117483,PINELLAS COUNTY,Wood
189610,PINELLAS COUNTY,Masonry
695260,PINELLAS COUNTY,Masonry
232113,PINELLAS COUNTY,Wood
552742,PINELLAS COUNTY,Masonry
427692,PINELLAS COUNTY,Wood
762545,PINELLAS COUNTY,Masonry
754598,PINELLAS COUNTY,Wood
474215,PINELLAS COUNTY,Wood
920161,PINELLAS COUNTY,Wood
711062,PINELLAS COUNTY,Reinforced Concrete
932401,PINELLAS COUNTY,Reinforced Masonry
969857,PINELLAS COUNTY,Wood
427113,PINELLAS COUNTY,Wood
747929,PINELLAS COUNTY,Masonry
732249,PINELLAS COUNTY,Wood
586097,PINELLAS COUNTY,Masonry
756797,PINELLAS COUNTY,Wood
371281,PINELLAS COUNTY,Wood
380720,PINELLAS COUNTY,Steel Frame
668558,PINELLAS COUNTY,Reinforced Concrete
177119,PINELLAS COUNTY,Reinforced Concrete
727515,PINELLAS COUNTY,Reinforced Masonry
446607,PINELLAS COUNTY,Reinforced Masonry
645529,PINELLAS COUNTY,Masonry
832738,PINELLAS COUNTY,Reinforced Concrete
745660,PINELLAS COUNTY,Wood
806930,PINELLAS COUNTY,Wood
572801,PINELLAS COUNTY,Masonry
547960,PINELLAS COUNTY,Masonry
347734,PINELLAS COUNTY,Reinforced Masonry
430524,PINELLAS COUNTY,Masonry
531177,PINELLAS COUNTY,Masonry
923188,PINELLAS COUNTY,Masonry
794631,PINELLAS COUNTY,Steel Frame
282311,PINELLAS COUNTY,Masonry
833330,PINELLAS COUNTY,Wood
420561,PINELLAS COUNTY,Wood
191406,PINELLAS COUNTY,Wood
986489,PINELLAS COUNTY,Masonry
350495,PINELLAS COUNTY,Wood
262038,PINELLAS COUNTY,Masonry
389946,PINELLAS COUNTY,Reinforced Masonry
102632,PINELLAS COUNTY,Reinforced Masonry
837006,PINELLAS COUNTY,Reinforced Masonry
428180,PINELLAS COUNTY,Wood
726677,PINELLAS COUNTY,Wood
889460,PINELLAS COUNTY,Wood
825728,PINELLAS COUNTY,Wood
149650,PINELLAS COUNTY,Masonry
780411,PINELLAS COUNTY,Wood
502949,PINELLAS COUNTY,Wood
902096,PINELLAS COUNTY,Wood
291536,PINELLAS COUNTY,Wood
213120,PINELLAS COUNTY,Wood
363687,PINELLAS COUNTY,Wood
366207,PINELLAS COUNTY,Wood
329719,PINELLAS COUNTY,Masonry
419086,PINELLAS COUNTY,Masonry
390281,PINELLAS COUNTY,Wood
795895,PINELLAS COUNTY,Wood
891450,PINELLAS COUNTY,Wood
229775,PINELLAS COUNTY,Wood
470914,PINELLAS COUNTY,Wood
767005,PINELLAS COUNTY,Wood
917201,PINELLAS COUNTY,Masonry
824003,PINELLAS COUNTY,Wood
493241,PINELLAS COUNTY,Wood
528509,PINELLAS COUNTY,Wood
552412,PINELLAS COUNTY,Masonry
351725,PINELLAS COUNTY,Masonry
962678,PINELLAS COUNTY,Wood
843651,PINELLAS COUNTY,Wood
600688,PINELLAS COUNTY,Masonry
212485,PINELLAS COUNTY,Masonry
809779,PINELLAS COUNTY,Wood
427716,PINELLAS COUNTY,Wood
994349,PINELLAS COUNTY,Wood
880997,PINELLAS COUNTY,Wood
212599,PINELLAS COUNTY,Wood
752527,PINELLAS COUNTY,Wood
524942,PINELLAS COUNTY,Wood
127356,PINELLAS COUNTY,Wood
317784,PINELLAS COUNTY,Masonry
867236,PINELLAS COUNTY,Masonry
880904,PINELLAS COUNTY,Wood
994100,PINELLAS COUNTY,Wood
259298,PINELLAS COUNTY,Wood
350481,PINELLAS COUNTY,Reinforced Concrete
878232,PINELLAS COUNTY,Reinforced Masonry
626355,PINELLAS COUNTY,Reinforced Masonry
371097,PINELLAS COUNTY,Reinforced Masonry
570698,PINELLAS COUNTY,Reinforced Masonry
810758,PINELLAS COUNTY,Masonry
458327,PINELLAS COUNTY,Masonry
173737,PINELLAS COUNTY,Masonry
212041,PINELLAS COUNTY,Wood
258502,PINELLAS COUNTY,Wood
540388,PINELLAS COUNTY,Masonry
681092,PINELLAS COUNTY,Wood
674502,PINELLAS COUNTY,Wood
111014,PINELLAS COUNTY,Wood
843430,PINELLAS COUNTY,Masonry
552096,PINELLAS COUNTY,Masonry
754063,PINELLAS COUNTY,Reinforced Masonry
528919,PINELLAS COUNTY,Masonry
411082,PINELLAS COUNTY,Masonry
258693,PINELLAS COUNTY,Masonry
124102,PINELLAS COUNTY,Reinforced Masonry
178080,PINELLAS COUNTY,Masonry
614315,PINELLAS COUNTY,Wood
555208,PINELLAS COUNTY,Wood
442707,PINELLAS COUNTY,Wood
301611,PINELLAS COUNTY,Wood
171498,PINELLAS COUNTY,Masonry
310777,PINELLAS COUNTY,Wood
118204,PINELLAS COUNTY,Masonry
458061,PINELLAS COUNTY,Wood
874088,PINELLAS COUNTY,Masonry
743197,PINELLAS COUNTY,Masonry
604944,PINELLAS COUNTY,Reinforced Masonry
647268,PINELLAS COUNTY,Masonry
409688,PINELLAS COUNTY,Wood
938722,PINELLAS COUNTY,Reinforced Masonry
977058,PINELLAS COUNTY,Wood
360387,PINELLAS COUNTY,Wood
749595,PINELLAS COUNTY,Wood
180546,PINELLAS COUNTY,Wood
289855,PINELLAS COUNTY,Masonry
421103,PINELLAS COUNTY,Wood
773008,PINELLAS COUNTY,Masonry
732248,PINELLAS COUNTY,Reinforced Masonry
193717,PINELLAS COUNTY,Wood
669347,PINELLAS COUNTY,Reinforced Masonry
679333,PINELLAS COUNTY,Wood
250272,PINELLAS COUNTY,Wood
585695,PINELLAS COUNTY,Masonry
480236,PINELLAS COUNTY,Wood
553224,PINELLAS COUNTY,Masonry
336220,PINELLAS COUNTY,Wood
297332,PINELLAS COUNTY,Wood
975671,PINELLAS COUNTY,Wood
279598,PINELLAS COUNTY,Wood
997398,PINELLAS COUNTY,Masonry
939199,PINELLAS COUNTY,Masonry
339081,PINELLAS COUNTY,Wood
280177,PINELLAS COUNTY,Reinforced Masonry
766388,PINELLAS COUNTY,Wood
511923,PINELLAS COUNTY,Reinforced Masonry
887848,PINELLAS COUNTY,Wood
628342,PINELLAS COUNTY,Wood
991509,PINELLAS COUNTY,Masonry
238112,PINELLAS COUNTY,Wood
156919,PINELLAS COUNTY,Masonry
572573,PINELLAS COUNTY,Masonry
803785,PINELLAS COUNTY,Masonry
273469,PINELLAS COUNTY,Wood
157702,PINELLAS COUNTY,Masonry
865614,PINELLAS COUNTY,Masonry
143215,PINELLAS COUNTY,Masonry
290520,PINELLAS COUNTY,Reinforced Concrete
589464,PINELLAS COUNTY,Reinforced Masonry
977468,PINELLAS COUNTY,Reinforced Masonry
403536,PINELLAS COUNTY,Masonry
629497,PINELLAS COUNTY,Wood
466451,PINELLAS COUNTY,Masonry
597653,PINELLAS COUNTY,Wood
842244,PINELLAS COUNTY,Wood
903787,PINELLAS COUNTY,Wood
249433,PINELLAS COUNTY,Wood
487427,PINELLAS COUNTY,Wood
405800,PINELLAS COUNTY,Wood
792606,PINELLAS COUNTY,Wood
448854,PINELLAS COUNTY,Wood
224222,PINELLAS COUNTY,Wood
283860,PINELLAS COUNTY,Wood
677146,PINELLAS COUNTY,Wood
472640,PINELLAS COUNTY,Masonry
330975,PINELLAS COUNTY,Masonry
332180,PINELLAS COUNTY,Reinforced Masonry
897215,PINELLAS COUNTY,Masonry
575994,PINELLAS COUNTY,Wood
798539,PINELLAS COUNTY,Reinforced Masonry
336409,PINELLAS COUNTY,Masonry
535234,PINELLAS COUNTY,Wood
974208,PINELLAS COUNTY,Masonry
883053,PINELLAS COUNTY,Wood
428781,PINELLAS COUNTY,Masonry
118782,PINELLAS COUNTY,Masonry
637069,PINELLAS COUNTY,Wood
553556,PINELLAS COUNTY,Wood
727985,PINELLAS COUNTY,Wood
563070,PINELLAS COUNTY,Masonry
104586,PINELLAS COUNTY,Masonry
445763,PINELLAS COUNTY,Wood
454445,PINELLAS COUNTY,Wood
679861,PINELLAS COUNTY,Wood
989980,PINELLAS COUNTY,Wood
899697,PINELLAS COUNTY,Wood
166120,PINELLAS COUNTY,Masonry
429275,PINELLAS COUNTY,Reinforced Masonry
782180,PINELLAS COUNTY,Reinforced Masonry
869428,PINELLAS COUNTY,Wood
842257,PINELLAS COUNTY,Masonry
491516,PINELLAS COUNTY,Wood
499163,PINELLAS COUNTY,Wood
253216,PINELLAS COUNTY,Wood
811449,PINELLAS COUNTY,Wood
229244,PINELLAS COUNTY,Masonry
263858,PINELLAS COUNTY,Masonry
477073,PINELLAS COUNTY,Wood
757797,PINELLAS COUNTY,Wood
231392,PINELLAS COUNTY,Masonry
443192,PINELLAS COUNTY,Masonry
475748,PINELLAS COUNTY,Wood
723933,PINELLAS COUNTY,Reinforced Masonry
736854,PINELLAS COUNTY,Wood
227191,PINELLAS COUNTY,Wood
501553,PINELLAS COUNTY,Reinforced Masonry
823238,PINELLAS COUNTY,Masonry
118764,PINELLAS COUNTY,Wood
884261,PINELLAS COUNTY,Wood
443381,PINELLAS COUNTY,Masonry
147839,PINELLAS COUNTY,Reinforced Masonry
807059,PINELLAS COUNTY,Reinforced Masonry
460794,PINELLAS COUNTY,Reinforced Masonry
432361,PINELLAS COUNTY,Masonry
621845,PINELLAS COUNTY,Wood
521002,PINELLAS COUNTY,Reinforced Masonry
108080,PINELLAS COUNTY,Masonry
585715,PINELLAS COUNTY,Masonry
749107,PINELLAS COUNTY,Reinforced Concrete
762263,PINELLAS COUNTY,Reinforced Masonry
305710,PINELLAS COUNTY,Wood
427748,PINELLAS COUNTY,Wood
336431,PINELLAS COUNTY,Reinforced Masonry
452670,PINELLAS COUNTY,Reinforced Concrete
516129,PINELLAS COUNTY,Reinforced Masonry
514339,PINELLAS COUNTY,Wood
629768,PINELLAS COUNTY,Wood
620418,PINELLAS COUNTY,Wood
671568,PINELLAS COUNTY,Wood
896505,PINELLAS COUNTY,Wood
125873,PINELLAS COUNTY,Wood
774919,PINELLAS COUNTY,Wood
198345,PINELLAS COUNTY,Wood
488648,PINELLAS COUNTY,Masonry
374942,PINELLAS COUNTY,Reinforced Masonry
333052,PINELLAS COUNTY,Masonry
553930,PINELLAS COUNTY,Masonry
563197,PINELLAS COUNTY,Masonry
663579,PINELLAS COUNTY,Masonry
161533,PINELLAS COUNTY,Wood
511674,PINELLAS COUNTY,Wood
432115,PINELLAS COUNTY,Wood
779955,PINELLAS COUNTY,Wood
471421,PINELLAS COUNTY,Wood
520927,PINELLAS COUNTY,Wood
625433,PINELLAS COUNTY,Wood
616140,PINELLAS COUNTY,Wood
784167,PINELLAS COUNTY,Wood
120090,PINELLAS COUNTY,Wood
449058,PINELLAS COUNTY,Wood
909828,PINELLAS COUNTY,Wood
198750,PINELLAS COUNTY,Wood
819291,PINELLAS COUNTY,Wood
993335,PINELLAS COUNTY,Wood
529324,PINELLAS COUNTY,Wood
882485,PINELLAS COUNTY,Wood
820804,PINELLAS COUNTY,Wood
653199,PINELLAS COUNTY,Masonry
560540,PINELLAS COUNTY,Wood
126944,PINELLAS COUNTY,Wood
671735,PINELLAS COUNTY,Masonry
789655,PINELLAS COUNTY,Masonry
841339,PINELLAS COUNTY,Wood
911339,PINELLAS COUNTY,Wood
799466,PINELLAS COUNTY,Reinforced Masonry
221758,PINELLAS COUNTY,Reinforced Masonry
159656,PINELLAS COUNTY,Wood
273572,PINELLAS COUNTY,Wood
461165,PINELLAS COUNTY,Wood
179310,PINELLAS COUNTY,Wood
894133,PINELLAS COUNTY,Wood
466488,PINELLAS COUNTY,Wood
321842,PINELLAS COUNTY,Masonry
611931,PINELLAS COUNTY,Reinforced Masonry
145181,PINELLAS COUNTY,Wood
782691,PINELLAS COUNTY,Wood
550998,PINELLAS COUNTY,Masonry
290889,PINELLAS COUNTY,Wood
319274,PINELLAS COUNTY,Masonry
190393,PINELLAS COUNTY,Wood
300714,PINELLAS COUNTY,Masonry
840901,PINELLAS COUNTY,Masonry
851236,PINELLAS COUNTY,Masonry
469212,PINELLAS COUNTY,Masonry
189533,PINELLAS COUNTY,Wood
224801,PINELLAS COUNTY,Masonry
490208,PINELLAS COUNTY,Masonry
298167,PINELLAS COUNTY,Wood
106199,PINELLAS COUNTY,Wood
320211,PINELLAS COUNTY,Masonry
837843,PINELLAS COUNTY,Masonry
184354,PINELLAS COUNTY,Reinforced Concrete
615589,PINELLAS COUNTY,Masonry
985844,PINELLAS COUNTY,Masonry
923194,PINELLAS COUNTY,Masonry
153361,PINELLAS COUNTY,Masonry
913591,PINELLAS COUNTY,Wood
163990,PINELLAS COUNTY,Wood
587075,PINELLAS COUNTY,Masonry
811418,PINELLAS COUNTY,Masonry
442714,PINELLAS COUNTY,Masonry
446780,PINELLAS COUNTY,Masonry
781133,PINELLAS COUNTY,Wood
809916,PINELLAS COUNTY,Wood
359162,PINELLAS COUNTY,Masonry
949567,PINELLAS COUNTY,Reinforced Masonry
208401,PINELLAS COUNTY,Reinforced Masonry
538431,PINELLAS COUNTY,Wood
516068,PINELLAS COUNTY,Wood
775281,PINELLAS COUNTY,Wood
441628,PINELLAS COUNTY,Wood
777555,PINELLAS COUNTY,Wood
736996,PINELLAS COUNTY,Wood
194682,PINELLAS COUNTY,Wood
491474,PINELLAS COUNTY,Wood
398894,PINELLAS COUNTY,Wood
548560,PINELLAS COUNTY,Wood
821916,PINELLAS COUNTY,Wood
960342,PINELLAS COUNTY,Masonry
509518,PINELLAS COUNTY,Reinforced Masonry
452467,PINELLAS COUNTY,Wood
108214,PINELLAS COUNTY,Masonry
977910,PINELLAS COUNTY,Wood
326660,PINELLAS COUNTY,Wood
756251,PINELLAS COUNTY,Wood
384224,PINELLAS COUNTY,Masonry
508931,PINELLAS COUNTY,Masonry
463778,PINELLAS COUNTY,Wood
725533,PINELLAS COUNTY,Masonry
982256,PINELLAS COUNTY,Wood
746994,PINELLAS COUNTY,Wood
872426,PINELLAS COUNTY,Masonry
789256,PINELLAS COUNTY,Wood
723052,PINELLAS COUNTY,Wood
148935,PINELLAS COUNTY,Wood
533933,PINELLAS COUNTY,Masonry
881563,PINELLAS COUNTY,Masonry
158416,PINELLAS COUNTY,Masonry
125398,PINELLAS COUNTY,Masonry
645136,PINELLAS COUNTY,Masonry
878166,PINELLAS COUNTY,Masonry
347563,PINELLAS COUNTY,Wood
319680,PINELLAS COUNTY,Reinforced Masonry
137218,PINELLAS COUNTY,Masonry
303949,PINELLAS COUNTY,Wood
150282,PINELLAS COUNTY,Masonry
375632,PINELLAS COUNTY,Wood
434594,PINELLAS COUNTY,Masonry
166693,PINELLAS COUNTY,Wood
831022,PINELLAS COUNTY,Wood
847459,PINELLAS COUNTY,Wood
950567,PINELLAS COUNTY,Wood
906611,PINELLAS COUNTY,Wood
480289,PINELLAS COUNTY,Wood
147976,PINELLAS COUNTY,Wood
222355,PINELLAS COUNTY,Reinforced Masonry
653138,PINELLAS COUNTY,Wood
665814,PINELLAS COUNTY,Masonry
611446,PINELLAS COUNTY,Masonry
257283,PINELLAS COUNTY,Masonry
274743,PINELLAS COUNTY,Wood
297691,PINELLAS COUNTY,Wood
125576,PINELLAS COUNTY,Masonry
996934,PINELLAS COUNTY,Wood
659782,PINELLAS COUNTY,Wood
276860,PINELLAS COUNTY,Wood
679983,PINELLAS COUNTY,Wood
301539,PINELLAS COUNTY,Masonry
822711,PINELLAS COUNTY,Wood
515142,PINELLAS COUNTY,Masonry
687435,PINELLAS COUNTY,Masonry
832554,PINELLAS COUNTY,Masonry
210108,PINELLAS COUNTY,Masonry
598398,PINELLAS COUNTY,Reinforced Masonry
435215,PINELLAS COUNTY,Wood
143629,PINELLAS COUNTY,Masonry
242104,PINELLAS COUNTY,Wood
997772,PINELLAS COUNTY,Masonry
522270,PINELLAS COUNTY,Masonry
582025,PINELLAS COUNTY,Masonry
581455,PINELLAS COUNTY,Wood
744746,PINELLAS COUNTY,Wood
210122,PINELLAS COUNTY,Wood
109108,PINELLAS COUNTY,Wood
349417,PINELLAS COUNTY,Wood
514820,PINELLAS COUNTY,Wood
824531,PINELLAS COUNTY,Masonry
448128,PINELLAS COUNTY,Wood
729811,PINELLAS COUNTY,Wood
846877,PINELLAS COUNTY,Wood
656848,PINELLAS COUNTY,Wood
759476,PINELLAS COUNTY,Reinforced Masonry
879406,PINELLAS COUNTY,Wood
728197,PINELLAS COUNTY,Masonry
643151,PINELLAS COUNTY,Masonry
881864,PINELLAS COUNTY,Masonry
232387,PINELLAS COUNTY,Wood
543830,PINELLAS COUNTY,Wood
501465,PINELLAS COUNTY,Masonry
120144,PINELLAS COUNTY,Wood
789893,PINELLAS COUNTY,Wood
276948,PINELLAS COUNTY,Wood
372315,PINELLAS COUNTY,Wood
735966,PINELLAS COUNTY,Masonry
613514,PINELLAS COUNTY,Wood
610764,PINELLAS COUNTY,Steel Frame
261766,PINELLAS COUNTY,Reinforced Masonry
707272,PINELLAS COUNTY,Masonry
523438,PINELLAS COUNTY,Wood
121686,PINELLAS COUNTY,Masonry
991952,PINELLAS COUNTY,Steel Frame
626952,PINELLAS COUNTY,Reinforced Concrete
179869,PINELLAS COUNTY,Wood
757891,PINELLAS COUNTY,Masonry
803472,PINELLAS COUNTY,Masonry
888730,PINELLAS COUNTY,Wood
310313,PINELLAS COUNTY,Reinforced Masonry
355327,PINELLAS COUNTY,Wood
166746,PINELLAS COUNTY,Wood
112110,PINELLAS COUNTY,Wood
880063,PINELLAS COUNTY,Wood
313303,PINELLAS COUNTY,Wood
733251,PINELLAS COUNTY,Wood
671698,PINELLAS COUNTY,Wood
406480,PINELLAS COUNTY,Wood
576136,PINELLAS COUNTY,Masonry
188310,PINELLAS COUNTY,Masonry
688046,PINELLAS COUNTY,Masonry
623658,PINELLAS COUNTY,Masonry
763223,PINELLAS COUNTY,Wood
790523,PINELLAS COUNTY,Wood
407834,PINELLAS COUNTY,Wood
458448,PINELLAS COUNTY,Reinforced Masonry
670098,PINELLAS COUNTY,Reinforced Masonry
836527,PINELLAS COUNTY,Reinforced Masonry
733508,PINELLAS COUNTY,Masonry
502662,PINELLAS COUNTY,Masonry
440001,PINELLAS COUNTY,Wood
159073,PINELLAS COUNTY,Masonry
929781,PINELLAS COUNTY,Wood
365179,PINELLAS COUNTY,Wood
841986,PINELLAS COUNTY,Wood
852143,PINELLAS COUNTY,Wood
582902,PINELLAS COUNTY,Wood
833954,PINELLAS COUNTY,Wood
917557,PINELLAS COUNTY,Masonry
817318,PINELLAS COUNTY,Masonry
879955,PINELLAS COUNTY,Wood
442194,PINELLAS COUNTY,Masonry
347391,PINELLAS COUNTY,Masonry
982420,PINELLAS COUNTY,Wood
257020,PINELLAS COUNTY,Wood
827070,PINELLAS COUNTY,Wood
708366,PINELLAS COUNTY,Masonry
782595,PINELLAS COUNTY,Wood
189011,PINELLAS COUNTY,Wood
335090,PINELLAS COUNTY,Masonry
736471,PINELLAS COUNTY,Wood
987173,PINELLAS COUNTY,Wood
857660,PINELLAS COUNTY,Reinforced Masonry
742307,PINELLAS COUNTY,Reinforced Masonry
371348,PINELLAS COUNTY,Wood
935151,PINELLAS COUNTY,Masonry
628182,PINELLAS COUNTY,Masonry
595239,PINELLAS COUNTY,Masonry
208135,PINELLAS COUNTY,Wood
556801,PINELLAS COUNTY,Wood
206905,PINELLAS COUNTY,Wood
870395,PINELLAS COUNTY,Masonry
181601,PINELLAS COUNTY,Wood
537099,PINELLAS COUNTY,Wood
571273,PINELLAS COUNTY,Wood
596257,PINELLAS COUNTY,Masonry
131230,PINELLAS COUNTY,Masonry
323931,PINELLAS COUNTY,Wood
580192,PINELLAS COUNTY,Masonry
648067,PINELLAS COUNTY,Masonry
250918,PINELLAS COUNTY,Reinforced Masonry
578717,PINELLAS COUNTY,Wood
364219,PINELLAS COUNTY,Wood
883855,PINELLAS COUNTY,Masonry
797725,PINELLAS COUNTY,Masonry
600535,PINELLAS COUNTY,Masonry
215558,PINELLAS COUNTY,Masonry
512387,PINELLAS COUNTY,Reinforced Concrete
968932,PINELLAS COUNTY,Reinforced Masonry
384245,PINELLAS COUNTY,Masonry
598545,PINELLAS COUNTY,Masonry
507975,PINELLAS COUNTY,Reinforced Masonry
808341,PINELLAS COUNTY,Reinforced Concrete
526860,PINELLAS COUNTY,Masonry
239606,PINELLAS COUNTY,Wood
827562,PINELLAS COUNTY,Wood
472470,PINELLAS COUNTY,Masonry
266078,PINELLAS COUNTY,Masonry
401527,PINELLAS COUNTY,Wood
192981,PINELLAS COUNTY,Wood
978814,PINELLAS COUNTY,Wood
270590,PINELLAS COUNTY,Wood
519002,PINELLAS COUNTY,Wood
806870,PINELLAS COUNTY,Wood
563269,PINELLAS COUNTY,Wood
460129,PINELLAS COUNTY,Wood
284259,PINELLAS COUNTY,Wood
759786,PINELLAS COUNTY,Wood
175678,PINELLAS COUNTY,Wood
263916,PINELLAS COUNTY,Masonry
909373,PINELLAS COUNTY,Masonry
232759,PINELLAS COUNTY,Reinforced Masonry
657637,PINELLAS COUNTY,Wood
595415,PINELLAS COUNTY,Masonry
755405,PINELLAS COUNTY,Wood
429978,PINELLAS COUNTY,Reinforced Masonry
611586,PINELLAS COUNTY,Wood
716642,PINELLAS COUNTY,Wood
608574,PINELLAS COUNTY,Masonry
305883,PINELLAS COUNTY,Wood
666065,PINELLAS COUNTY,Masonry
378906,PINELLAS COUNTY,Wood
297852,PINELLAS COUNTY,Masonry
442486,PINELLAS COUNTY,Reinforced Masonry
317717,PINELLAS COUNTY,Wood
454931,PINELLAS COUNTY,Masonry
758381,PINELLAS COUNTY,Masonry
953673,PINELLAS COUNTY,Wood
291556,PINELLAS COUNTY,Reinforced Masonry
149015,PINELLAS COUNTY,Wood
613392,PINELLAS COUNTY,Wood
825606,PINELLAS COUNTY,Masonry
626584,PINELLAS COUNTY,Wood
956872,PINELLAS COUNTY,Wood
934238,PINELLAS COUNTY,Masonry
377145,PINELLAS COUNTY,Masonry
587213,PINELLAS COUNTY,Wood
654360,PINELLAS COUNTY,Wood
632674,PINELLAS COUNTY,Wood
601499,PINELLAS COUNTY,Masonry
635328,PINELLAS COUNTY,Masonry
467909,PINELLAS COUNTY,Masonry
852862,PINELLAS COUNTY,Masonry
301160,PINELLAS COUNTY,Reinforced Masonry
888521,PINELLAS COUNTY,Reinforced Concrete
813896,PINELLAS COUNTY,Wood
597398,PINELLAS COUNTY,Masonry
543346,PINELLAS COUNTY,Masonry
704451,PINELLAS COUNTY,Wood
269207,PINELLAS COUNTY,Wood
604976,PINELLAS COUNTY,Wood
221415,PINELLAS COUNTY,Wood
289066,PINELLAS COUNTY,Wood
764523,PINELLAS COUNTY,Wood
140748,PINELLAS COUNTY,Wood
154788,PINELLAS COUNTY,Wood
364578,PINELLAS COUNTY,Wood
241563,PINELLAS COUNTY,Wood
181412,PINELLAS COUNTY,Wood
959565,PINELLAS COUNTY,Wood
825696,PINELLAS COUNTY,Wood
280337,PINELLAS COUNTY,Wood
285570,PINELLAS COUNTY,Wood
359122,PINELLAS COUNTY,Reinforced Masonry
554337,PINELLAS COUNTY,Masonry
274464,PINELLAS COUNTY,Reinforced Masonry
398085,PINELLAS COUNTY,Wood
172741,PINELLAS COUNTY,Masonry
379199,PINELLAS COUNTY,Masonry
717694,PINELLAS COUNTY,Masonry
777143,PINELLAS COUNTY,Masonry
302158,PINELLAS COUNTY,Reinforced Masonry
214359,PINELLAS COUNTY,Wood
445113,PINELLAS COUNTY,Masonry
249018,PINELLAS COUNTY,Wood
351266,PINELLAS COUNTY,Wood
544263,PINELLAS COUNTY,Wood
267514,PINELLAS COUNTY,Wood
687557,PINELLAS COUNTY,Wood
892377,PINELLAS COUNTY,Wood
125745,PINELLAS COUNTY,Wood
518553,PINELLAS COUNTY,Wood
458893,PINELLAS COUNTY,Masonry
100562,PINELLAS COUNTY,Masonry
280748,PINELLAS COUNTY,Masonry
960755,PINELLAS COUNTY,Wood
897900,PINELLAS COUNTY,Wood
746631,PINELLAS COUNTY,Reinforced Masonry
313901,PINELLAS COUNTY,Masonry
277090,PINELLAS COUNTY,Masonry
568708,PINELLAS COUNTY,Wood
901020,PINELLAS COUNTY,Masonry
609402,PINELLAS COUNTY,Masonry
376857,PINELLAS COUNTY,Reinforced Masonry
312783,PINELLAS COUNTY,Wood
144378,PINELLAS COUNTY,Wood
672308,PINELLAS COUNTY,Masonry
396343,PINELLAS COUNTY,Masonry
231881,PINELLAS COUNTY,Masonry
297180,PINELLAS COUNTY,Wood
655160,PINELLAS COUNTY,Masonry
748523,PINELLAS COUNTY,Masonry
468683,PINELLAS COUNTY,Masonry
509308,PINELLAS COUNTY,Masonry
664021,PINELLAS COUNTY,Masonry
148411,PINELLAS COUNTY,Masonry
308481,PINELLAS COUNTY,Wood
962059,PINELLAS COUNTY,Masonry
608469,PINELLAS COUNTY,Masonry
269022,PINELLAS COUNTY,Masonry
441869,PINELLAS COUNTY,Reinforced Concrete
463398,PINELLAS COUNTY,Wood
505577,PINELLAS COUNTY,Reinforced Masonry
782044,PINELLAS COUNTY,Masonry
444290,PINELLAS COUNTY,Reinforced Concrete
542466,PINELLAS COUNTY,Masonry
652645,PINELLAS COUNTY,Masonry
421447,PINELLAS COUNTY,Wood
214918,PINELLAS COUNTY,Wood
934947,PINELLAS COUNTY,Wood
307542,PINELLAS COUNTY,Reinforced Concrete
410802,PINELLAS COUNTY,Wood
179049,PINELLAS COUNTY,Reinforced Masonry
206929,PINELLAS COUNTY,Wood
926534,PINELLAS COUNTY,Wood
624335,PINELLAS COUNTY,Wood
148866,PINELLAS COUNTY,Wood
889423,PINELLAS COUNTY,Wood
629299,PINELLAS COUNTY,Wood
216840,PINELLAS COUNTY,Wood
214422,PINELLAS COUNTY,Masonry
903911,PINELLAS COUNTY,Wood
485544,PINELLAS COUNTY,Masonry
811570,PINELLAS COUNTY,Wood
586811,PINELLAS COUNTY,Masonry
908261,PINELLAS COUNTY,Wood
103107,PINELLAS COUNTY,Wood
151636,PINELLAS COUNTY,Wood
182509,PINELLAS COUNTY,Wood
959434,PINELLAS COUNTY,Wood
228054,PINELLAS COUNTY,Wood
955825,PINELLAS COUNTY,Wood
939032,PINELLAS COUNTY,Reinforced Masonry
438677,PINELLAS COUNTY,Masonry
824783,PINELLAS COUNTY,Reinforced Masonry
528534,PINELLAS COUNTY,Masonry
457321,PINELLAS COUNTY,Wood
397901,PINELLAS COUNTY,Wood
941345,PINELLAS COUNTY,Wood
294098,PINELLAS COUNTY,Masonry
230889,PINELLAS COUNTY,Masonry
879087,PINELLAS COUNTY,Wood
137266,PINELLAS COUNTY,Wood
172976,PINELLAS COUNTY,Masonry
898129,PINELLAS COUNTY,Wood
410123,PINELLAS COUNTY,Wood
896185,PINELLAS COUNTY,Wood
194117,PINELLAS COUNTY,Masonry
919715,PINELLAS COUNTY,Reinforced Masonry
282965,PINELLAS COUNTY,Wood
431103,PINELLAS COUNTY,Wood
309200,PINELLAS COUNTY,Wood
451239,PINELLAS COUNTY,Wood
969462,PINELLAS COUNTY,Wood
839732,PINELLAS COUNTY,Wood
793096,PINELLAS COUNTY,Wood
421243,PINELLAS COUNTY,Masonry
748961,PINELLAS COUNTY,Reinforced Masonry
882057,PINELLAS COUNTY,Masonry
522426,PINELLAS COUNTY,Masonry
418432,PINELLAS COUNTY,Masonry
983586,PINELLAS COUNTY,Masonry
638189,PINELLAS COUNTY,Masonry
513750,PINELLAS COUNTY,Wood
898889,PINELLAS COUNTY,Masonry
873933,PINELLAS COUNTY,Wood
832289,PINELLAS COUNTY,Masonry
218268,PINELLAS COUNTY,Reinforced Masonry
377144,PINELLAS COUNTY,Reinforced Masonry
132238,PINELLAS COUNTY,Masonry
145061,PINELLAS COUNTY,Wood
169041,PINELLAS COUNTY,Wood
756170,PINELLAS COUNTY,Wood
781708,PINELLAS COUNTY,Wood
191368,PINELLAS COUNTY,Reinforced Masonry
465977,PINELLAS COUNTY,Wood
722005,PINELLAS COUNTY,Wood
357663,PINELLAS COUNTY,Wood
778196,PINELLAS COUNTY,Wood
501049,PINELLAS COUNTY,Wood
222941,PINELLAS COUNTY,Wood
316641,PINELLAS COUNTY,Wood
302490,PINELLAS COUNTY,Wood
445505,PINELLAS COUNTY,Wood
381678,PINELLAS COUNTY,Masonry
304777,PINELLAS COUNTY,Wood
929902,PINELLAS COUNTY,Wood
176263,PINELLAS COUNTY,Wood
451324,PINELLAS COUNTY,Wood
950881,PINELLAS COUNTY,Wood
408518,PINELLAS COUNTY,Wood
518943,PINELLAS COUNTY,Wood
544011,PINELLAS COUNTY,Wood
511517,PINELLAS COUNTY,Wood
366739,PINELLAS COUNTY,Wood
164402,PINELLAS COUNTY,Masonry
135231,PINELLAS COUNTY,Masonry
855561,PINELLAS COUNTY,Masonry
780547,PINELLAS COUNTY,Masonry
872608,PINELLAS COUNTY,Masonry
627012,PINELLAS COUNTY,Masonry
814197,PINELLAS COUNTY,Reinforced Masonry
322342,PINELLAS COUNTY,Reinforced Masonry
505436,PINELLAS COUNTY,Reinforced Masonry
434136,PINELLAS COUNTY,Wood
959905,PINELLAS COUNTY,Wood
894165,PINELLAS COUNTY,Wood
574688,PINELLAS COUNTY,Masonry
843097,PINELLAS COUNTY,Wood
648531,PINELLAS COUNTY,Wood
173650,PINELLAS COUNTY,Wood
646447,PINELLAS COUNTY,Wood
655052,PINELLAS COUNTY,Wood
677435,PINELLAS COUNTY,Masonry
609510,PINELLAS COUNTY,Reinforced Masonry
501764,PINELLAS COUNTY,Wood
362472,PINELLAS COUNTY,Wood
527189,PINELLAS COUNTY,Masonry
357015,PINELLAS COUNTY,Masonry
973037,PINELLAS COUNTY,Reinforced Masonry
654433,PINELLAS COUNTY,Reinforced Masonry
169425,PINELLAS COUNTY,Reinforced Concrete
672582,PINELLAS COUNTY,Masonry
303502,PINELLAS COUNTY,Masonry
900148,PINELLAS COUNTY,Masonry
708096,PINELLAS COUNTY,Masonry
170883,PINELLAS COUNTY,Masonry
643319,PINELLAS COUNTY,Masonry
411820,PINELLAS COUNTY,Masonry
414276,PINELLAS COUNTY,Masonry
707395,PINELLAS COUNTY,Masonry
749642,PINELLAS COUNTY,Masonry
507290,PINELLAS COUNTY,Masonry
756218,PINELLAS COUNTY,Masonry
854522,PINELLAS COUNTY,Masonry
200536,PINELLAS COUNTY,Reinforced Concrete
190169,PINELLAS COUNTY,Reinforced Concrete
594991,PINELLAS COUNTY,Reinforced Masonry
697464,PINELLAS COUNTY,Masonry
915057,PINELLAS COUNTY,Reinforced Masonry
705496,PINELLAS COUNTY,Reinforced Masonry
859851,PINELLAS COUNTY,Masonry
426209,PINELLAS COUNTY,Masonry
594486,PINELLAS COUNTY,Wood
902894,PINELLAS COUNTY,Wood
525160,PINELLAS COUNTY,Wood
956781,PINELLAS COUNTY,Wood
265204,PINELLAS COUNTY,Wood
274786,PINELLAS COUNTY,Wood
687965,PINELLAS COUNTY,Reinforced Concrete
983711,PINELLAS COUNTY,Masonry
969992,PINELLAS COUNTY,Masonry
735007,PINELLAS COUNTY,Steel Frame
595083,PINELLAS COUNTY,Masonry
105253,PINELLAS COUNTY,Reinforced Concrete
907969,PINELLAS COUNTY,Masonry
446931,PINELLAS COUNTY,Reinforced Concrete
192503,PINELLAS COUNTY,Wood
515193,PINELLAS COUNTY,Masonry
714326,PINELLAS COUNTY,Masonry
370810,PINELLAS COUNTY,Wood
459659,PINELLAS COUNTY,Masonry
279936,PINELLAS COUNTY,Masonry
522806,PINELLAS COUNTY,Masonry
178269,PINELLAS COUNTY,Masonry
710669,PINELLAS COUNTY,Masonry
132272,PINELLAS COUNTY,Masonry
151389,PINELLAS COUNTY,Masonry
912860,PINELLAS COUNTY,Masonry
208594,PINELLAS COUNTY,Masonry
792536,PINELLAS COUNTY,Masonry
974548,PINELLAS COUNTY,Masonry
566685,PINELLAS COUNTY,Masonry
899180,PINELLAS COUNTY,Masonry
834458,PINELLAS COUNTY,Masonry
595300,PINELLAS COUNTY,Wood
643228,PINELLAS COUNTY,Masonry
138161,PINELLAS COUNTY,Wood
621286,PINELLAS COUNTY,Wood
613863,PINELLAS COUNTY,Wood
484259,PINELLAS COUNTY,Wood
998563,PINELLAS COUNTY,Masonry
458840,PINELLAS COUNTY,Wood
700099,PINELLAS COUNTY,Wood
668346,PINELLAS COUNTY,Masonry
460277,PINELLAS COUNTY,Masonry
470085,PINELLAS COUNTY,Masonry
609943,PINELLAS COUNTY,Masonry
997825,PINELLAS COUNTY,Wood
784252,PINELLAS COUNTY,Wood
419025,PINELLAS COUNTY,Wood
991981,PINELLAS COUNTY,Masonry
211175,PINELLAS COUNTY,Wood
132230,PINELLAS COUNTY,Wood
558685,PINELLAS COUNTY,Wood
782744,PINELLAS COUNTY,Wood
414045,PINELLAS COUNTY,Wood
157744,PINELLAS COUNTY,Masonry
527376,PINELLAS COUNTY,Wood
492807,PINELLAS COUNTY,Wood
501845,PINELLAS COUNTY,Wood
303658,PINELLAS COUNTY,Masonry
675582,PINELLAS COUNTY,Wood
457690,PINELLAS COUNTY,Wood
977106,PINELLAS COUNTY,Wood
201777,PINELLAS COUNTY,Wood
477228,PINELLAS COUNTY,Wood
922026,PINELLAS COUNTY,Wood
324060,PINELLAS COUNTY,Reinforced Masonry
872305,PINELLAS COUNTY,Masonry
754280,PINELLAS COUNTY,Masonry
679262,PINELLAS COUNTY,Masonry
601862,PINELLAS COUNTY,Wood
751984,PINELLAS COUNTY,Wood
715468,PINELLAS COUNTY,Reinforced Masonry
656424,PINELLAS COUNTY,Wood
261353,PINELLAS COUNTY,Wood
154362,PINELLAS COUNTY,Wood
103517,PINELLAS COUNTY,Wood
159933,PINELLAS COUNTY,Wood
109900,PINELLAS COUNTY,Wood
513734,PINELLAS COUNTY,Masonry
966047,PINELLAS COUNTY,Masonry
223387,PINELLAS COUNTY,Masonry
701309,PINELLAS COUNTY,Wood
127673,PINELLAS COUNTY,Wood
816604,PINELLAS COUNTY,Wood
208390,PINELLAS COUNTY,Masonry
740097,PINELLAS COUNTY,Wood
394471,PINELLAS COUNTY,Masonry
141207,PINELLAS COUNTY,Masonry
744781,PINELLAS COUNTY,Reinforced Masonry
174498,PINELLAS COUNTY,Wood
601151,PINELLAS COUNTY,Reinforced Masonry
906538,PINELLAS COUNTY,Masonry
543458,PINELLAS COUNTY,Masonry
479746,PINELLAS COUNTY,Masonry
277203,PINELLAS COUNTY,Wood
219663,PINELLAS COUNTY,Masonry
708661,PINELLAS COUNTY,Wood
647527,PINELLAS COUNTY,Wood
254413,PINELLAS COUNTY,Wood
558405,PINELLAS COUNTY,Wood
689731,PINELLAS COUNTY,Wood
785159,PINELLAS COUNTY,Wood
197193,PINELLAS COUNTY,Wood
351655,PINELLAS COUNTY,Wood
506923,PINELLAS COUNTY,Wood
216197,PINELLAS COUNTY,Masonry
812236,PINELLAS COUNTY,Masonry
177657,PINELLAS COUNTY,Wood
262538,PINELLAS COUNTY,Wood
466202,PINELLAS COUNTY,Wood
720610,PINELLAS COUNTY,Wood
942112,PINELLAS COUNTY,Wood
877980,PINELLAS COUNTY,Wood
444561,PINELLAS COUNTY,Wood
278353,PINELLAS COUNTY,Wood
767123,PINELLAS COUNTY,Wood
166626,PINELLAS COUNTY,Wood
978106,PINELLAS COUNTY,Reinforced Masonry
137494,PINELLAS COUNTY,Wood
661721,PINELLAS COUNTY,Reinforced Concrete
170860,PINELLAS COUNTY,Reinforced Masonry
702962,PINELLAS COUNTY,Reinforced Concrete
766408,PINELLAS COUNTY,Reinforced Concrete
425327,PINELLAS COUNTY,Reinforced Concrete
252868,PINELLAS COUNTY,Masonry
430652,PINELLAS COUNTY,Reinforced Masonry
368941,PINELLAS COUNTY,Masonry
432951,PINELLAS COUNTY,Reinforced Concrete
452763,PINELLAS COUNTY,Wood
567932,PINELLAS COUNTY,Masonry
411127,PINELLAS COUNTY,Reinforced Concrete
593544,PINELLAS COUNTY,Wood
449639,PINELLAS COUNTY,Masonry
650210,PINELLAS COUNTY,Reinforced Masonry
585513,PINELLAS COUNTY,Reinforced Masonry
797686,PINELLAS COUNTY,Reinforced Masonry
143243,PINELLAS COUNTY,Reinforced Masonry
830591,PINELLAS COUNTY,Wood
162662,PINELLAS COUNTY,Wood
223507,PINELLAS COUNTY,Wood
645093,PINELLAS COUNTY,Reinforced Concrete
521976,PINELLAS COUNTY,Reinforced Concrete
740595,PINELLAS COUNTY,Masonry
380226,PINELLAS COUNTY,Wood
739816,PINELLAS COUNTY,Reinforced Masonry
733043,PINELLAS COUNTY,Wood
774057,PINELLAS COUNTY,Wood
584417,PINELLAS COUNTY,Wood
412213,PINELLAS COUNTY,Wood
400978,PINELLAS COUNTY,Masonry
678975,PINELLAS COUNTY,Wood
215717,PINELLAS COUNTY,Wood
568411,PINELLAS COUNTY,Reinforced Masonry
323737,PINELLAS COUNTY,Reinforced Masonry
269211,PINELLAS COUNTY,Wood
104645,PINELLAS COUNTY,Wood
691138,PINELLAS COUNTY,Wood
646157,PINELLAS COUNTY,Masonry
586957,PINELLAS COUNTY,Wood
322740,PINELLAS COUNTY,Wood
177273,PINELLAS COUNTY,Masonry
748948,PINELLAS COUNTY,Masonry
740703,PINELLAS COUNTY,Wood
661390,PINELLAS COUNTY,Wood
917717,PINELLAS COUNTY,Masonry
220882,PINELLAS COUNTY,Masonry
696352,PINELLAS COUNTY,Masonry
959442,PINELLAS COUNTY,Wood
344548,PINELLAS COUNTY,Wood
982109,PINELLAS COUNTY,Masonry
740945,PINELLAS COUNTY,Masonry
335431,PINELLAS COUNTY,Reinforced Masonry
248507,PINELLAS COUNTY,Reinforced Concrete
234556,PINELLAS COUNTY,Reinforced Masonry
544470,PINELLAS COUNTY,Masonry
648741,PINELLAS COUNTY,Wood
645963,PINELLAS COUNTY,Wood
435933,PINELLAS COUNTY,Reinforced Masonry
973539,PINELLAS COUNTY,Masonry
813372,PINELLAS COUNTY,Wood
115340,PINELLAS COUNTY,Masonry
869430,PINELLAS COUNTY,Wood
867537,PINELLAS COUNTY,Masonry
947928,PINELLAS COUNTY,Wood
922903,PINELLAS COUNTY,Wood
227181,PINELLAS COUNTY,Wood
196546,PINELLAS COUNTY,Masonry
337822,PINELLAS COUNTY,Wood
996251,PINELLAS COUNTY,Masonry
442056,PINELLAS COUNTY,Masonry
548882,PINELLAS COUNTY,Masonry
372465,PINELLAS COUNTY,Masonry
554025,PINELLAS COUNTY,Masonry
584052,PINELLAS COUNTY,Wood
621180,PINELLAS COUNTY,Wood
797752,PINELLAS COUNTY,Wood
134836,PINELLAS COUNTY,Wood
965099,PINELLAS COUNTY,Wood
914446,PINELLAS COUNTY,Wood
607947,PINELLAS COUNTY,Wood
306491,PINELLAS COUNTY,Wood
472279,PINELLAS COUNTY,Masonry
276093,PINELLAS COUNTY,Masonry
641608,PINELLAS COUNTY,Masonry
376985,PINELLAS COUNTY,Reinforced Concrete
163713,PINELLAS COUNTY,Wood
950229,PINELLAS COUNTY,Wood
703966,PINELLAS COUNTY,Masonry
284626,PINELLAS COUNTY,Reinforced Masonry
925346,PINELLAS COUNTY,Reinforced Masonry
668656,PINELLAS COUNTY,Reinforced Masonry
657909,PINELLAS COUNTY,Masonry
902024,PINELLAS COUNTY,Masonry
829437,PINELLAS COUNTY,Wood
443499,PINELLAS COUNTY,Masonry
104756,PINELLAS COUNTY,Reinforced Masonry
269149,PINELLAS COUNTY,Wood
486585,PINELLAS COUNTY,Wood
985724,PINELLAS COUNTY,Masonry
398049,PINELLAS COUNTY,Masonry
329327,PINELLAS COUNTY,Masonry
729760,PINELLAS COUNTY,Masonry
549041,PINELLAS COUNTY,Masonry
262392,PINELLAS COUNTY,Wood
159058,PINELLAS COUNTY,Wood
748559,PINELLAS COUNTY,Wood
207787,PINELLAS COUNTY,Wood
827091,PINELLAS COUNTY,Wood
470814,PINELLAS COUNTY,Wood
863805,PINELLAS COUNTY,Wood
376649,PINELLAS COUNTY,Wood
194488,PINELLAS COUNTY,Reinforced Masonry
935539,PINELLAS COUNTY,Masonry
311429,PINELLAS COUNTY,Reinforced Masonry
276437,PINELLAS COUNTY,Reinforced Concrete
810586,PINELLAS COUNTY,Masonry
567299,PINELLAS COUNTY,Steel Frame
778360,PINELLAS COUNTY,Masonry
233132,PINELLAS COUNTY,Masonry
461025,PINELLAS COUNTY,Masonry
780691,PINELLAS COUNTY,Masonry
335151,PINELLAS COUNTY,Wood
125811,PINELLAS COUNTY,Wood
639872,PINELLAS COUNTY,Reinforced Masonry
810357,PINELLAS COUNTY,Wood
477547,PINELLAS COUNTY,Reinforced Masonry
199665,PINELLAS COUNTY,Masonry
676916,PINELLAS COUNTY,Masonry
306121,PINELLAS COUNTY,Masonry
377290,PINELLAS COUNTY,Masonry
120535,PINELLAS COUNTY,Masonry
999230,PINELLAS COUNTY,Masonry
793368,PINELLAS COUNTY,Wood
159372,PINELLAS COUNTY,Wood
846300,PINELLAS COUNTY,Reinforced Concrete
114733,PINELLAS COUNTY,Wood
736172,PINELLAS COUNTY,Wood
659066,PINELLAS COUNTY,Wood
802162,PINELLAS COUNTY,Masonry
401744,PINELLAS COUNTY,Reinforced Concrete
390155,PINELLAS COUNTY,Wood
408184,PINELLAS COUNTY,Masonry
816931,PINELLAS COUNTY,Wood
904946,PINELLAS COUNTY,Reinforced Masonry
455950,PINELLAS COUNTY,Masonry
283033,PINELLAS COUNTY,Masonry
798584,PINELLAS COUNTY,Reinforced Masonry
232374,PINELLAS COUNTY,Wood
771089,PINELLAS COUNTY,Wood
389793,PINELLAS COUNTY,Wood
836775,PINELLAS COUNTY,Wood
220944,PINELLAS COUNTY,Wood
748710,PINELLAS COUNTY,Wood
634506,PINELLAS COUNTY,Wood
277188,PINELLAS COUNTY,Wood
469713,PINELLAS COUNTY,Masonry
309983,PINELLAS COUNTY,Wood
693563,PINELLAS COUNTY,Wood
787899,PINELLAS COUNTY,Reinforced Masonry
938726,PINELLAS COUNTY,Reinforced Masonry
961918,PINELLAS COUNTY,Wood
718407,PINELLAS COUNTY,Masonry
604102,PINELLAS COUNTY,Reinforced Concrete
582801,PINELLAS COUNTY,Wood
620715,PINELLAS COUNTY,Reinforced Concrete
675853,PINELLAS COUNTY,Wood
940315,PINELLAS COUNTY,Wood
649236,PINELLAS COUNTY,Wood
141680,PINELLAS COUNTY,Wood
972347,PINELLAS COUNTY,Masonry
681674,PINELLAS COUNTY,Masonry
750115,PINELLAS COUNTY,Wood
576941,PINELLAS COUNTY,Wood
740069,PINELLAS COUNTY,Wood
385931,PINELLAS COUNTY,Wood
111925,PINELLAS COUNTY,Wood
377148,PINELLAS COUNTY,Wood
822479,PINELLAS COUNTY,Reinforced Masonry
482854,PINELLAS COUNTY,Wood
925234,PINELLAS COUNTY,Wood
348934,PINELLAS COUNTY,Wood
722721,PINELLAS COUNTY,Masonry
583856,PINELLAS COUNTY,Wood
599109,PINELLAS COUNTY,Masonry
851959,PINELLAS COUNTY,Masonry
285055,PINELLAS COUNTY,Masonry
147745,PINELLAS COUNTY,Masonry
829829,PINELLAS COUNTY,Masonry
227324,PINELLAS COUNTY,Wood
427286,PINELLAS COUNTY,Reinforced Masonry
202606,PINELLAS COUNTY,Wood
950553,PINELLAS COUNTY,Wood
274327,PINELLAS COUNTY,Wood
583765,PINELLAS COUNTY,Wood
837875,PINELLAS COUNTY,Masonry
196403,PINELLAS COUNTY,Masonry
858270,PINELLAS COUNTY,Wood
772234,PINELLAS COUNTY,Wood
737410,PINELLAS COUNTY,Wood
364429,PINELLAS COUNTY,Masonry
567762,PINELLAS COUNTY,Wood
135393,PINELLAS COUNTY,Wood
460369,PINELLAS COUNTY,Masonry
448244,PINELLAS COUNTY,Masonry
941014,PINELLAS COUNTY,Masonry
926486,PINELLAS COUNTY,Wood
572867,PINELLAS COUNTY,Wood
547687,PINELLAS COUNTY,Wood
637326,PINELLAS COUNTY,Masonry
403026,PINELLAS COUNTY,Wood
281349,PINELLAS COUNTY,Wood
829128,PINELLAS COUNTY,Wood
905513,PINELLAS COUNTY,Masonry
722770,PINELLAS COUNTY,Masonry
234563,PINELLAS COUNTY,Wood
129256,PINELLAS COUNTY,Wood
287419,PINELLAS COUNTY,Masonry
522681,PINELLAS COUNTY,Wood
608846,PINELLAS COUNTY,Wood
964883,PINELLAS COUNTY,Masonry
681068,PINELLAS COUNTY,Masonry
174337,PINELLAS COUNTY,Masonry
429704,PINELLAS COUNTY,Masonry
326376,PINELLAS COUNTY,Wood
963653,PINELLAS COUNTY,Masonry
846209,PINELLAS COUNTY,Wood
476032,PINELLAS COUNTY,Reinforced Masonry
188383,PINELLAS COUNTY,Wood
265245,PINELLAS COUNTY,Masonry
655621,PINELLAS COUNTY,Reinforced Masonry
146378,PINELLAS COUNTY,Wood
823621,PINELLAS COUNTY,Wood
962867,PINELLAS COUNTY,Wood
191223,PINELLAS COUNTY,Wood
700083,PINELLAS COUNTY,Reinforced Masonry
748397,PINELLAS COUNTY,Masonry
700827,PINELLAS COUNTY,Masonry
747704,PINELLAS COUNTY,Reinforced Masonry
908104,PINELLAS COUNTY,Reinforced Masonry
429247,PINELLAS COUNTY,Wood
225076,PINELLAS COUNTY,Masonry
141711,PINELLAS COUNTY,Wood
910968,PINELLAS COUNTY,Wood
974229,PINELLAS COUNTY,Masonry
725675,PINELLAS COUNTY,Reinforced Masonry
227729,PINELLAS COUNTY,Wood
714378,PINELLAS COUNTY,Wood
786810,PINELLAS COUNTY,Reinforced Masonry
281054,PINELLAS COUNTY,Masonry
702523,PINELLAS COUNTY,Reinforced Masonry
447792,PINELLAS COUNTY,Masonry
933399,PINELLAS COUNTY,Reinforced Masonry
356077,PINELLAS COUNTY,Reinforced Masonry
355579,PINELLAS COUNTY,Masonry
384457,PINELLAS COUNTY,Wood
304645,PINELLAS COUNTY,Wood
456724,PINELLAS COUNTY,Wood
483469,PINELLAS COUNTY,Wood
181401,PINELLAS COUNTY,Wood
299350,PINELLAS COUNTY,Wood
925007,PINELLAS COUNTY,Wood
919695,PINELLAS COUNTY,Wood
694952,PINELLAS COUNTY,Wood
343734,PINELLAS COUNTY,Reinforced Concrete
818465,PINELLAS COUNTY,Reinforced Masonry
669334,PINELLAS COUNTY,Wood
642092,PINELLAS COUNTY,Masonry
225808,PINELLAS COUNTY,Masonry
491269,PINELLAS COUNTY,Masonry
866138,PINELLAS COUNTY,Masonry
893853,PINELLAS COUNTY,Wood
304902,PINELLAS COUNTY,Wood
791819,PINELLAS COUNTY,Wood
324089,PINELLAS COUNTY,Wood
576939,PINELLAS COUNTY,Wood
766448,PINELLAS COUNTY,Reinforced Masonry
777978,PINELLAS COUNTY,Wood
184005,PINELLAS COUNTY,Wood
699447,PINELLAS COUNTY,Wood
228163,PINELLAS COUNTY,Wood
520421,PINELLAS COUNTY,Wood
562248,PINELLAS COUNTY,Wood
262968,PINELLAS COUNTY,Masonry
697325,PINELLAS COUNTY,Wood
786890,PINELLAS COUNTY,Masonry
236184,PINELLAS COUNTY,Reinforced Masonry
475262,PINELLAS COUNTY,Reinforced Masonry
335032,PINELLAS COUNTY,Reinforced Masonry
290810,PINELLAS COUNTY,Wood
455718,PINELLAS COUNTY,Wood
368212,PINELLAS COUNTY,Wood
207625,PINELLAS COUNTY,Wood
175227,PINELLAS COUNTY,Masonry
116579,PINELLAS COUNTY,Steel Frame
681202,PINELLAS COUNTY,Reinforced Masonry
212997,PINELLAS COUNTY,Masonry
601861,PINELLAS COUNTY,Masonry
576751,PINELLAS COUNTY,Wood
796152,PINELLAS COUNTY,Masonry
302298,PINELLAS COUNTY,Steel Frame
572416,PINELLAS COUNTY,Masonry
874753,PINELLAS COUNTY,Reinforced Masonry
458786,PINELLAS COUNTY,Reinforced Masonry
965748,PINELLAS COUNTY,Masonry
779243,PINELLAS COUNTY,Wood
141911,PINELLAS COUNTY,Wood
489204,PINELLAS COUNTY,Reinforced Concrete
636226,PINELLAS COUNTY,Wood
273814,PINELLAS COUNTY,Wood
548656,PINELLAS COUNTY,Wood
347762,PINELLAS COUNTY,Wood
380268,PINELLAS COUNTY,Wood
389517,PINELLAS COUNTY,Wood
210679,PINELLAS COUNTY,Masonry
362293,PINELLAS COUNTY,Masonry
998878,PINELLAS COUNTY,Wood
995162,PINELLAS COUNTY,Reinforced Masonry
481608,PINELLAS COUNTY,Masonry
641156,PINELLAS COUNTY,Masonry
800073,PINELLAS COUNTY,Wood
575115,PINELLAS COUNTY,Wood
974205,PINELLAS COUNTY,Wood
775941,PINELLAS COUNTY,Wood
893567,PINELLAS COUNTY,Wood
370592,PINELLAS COUNTY,Masonry
275731,PINELLAS COUNTY,Masonry
534214,PINELLAS COUNTY,Reinforced Masonry
252433,PINELLAS COUNTY,Wood
161573,PINELLAS COUNTY,Wood
617567,PINELLAS COUNTY,Masonry
939670,PINELLAS COUNTY,Wood
246857,PINELLAS COUNTY,Masonry
143508,PINELLAS COUNTY,Wood
511879,PINELLAS COUNTY,Wood
501769,PINELLAS COUNTY,Masonry
882044,PINELLAS COUNTY,Masonry
240070,PINELLAS COUNTY,Wood
229869,PINELLAS COUNTY,Wood
206140,PINELLAS COUNTY,Reinforced Concrete
167507,PINELLAS COUNTY,Wood
898239,PINELLAS COUNTY,Masonry
653813,PINELLAS COUNTY,Masonry
881427,PINELLAS COUNTY,Wood
165478,PINELLAS COUNTY,Wood
195779,PINELLAS COUNTY,Wood
268156,PINELLAS COUNTY,Masonry
289384,PINELLAS COUNTY,Masonry
502781,PINELLAS COUNTY,Masonry
500108,PINELLAS COUNTY,Wood
102609,PINELLAS COUNTY,Wood
596192,PINELLAS COUNTY,Wood
108405,PINELLAS COUNTY,Masonry
913721,PINELLAS COUNTY,Masonry
894444,PINELLAS COUNTY,Masonry
267365,PINELLAS COUNTY,Wood
304238,PINELLAS COUNTY,Masonry
534014,PINELLAS COUNTY,Masonry
911615,PINELLAS COUNTY,Masonry
855219,PINELLAS COUNTY,Masonry
191701,PINELLAS COUNTY,Wood
343407,PINELLAS COUNTY,Masonry
215665,PINELLAS COUNTY,Wood
539945,PINELLAS COUNTY,Masonry
484898,PINELLAS COUNTY,Masonry
440574,PINELLAS COUNTY,Masonry
762960,PINELLAS COUNTY,Masonry
996580,PINELLAS COUNTY,Masonry
502775,PINELLAS COUNTY,Reinforced Concrete
805018,PINELLAS COUNTY,Masonry
684753,PINELLAS COUNTY,Reinforced Concrete
985394,PINELLAS COUNTY,Wood
229639,PINELLAS COUNTY,Reinforced Masonry
999334,PINELLAS COUNTY,Masonry
383073,PINELLAS COUNTY,Wood
359977,PINELLAS COUNTY,Wood
991830,PINELLAS COUNTY,Masonry
169702,PINELLAS COUNTY,Masonry
474183,PINELLAS COUNTY,Masonry
288202,PINELLAS COUNTY,Wood
820007,PINELLAS COUNTY,Masonry
791151,PINELLAS COUNTY,Wood
864167,PINELLAS COUNTY,Wood
151557,PINELLAS COUNTY,Wood
594338,PINELLAS COUNTY,Wood
486327,PINELLAS COUNTY,Wood
620192,PINELLAS COUNTY,Wood
365602,PINELLAS COUNTY,Masonry
655308,PINELLAS COUNTY,Wood
105600,PINELLAS COUNTY,Wood
709277,PINELLAS COUNTY,Wood
232685,PINELLAS COUNTY,Wood
231248,PINELLAS COUNTY,Masonry
939999,PINELLAS COUNTY,Wood
515860,PINELLAS COUNTY,Wood
375796,PINELLAS COUNTY,Masonry
727742,PINELLAS COUNTY,Masonry
839581,PINELLAS COUNTY,Masonry
580346,PINELLAS COUNTY,Masonry
280890,PINELLAS COUNTY,Wood
287334,PINELLAS COUNTY,Reinforced Masonry
128209,PINELLAS COUNTY,Wood
826275,PINELLAS COUNTY,Wood
527723,PINELLAS COUNTY,Masonry
618775,PINELLAS COUNTY,Wood
354292,PINELLAS COUNTY,Masonry
861342,PINELLAS COUNTY,Reinforced Masonry
568510,PINELLAS COUNTY,Wood
362834,PINELLAS COUNTY,Wood
669727,PINELLAS COUNTY,Wood
179603,PINELLAS COUNTY,Reinforced Masonry
195278,PINELLAS COUNTY,Wood
846288,PINELLAS COUNTY,Masonry
303696,PINELLAS COUNTY,Wood
345989,PINELLAS COUNTY,Wood
155577,PINELLAS COUNTY,Wood
166236,PINELLAS COUNTY,Reinforced Concrete
922540,PINELLAS COUNTY,Wood
877694,PINELLAS COUNTY,Wood
929544,PINELLAS COUNTY,Wood
214561,PINELLAS COUNTY,Masonry
342673,PINELLAS COUNTY,Wood
907045,PINELLAS COUNTY,Wood
518711,PINELLAS COUNTY,Reinforced Concrete
887360,PINELLAS COUNTY,Wood
660966,PINELLAS COUNTY,Wood
161975,PINELLAS COUNTY,Wood
813365,PINELLAS COUNTY,Wood
227063,PINELLAS COUNTY,Wood
598472,PINELLAS COUNTY,Wood
601588,PINELLAS COUNTY,Wood
378298,PINELLAS COUNTY,Masonry
730218,PINELLAS COUNTY,Wood
327377,PINELLAS COUNTY,Wood
667159,PINELLAS COUNTY,Wood
702739,PINELLAS COUNTY,Wood
474972,PINELLAS COUNTY,Wood
737473,PINELLAS COUNTY,Masonry
225846,PINELLAS COUNTY,Wood
641401,PINELLAS COUNTY,Wood
549271,PINELLAS COUNTY,Reinforced Concrete
686202,PINELLAS COUNTY,Reinforced Masonry
675543,PINELLAS COUNTY,Wood
436601,PINELLAS COUNTY,Wood
256363,PINELLAS COUNTY,Reinforced Concrete
814903,PINELLAS COUNTY,Masonry
564502,PINELLAS COUNTY,Wood
726489,PINELLAS COUNTY,Wood
389054,PINELLAS COUNTY,Wood
478058,PINELLAS COUNTY,Wood
741748,PINELLAS COUNTY,Wood
280323,PINELLAS COUNTY,Wood
929513,PINELLAS COUNTY,Wood
844953,PINELLAS COUNTY,Wood
598066,PINELLAS COUNTY,Wood
475417,PINELLAS COUNTY,Reinforced Masonry
995944,PINELLAS COUNTY,Wood
429252,PINELLAS COUNTY,Wood
913570,PINELLAS COUNTY,Masonry
668439,PINELLAS COUNTY,Wood
586985,PINELLAS COUNTY,Wood
457780,PINELLAS COUNTY,Masonry
397275,PINELLAS COUNTY,Masonry
129282,PINELLAS COUNTY,Wood
275037,PINELLAS COUNTY,Wood
734928,PINELLAS COUNTY,Wood
511539,PINELLAS COUNTY,Reinforced Masonry
466302,PINELLAS COUNTY,Wood
514876,PINELLAS COUNTY,Masonry
497914,PINELLAS COUNTY,Reinforced Concrete
565587,PINELLAS COUNTY,Masonry
258382,PINELLAS COUNTY,Masonry
825573,PINELLAS COUNTY,Masonry
679816,PINELLAS COUNTY,Wood
267688,PINELLAS COUNTY,Wood
363111,PINELLAS COUNTY,Wood
213335,PINELLAS COUNTY,Wood
493039,PINELLAS COUNTY,Wood
130363,PINELLAS COUNTY,Wood
250798,PINELLAS COUNTY,Masonry
612171,PINELLAS COUNTY,Masonry
225291,PINELLAS COUNTY,Wood
436464,PINELLAS COUNTY,Wood
216518,PINELLAS COUNTY,Wood
525386,PINELLAS COUNTY,Wood
765858,PINELLAS COUNTY,Masonry
529903,PINELLAS COUNTY,Masonry
389263,PINELLAS COUNTY,Masonry
658108,PINELLAS COUNTY,Wood
324233,PINELLAS COUNTY,Masonry
438274,PINELLAS COUNTY,Masonry
260379,PINELLAS COUNTY,Wood
378218,PINELLAS COUNTY,Wood
888778,PINELLAS COUNTY,Wood
504930,PINELLAS COUNTY,Wood
956699,PINELLAS COUNTY,Wood
121051,PINELLAS COUNTY,Wood
230131,PINELLAS COUNTY,Wood
470282,PINELLAS COUNTY,Wood
988081,PINELLAS COUNTY,Wood
399035,PINELLAS COUNTY,Wood
125002,PINELLAS COUNTY,Masonry
782229,PINELLAS COUNTY,Reinforced Masonry
450655,PINELLAS COUNTY,Masonry
648654,PINELLAS COUNTY,Wood
901292,PINELLAS COUNTY,Wood
412202,PINELLAS COUNTY,Wood
500659,PINELLAS COUNTY,Wood
530585,PINELLAS COUNTY,Wood
667920,PINELLAS COUNTY,Wood
103135,PINELLAS COUNTY,Wood
146097,PINELLAS COUNTY,Wood
502963,PINELLAS COUNTY,Wood
996261,PINELLAS COUNTY,Wood
715455,PINELLAS COUNTY,Wood
962999,PINELLAS COUNTY,Wood
138505,PINELLAS COUNTY,Wood
855463,PINELLAS COUNTY,Wood
114151,PINELLAS COUNTY,Wood
301840,PINELLAS COUNTY,Wood
186993,PINELLAS COUNTY,Wood
404178,PINELLAS COUNTY,Masonry
625005,PINELLAS COUNTY,Masonry
342780,PINELLAS COUNTY,Wood
827932,PINELLAS COUNTY,Masonry
423712,PINELLAS COUNTY,Wood
753615,PINELLAS COUNTY,Wood
547309,PINELLAS COUNTY,Masonry
112448,PINELLAS COUNTY,Masonry
625416,PINELLAS COUNTY,Masonry
352640,PINELLAS COUNTY,Wood
651455,PINELLAS COUNTY,Wood
761932,PINELLAS COUNTY,Reinforced Concrete
496485,PINELLAS COUNTY,Wood
467313,PINELLAS COUNTY,Wood
614176,PINELLAS COUNTY,Wood
429533,PINELLAS COUNTY,Wood
597053,PINELLAS COUNTY,Wood
316923,PINELLAS COUNTY,Wood
491444,PINELLAS COUNTY,Wood
128814,PINELLAS COUNTY,Wood
382064,PINELLAS COUNTY,Wood
184461,PINELLAS COUNTY,Wood
841181,PINELLAS COUNTY,Wood
495920,PINELLAS COUNTY,Wood
113051,PINELLAS COUNTY,Wood
293223,PINELLAS COUNTY,Wood
376278,PINELLAS COUNTY,Wood
933064,PINELLAS COUNTY,Masonry
417344,PINELLAS COUNTY,Masonry
616255,PINELLAS COUNTY,Wood
107973,PINELLAS COUNTY,Wood
238136,PINELLAS COUNTY,Masonry
382131,PINELLAS COUNTY,Reinforced Masonry
650080,PINELLAS COUNTY,Wood
466000,PINELLAS COUNTY,Wood
375251,PINELLAS COUNTY,Wood
264332,PINELLAS COUNTY,Masonry
456656,PINELLAS COUNTY,Masonry
741352,PINELLAS COUNTY,Wood
732791,PINELLAS COUNTY,Wood
318803,PINELLAS COUNTY,Wood
239811,PINELLAS COUNTY,Masonry
728858,PINELLAS COUNTY,Masonry
884233,PINELLAS COUNTY,Wood
691713,PINELLAS COUNTY,Masonry
808826,PINELLAS COUNTY,Masonry
178467,PINELLAS COUNTY,Wood
456943,PINELLAS COUNTY,Masonry
376343,PINELLAS COUNTY,Wood
419242,PINELLAS COUNTY,Wood
547855,PINELLAS COUNTY,Wood
896819,PINELLAS COUNTY,Wood
679154,PINELLAS COUNTY,Wood
809191,PINELLAS COUNTY,Wood
855158,PINELLAS COUNTY,Masonry
950500,PINELLAS COUNTY,Wood
602500,PINELLAS COUNTY,Wood
212497,PINELLAS COUNTY,Wood
783612,PINELLAS COUNTY,Wood
153237,PINELLAS COUNTY,Wood
186747,PINELLAS COUNTY,Masonry
191167,PINELLAS COUNTY,Wood
144647,PINELLAS COUNTY,Wood
398724,PINELLAS COUNTY,Wood
123467,PINELLAS COUNTY,Wood
132192,PINELLAS COUNTY,Wood
903731,PINELLAS COUNTY,Masonry
380037,PINELLAS COUNTY,Wood
119321,PINELLAS COUNTY,Wood
547798,PINELLAS COUNTY,Masonry
531381,PINELLAS COUNTY,Reinforced Masonry
727259,PINELLAS COUNTY,Wood
920324,PINELLAS COUNTY,Wood
926348,PINELLAS COUNTY,Wood
876079,PINELLAS COUNTY,Masonry
155640,PINELLAS COUNTY,Wood
216893,PINELLAS COUNTY,Wood
355529,PINELLAS COUNTY,Masonry
937232,PINELLAS COUNTY,Masonry
773401,PINELLAS COUNTY,Reinforced Masonry
365323,PINELLAS COUNTY,Masonry
414180,PINELLAS COUNTY,Masonry
739678,PINELLAS COUNTY,Masonry
254574,PINELLAS COUNTY,Wood
895786,PINELLAS COUNTY,Wood
558709,PINELLAS COUNTY,Wood
568008,PINELLAS COUNTY,Wood
935133,PINELLAS COUNTY,Wood
887980,PINELLAS COUNTY,Wood
971890,PINELLAS COUNTY,Wood
156734,PINELLAS COUNTY,Masonry
111025,PINELLAS COUNTY,Wood
799678,PINELLAS COUNTY,Wood
812557,PINELLAS COUNTY,Wood
456869,PINELLAS COUNTY,Reinforced Masonry
308396,PINELLAS COUNTY,Masonry
635421,PINELLAS COUNTY,Wood
465955,PINELLAS COUNTY,Wood
340274,PINELLAS COUNTY,Wood
894153,PINELLAS COUNTY,Reinforced Masonry
715129,PINELLAS COUNTY,Reinforced Masonry
119461,PINELLAS COUNTY,Reinforced Concrete
498942,PINELLAS COUNTY,Reinforced Masonry
505192,PINELLAS COUNTY,Wood
251207,PINELLAS COUNTY,Wood
868153,PINELLAS COUNTY,Wood
360992,PINELLAS COUNTY,Wood
938146,PINELLAS COUNTY,Masonry
904936,PINELLAS COUNTY,Wood
137374,PINELLAS COUNTY,Wood
712048,PINELLAS COUNTY,Wood
807370,PINELLAS COUNTY,Masonry
864738,PINELLAS COUNTY,Masonry
892185,PINELLAS COUNTY,Masonry
787524,PINELLAS COUNTY,Masonry
490415,PINELLAS COUNTY,Wood
737873,PINELLAS COUNTY,Masonry
394239,PINELLAS COUNTY,Wood
599358,PINELLAS COUNTY,Wood
817315,PINELLAS COUNTY,Masonry
104325,PINELLAS COUNTY,Wood
116485,PINELLAS COUNTY,Wood
678725,PINELLAS COUNTY,Reinforced Masonry
434573,PINELLAS COUNTY,Wood
247869,PINELLAS COUNTY,Wood
317122,PINELLAS COUNTY,Wood
671710,PINELLAS COUNTY,Wood
717419,PINELLAS COUNTY,Wood
728677,PINELLAS COUNTY,Masonry
223152,PINELLAS COUNTY,Masonry
928880,PINELLAS COUNTY,Masonry
942909,PINELLAS COUNTY,Masonry
264091,PINELLAS COUNTY,Wood
862173,PINELLAS COUNTY,Wood
632070,PINELLAS COUNTY,Masonry
262896,PINELLAS COUNTY,Masonry
563446,PINELLAS COUNTY,Wood
157821,PINELLAS COUNTY,Wood
592906,PINELLAS COUNTY,Wood
576331,PINELLAS COUNTY,Wood
401789,PINELLAS COUNTY,Wood
578145,PINELLAS COUNTY,Masonry
270809,PINELLAS COUNTY,Masonry
456779,PINELLAS COUNTY,Wood
645343,PINELLAS COUNTY,Wood
285594,PINELLAS COUNTY,Wood
235772,PINELLAS COUNTY,Wood
989734,PINELLAS COUNTY,Wood
292947,PINELLAS COUNTY,Masonry
507332,PINELLAS COUNTY,Wood
127872,PINELLAS COUNTY,Wood
532596,PINELLAS COUNTY,Masonry
170847,PINELLAS COUNTY,Wood
838804,PINELLAS COUNTY,Wood
637161,PINELLAS COUNTY,Reinforced Masonry
307223,PINELLAS COUNTY,Wood
194043,PINELLAS COUNTY,Wood
279201,PINELLAS COUNTY,Wood
276547,PINELLAS COUNTY,Wood
179988,PINELLAS COUNTY,Wood
654648,PINELLAS COUNTY,Wood
601649,PINELLAS COUNTY,Wood
668341,PINELLAS COUNTY,Wood
811070,PINELLAS COUNTY,Wood
135496,PINELLAS COUNTY,Wood
299460,PINELLAS COUNTY,Wood
942784,PINELLAS COUNTY,Masonry
146671,PINELLAS COUNTY,Reinforced Masonry
571110,PINELLAS COUNTY,Wood
888904,PINELLAS COUNTY,Wood
588519,PINELLAS COUNTY,Wood
444321,PINELLAS COUNTY,Reinforced Masonry
794947,PINELLAS COUNTY,Wood
722714,PINELLAS COUNTY,Wood
326535,PINELLAS COUNTY,Wood
486331,PINELLAS COUNTY,Wood
223312,PINELLAS COUNTY,Masonry
937848,PINELLAS COUNTY,Masonry
779902,PINELLAS COUNTY,Wood
854161,PINELLAS COUNTY,Masonry
106084,PINELLAS COUNTY,Reinforced Masonry
568215,PINELLAS COUNTY,Masonry
465447,PINELLAS COUNTY,Masonry
716008,PINELLAS COUNTY,Reinforced Masonry
379200,PINELLAS COUNTY,Masonry
135650,PINELLAS COUNTY,Wood
617348,PINELLAS COUNTY,Reinforced Concrete
798938,PINELLAS COUNTY,Wood
640472,PINELLAS COUNTY,Wood
620305,PINELLAS COUNTY,Masonry
620558,PINELLAS COUNTY,Wood
311879,PINELLAS COUNTY,Wood
470948,PINELLAS COUNTY,Wood
753471,PINELLAS COUNTY,Wood
117163,PINELLAS COUNTY,Wood
507377,PINELLAS COUNTY,Wood
803765,PINELLAS COUNTY,Wood
121337,PINELLAS COUNTY,Wood
173541,PINELLAS COUNTY,Wood
294134,PINELLAS COUNTY,Wood
500182,PINELLAS COUNTY,Wood
564029,PINELLAS COUNTY,Wood
990041,PINELLAS COUNTY,Masonry
125824,PINELLAS COUNTY,Wood
845942,PINELLAS COUNTY,Wood
314436,PINELLAS COUNTY,Wood
645958,PINELLAS COUNTY,Wood
316676,PINELLAS COUNTY,Wood
359103,PINELLAS COUNTY,Wood
977250,PINELLAS COUNTY,Reinforced Masonry
358771,PINELLAS COUNTY,Masonry
424789,PINELLAS COUNTY,Wood
692034,PINELLAS COUNTY,Wood
716096,PINELLAS COUNTY,Wood
754945,PINELLAS COUNTY,Wood
737052,PINELLAS COUNTY,Wood
271536,PINELLAS COUNTY,Wood
428606,PINELLAS COUNTY,Wood
468677,PINELLAS COUNTY,Masonry
512745,PINELLAS COUNTY,Wood
694912,PINELLAS COUNTY,Wood
221359,PINELLAS COUNTY,Reinforced Masonry
572495,PINELLAS COUNTY,Reinforced Masonry
887071,PINELLAS COUNTY,Wood
843486,PINELLAS COUNTY,Masonry
733186,PINELLAS COUNTY,Wood
295173,PINELLAS COUNTY,Wood
875633,PINELLAS COUNTY,Wood
879470,POLK COUNTY,Reinforced Masonry
854249,POLK COUNTY,Masonry
363589,POLK COUNTY,Reinforced Masonry
575897,POLK COUNTY,Masonry
696548,POLK COUNTY,Masonry
217863,POLK COUNTY,Masonry
559124,POLK COUNTY,Masonry
261103,POLK COUNTY,Masonry
360767,POLK COUNTY,Masonry
771789,POLK COUNTY,Wood
135039,POLK COUNTY,Wood
134989,POLK COUNTY,Wood
180086,POLK COUNTY,Masonry
673948,POLK COUNTY,Masonry
501941,POLK COUNTY,Wood
278040,POLK COUNTY,Masonry
979624,POLK COUNTY,Reinforced Masonry
691384,POLK COUNTY,Masonry
609413,POLK COUNTY,Wood
134697,POLK COUNTY,Masonry
673375,POLK COUNTY,Masonry
260618,POLK COUNTY,Reinforced Masonry
549573,POLK COUNTY,Masonry
905084,POLK COUNTY,Wood
293131,POLK COUNTY,Masonry
353373,POLK COUNTY,Masonry
897184,POLK COUNTY,Wood
388628,POLK COUNTY,Masonry
239738,POLK COUNTY,Wood
189642,POLK COUNTY,Reinforced Masonry
691347,POLK COUNTY,Wood
293610,POLK COUNTY,Wood
985341,POLK COUNTY,Reinforced Concrete
401965,POLK COUNTY,Reinforced Concrete
235895,POLK COUNTY,Reinforced Masonry
812831,POLK COUNTY,Reinforced Masonry
437891,POLK COUNTY,Masonry
176496,POLK COUNTY,Reinforced Masonry
840173,POLK COUNTY,Masonry
623909,POLK COUNTY,Masonry
141423,POLK COUNTY,Masonry
786283,POLK COUNTY,Masonry
194489,POLK COUNTY,Masonry
708800,POLK COUNTY,Reinforced Masonry
325474,POLK COUNTY,Masonry
918896,POLK COUNTY,Masonry
612967,POLK COUNTY,Masonry
210738,POLK COUNTY,Reinforced Masonry
794680,POLK COUNTY,Reinforced Masonry
406602,POLK COUNTY,Masonry
687516,POLK COUNTY,Wood
718844,POLK COUNTY,Reinforced Masonry
448124,POLK COUNTY,Wood
738028,POLK COUNTY,Reinforced Masonry
250747,POLK COUNTY,Masonry
893126,POLK COUNTY,Masonry
784592,POLK COUNTY,Reinforced Masonry
534170,POLK COUNTY,Reinforced Concrete
681542,POLK COUNTY,Reinforced Masonry
235728,POLK COUNTY,Reinforced Masonry
304212,POLK COUNTY,Wood
945070,POLK COUNTY,Wood
994731,POLK COUNTY,Wood
934175,POLK COUNTY,Masonry
924764,POLK COUNTY,Wood
882266,POLK COUNTY,Masonry
636598,POLK COUNTY,Wood
138316,POLK COUNTY,Wood
176713,POLK COUNTY,Masonry
435513,POLK COUNTY,Masonry
494033,POLK COUNTY,Masonry
891685,POLK COUNTY,Wood
672801,POLK COUNTY,Reinforced Masonry
219653,POLK COUNTY,Wood
626553,POLK COUNTY,Masonry
414273,POLK COUNTY,Wood
447090,POLK COUNTY,Wood
837577,POLK COUNTY,Masonry
685075,POLK COUNTY,Masonry
490230,POLK COUNTY,Wood
511829,POLK COUNTY,Wood
922431,POLK COUNTY,Wood
738285,POLK COUNTY,Wood
223571,POLK COUNTY,Wood
893810,POLK COUNTY,Wood
475564,POLK COUNTY,Wood
482016,POLK COUNTY,Wood
741109,POLK COUNTY,Wood
646184,POLK COUNTY,Wood
876400,POLK COUNTY,Wood
845218,POLK COUNTY,Wood
767545,POLK COUNTY,Wood
531414,POLK COUNTY,Wood
639505,POLK COUNTY,Wood
419432,POLK COUNTY,Wood
727856,POLK COUNTY,Masonry
758906,POLK COUNTY,Reinforced Concrete
822585,POLK COUNTY,Reinforced Masonry
877257,POLK COUNTY,Masonry
422769,POLK COUNTY,Masonry
136735,POLK COUNTY,Steel Frame
157909,POLK COUNTY,Masonry
105306,POLK COUNTY,Wood
159352,POLK COUNTY,Masonry
818718,POLK COUNTY,Masonry
344822,POLK COUNTY,Reinforced Masonry
340097,POLK COUNTY,Masonry
851478,POLK COUNTY,Masonry
278151,POLK COUNTY,Wood
119311,POLK COUNTY,Wood
348956,POLK COUNTY,Wood
818220,POLK COUNTY,Masonry
623244,POLK COUNTY,Wood
496057,POLK COUNTY,Masonry
270866,POLK COUNTY,Reinforced Masonry
746783,POLK COUNTY,Wood
327838,POLK COUNTY,Reinforced Masonry
834986,POLK COUNTY,Reinforced Masonry
688184,POLK COUNTY,Reinforced Masonry
634284,POLK COUNTY,Masonry
488769,POLK COUNTY,Wood
862028,POLK COUNTY,Masonry
498690,POLK COUNTY,Wood
756283,POLK COUNTY,Wood
991070,POLK COUNTY,Masonry
883115,POLK COUNTY,Masonry
456652,POLK COUNTY,Reinforced Masonry
838236,POLK COUNTY,Masonry
605257,POLK COUNTY,Masonry
833529,POLK COUNTY,Wood
190997,POLK COUNTY,Reinforced Masonry
568762,POLK COUNTY,Reinforced Masonry
436633,POLK COUNTY,Wood
230909,POLK COUNTY,Masonry
296910,POLK COUNTY,Masonry
114514,POLK COUNTY,Masonry
302959,POLK COUNTY,Masonry
560302,POLK COUNTY,Wood
893940,POLK COUNTY,Masonry
296487,POLK COUNTY,Masonry
932650,POLK COUNTY,Masonry
238255,POLK COUNTY,Wood
362900,POLK COUNTY,Wood
314241,POLK COUNTY,Masonry
594228,POLK COUNTY,Masonry
933520,POLK COUNTY,Masonry
380291,POLK COUNTY,Masonry
278400,POLK COUNTY,Reinforced Masonry
712753,POLK COUNTY,Masonry
556610,POLK COUNTY,Reinforced Masonry
297139,POLK COUNTY,Reinforced Masonry
145873,POLK COUNTY,Wood
253974,POLK COUNTY,Masonry
841065,POLK COUNTY,Wood
171927,POLK COUNTY,Masonry
135495,POLK COUNTY,Reinforced Concrete
549718,POLK COUNTY,Wood
433373,POLK COUNTY,Wood
123057,POLK COUNTY,Wood
412354,POLK COUNTY,Wood
408599,POLK COUNTY,Wood
498262,POLK COUNTY,Wood
692846,POLK COUNTY,Reinforced Masonry
127803,POLK COUNTY,Reinforced Masonry
974680,POLK COUNTY,Reinforced Masonry
290531,POLK COUNTY,Steel Frame
624711,POLK COUNTY,Wood
318568,POLK COUNTY,Wood
504756,POLK COUNTY,Wood
561889,POLK COUNTY,Reinforced Masonry
328994,POLK COUNTY,Reinforced Masonry
148606,POLK COUNTY,Reinforced Masonry
900196,POLK COUNTY,Reinforced Masonry
630064,POLK COUNTY,Wood
624573,POLK COUNTY,Wood
472287,POLK COUNTY,Wood
914775,POLK COUNTY,Wood
891146,POLK COUNTY,Wood
570893,POLK COUNTY,Reinforced Masonry
587026,POLK COUNTY,Reinforced Masonry
970400,POLK COUNTY,Masonry
371709,POLK COUNTY,Masonry
408135,POLK COUNTY,Masonry
455457,POLK COUNTY,Wood
397039,POLK COUNTY,Wood
402067,POLK COUNTY,Masonry
650120,POLK COUNTY,Masonry
380373,POLK COUNTY,Reinforced Masonry
507127,POLK COUNTY,Wood
842835,POLK COUNTY,Masonry
205169,POLK COUNTY,Reinforced Concrete
886703,POLK COUNTY,Reinforced Concrete
157580,POLK COUNTY,Wood
732231,POLK COUNTY,Wood
279735,POLK COUNTY,Wood
287709,POLK COUNTY,Wood
507681,POLK COUNTY,Masonry
438148,POLK COUNTY,Reinforced Masonry
641126,POLK COUNTY,Reinforced Masonry
415046,POLK COUNTY,Wood
225350,POLK COUNTY,Wood
833700,POLK COUNTY,Masonry
860954,POLK COUNTY,Wood
698626,POLK COUNTY,Wood
305560,POLK COUNTY,Masonry
485336,POLK COUNTY,Wood
941398,POLK COUNTY,Wood
782315,POLK COUNTY,Masonry
124242,POLK COUNTY,Wood
717037,POLK COUNTY,Reinforced Concrete
438024,POLK COUNTY,Wood
280622,POLK COUNTY,Reinforced Concrete
532722,POLK COUNTY,Reinforced Masonry
825921,POLK COUNTY,Reinforced Masonry
373461,POLK COUNTY,Wood
932624,POLK COUNTY,Reinforced Masonry
142579,POLK COUNTY,Reinforced Masonry
553205,POLK COUNTY,Masonry
863113,POLK COUNTY,Masonry
498589,POLK COUNTY,Wood
215627,POLK COUNTY,Masonry
146152,POLK COUNTY,Wood
424499,POLK COUNTY,Wood
407947,POLK COUNTY,Wood
215542,POLK COUNTY,Wood
451289,POLK COUNTY,Wood
849442,POLK COUNTY,Masonry
702380,POLK COUNTY,Reinforced Masonry
712177,POLK COUNTY,Reinforced Masonry
490935,POLK COUNTY,Reinforced Concrete
533042,POLK COUNTY,Wood
409617,POLK COUNTY,Wood
900424,POLK COUNTY,Wood
558056,POLK COUNTY,Wood
458691,POLK COUNTY,Wood
257422,POLK COUNTY,Wood
539527,POLK COUNTY,Reinforced Masonry
274350,POLK COUNTY,Wood
247098,POLK COUNTY,Reinforced Masonry
854007,POLK COUNTY,Masonry
896248,POLK COUNTY,Reinforced Masonry
287086,POLK COUNTY,Reinforced Masonry
277729,POLK COUNTY,Wood
915579,POLK COUNTY,Wood
890217,POLK COUNTY,Masonry
576907,POLK COUNTY,Reinforced Masonry
113429,POLK COUNTY,Masonry
189224,POLK COUNTY,Reinforced Masonry
385440,POLK COUNTY,Wood
379632,POLK COUNTY,Reinforced Masonry
721331,POLK COUNTY,Masonry
684502,POLK COUNTY,Masonry
165762,POLK COUNTY,Masonry
555127,POLK COUNTY,Wood
816076,POLK COUNTY,Reinforced Masonry
995736,POLK COUNTY,Reinforced Masonry
183396,POLK COUNTY,Reinforced Masonry
941727,POLK COUNTY,Masonry
669684,POLK COUNTY,Reinforced Masonry
720488,POLK COUNTY,Reinforced Masonry
359852,POLK COUNTY,Wood
658421,POLK COUNTY,Reinforced Masonry
312737,POLK COUNTY,Masonry
284743,POLK COUNTY,Masonry
800859,POLK COUNTY,Masonry
736572,POLK COUNTY,Wood
218333,POLK COUNTY,Wood
344120,POLK COUNTY,Wood
182622,POLK COUNTY,Reinforced Masonry
152612,POLK COUNTY,Wood
979067,POLK COUNTY,Wood
927708,POLK COUNTY,Wood
906062,POLK COUNTY,Masonry
860571,POLK COUNTY,Wood
723136,POLK COUNTY,Wood
953319,POLK COUNTY,Masonry
628035,POLK COUNTY,Masonry
335509,POLK COUNTY,Masonry
296767,POLK COUNTY,Masonry
634726,POLK COUNTY,Masonry
586986,POLK COUNTY,Masonry
937369,POLK COUNTY,Masonry
122243,POLK COUNTY,Masonry
753278,POLK COUNTY,Masonry
848409,POLK COUNTY,Masonry
548550,POLK COUNTY,Masonry
917964,POLK COUNTY,Masonry
522797,POLK COUNTY,Masonry
742661,POLK COUNTY,Masonry
529285,POLK COUNTY,Masonry
274044,POLK COUNTY,Masonry
245296,POLK COUNTY,Masonry
194757,POLK COUNTY,Masonry
983678,POLK COUNTY,Masonry
622236,POLK COUNTY,Masonry
757144,POLK COUNTY,Masonry
232432,POLK COUNTY,Masonry
244682,POLK COUNTY,Wood
189937,POLK COUNTY,Wood
825633,POLK COUNTY,Wood
777634,POLK COUNTY,Wood
534293,POLK COUNTY,Wood
659615,POLK COUNTY,Wood
184683,POLK COUNTY,Wood
377404,POLK COUNTY,Wood
718010,POLK COUNTY,Wood
790506,POLK COUNTY,Wood
598111,POLK COUNTY,Wood
186456,POLK COUNTY,Wood
880633,POLK COUNTY,Wood
492531,POLK COUNTY,Wood
166327,POLK COUNTY,Wood
530185,POLK COUNTY,Wood
346386,POLK COUNTY,Masonry
632789,POLK COUNTY,Masonry
533371,POLK COUNTY,Wood
657448,POLK COUNTY,Wood
788830,POLK COUNTY,Wood
772888,POLK COUNTY,Wood
739072,POLK COUNTY,Wood
376456,POLK COUNTY,Wood
370912,POLK COUNTY,Wood
623711,POLK COUNTY,Wood
564207,POLK COUNTY,Wood
691685,POLK COUNTY,Wood
972506,POLK COUNTY,Wood
275069,POLK COUNTY,Wood
711824,POLK COUNTY,Wood
757181,POLK COUNTY,Wood
277724,POLK COUNTY,Reinforced Concrete
518298,POLK COUNTY,Reinforced Masonry
821298,POLK COUNTY,Reinforced Masonry
166229,POLK COUNTY,Wood
178527,POLK COUNTY,Wood
264575,POLK COUNTY,Masonry
903864,POLK COUNTY,Reinforced Masonry
270781,POLK COUNTY,Reinforced Masonry
380669,POLK COUNTY,Masonry
114426,POLK COUNTY,Masonry
262288,POLK COUNTY,Masonry
142908,POLK COUNTY,Wood
954751,POLK COUNTY,Masonry
965001,POLK COUNTY,Masonry
177045,POLK COUNTY,Wood
342080,POLK COUNTY,Wood
605153,POLK COUNTY,Masonry
150105,POLK COUNTY,Masonry
289544,POLK COUNTY,Masonry
169688,POLK COUNTY,Masonry
212964,POLK COUNTY,Masonry
456127,POLK COUNTY,Masonry
333990,POLK COUNTY,Masonry
127172,POLK COUNTY,Masonry
125753,POLK COUNTY,Masonry
592413,POLK COUNTY,Masonry
233668,POLK COUNTY,Masonry
342342,POLK COUNTY,Masonry
758845,POLK COUNTY,Masonry
605819,POLK COUNTY,Masonry
679458,POLK COUNTY,Masonry
269345,POLK COUNTY,Masonry
659292,POLK COUNTY,Masonry
718876,POLK COUNTY,Masonry
606144,POLK COUNTY,Masonry
889828,POLK COUNTY,Masonry
366135,POLK COUNTY,Masonry
538962,POLK COUNTY,Masonry
970336,POLK COUNTY,Masonry
225980,POLK COUNTY,Masonry
100548,POLK COUNTY,Masonry
922554,POLK COUNTY,Wood
187545,POLK COUNTY,Wood
395525,POLK COUNTY,Wood
682237,POLK COUNTY,Wood
413982,POLK COUNTY,Wood
235741,POLK COUNTY,Masonry
726421,POLK COUNTY,Wood
516693,POLK COUNTY,Reinforced Masonry
399328,POLK COUNTY,Wood
786432,POLK COUNTY,Masonry
101005,POLK COUNTY,Masonry
954060,POLK COUNTY,Wood
520668,POLK COUNTY,Wood
963312,POLK COUNTY,Wood
625768,POLK COUNTY,Wood
228362,POLK COUNTY,Wood
243297,POLK COUNTY,Wood
445118,POLK COUNTY,Wood
343294,POLK COUNTY,Wood
264645,POLK COUNTY,Wood
588944,POLK COUNTY,Wood
996240,POLK COUNTY,Wood
967127,POLK COUNTY,Reinforced Masonry
558931,POLK COUNTY,Masonry
593846,POLK COUNTY,Masonry
804992,POLK COUNTY,Reinforced Masonry
707098,POLK COUNTY,Wood
890295,POLK COUNTY,Masonry
265402,POLK COUNTY,Wood
419861,POLK COUNTY,Wood
466192,POLK COUNTY,Reinforced Masonry
357831,POLK COUNTY,Reinforced Concrete
668508,POLK COUNTY,Reinforced Masonry
891717,POLK COUNTY,Reinforced Masonry
299347,POLK COUNTY,Reinforced Masonry
184424,POLK COUNTY,Reinforced Masonry
451824,POLK COUNTY,Masonry
908663,POLK COUNTY,Wood
365566,POLK COUNTY,Reinforced Masonry
447505,POLK COUNTY,Masonry
240497,POLK COUNTY,Masonry
249093,POLK COUNTY,Masonry
483041,POLK COUNTY,Wood
315591,POLK COUNTY,Masonry
981939,POLK COUNTY,Masonry
660859,POLK COUNTY,Wood
603425,POLK COUNTY,Reinforced Masonry
970418,POLK COUNTY,Reinforced Masonry
635177,POLK COUNTY,Wood
885516,POLK COUNTY,Reinforced Masonry
780004,POLK COUNTY,Reinforced Concrete
665669,POLK COUNTY,Wood
725577,POLK COUNTY,Reinforced Masonry
144047,POLK COUNTY,Masonry
270647,POLK COUNTY,Reinforced Concrete
630700,POLK COUNTY,Wood
940531,POLK COUNTY,Wood
423772,POLK COUNTY,Wood
591040,POLK COUNTY,Wood
753712,POLK COUNTY,Wood
199713,POLK COUNTY,Wood
587261,POLK COUNTY,Wood
193043,POLK COUNTY,Wood
469820,POLK COUNTY,Wood
791064,POLK COUNTY,Masonry
835862,POLK COUNTY,Masonry
199465,POLK COUNTY,Reinforced Concrete
638513,POLK COUNTY,Masonry
376925,POLK COUNTY,Masonry
764882,POLK COUNTY,Masonry
345018,POLK COUNTY,Masonry
753239,POLK COUNTY,Wood
401814,POLK COUNTY,Reinforced Masonry
241450,POLK COUNTY,Masonry
147031,POLK COUNTY,Wood
243535,POLK COUNTY,Reinforced Concrete
660833,POLK COUNTY,Masonry
324677,POLK COUNTY,Reinforced Concrete
935215,POLK COUNTY,Masonry
151160,POLK COUNTY,Masonry
588762,POLK COUNTY,Wood
233500,POLK COUNTY,Masonry
401507,POLK COUNTY,Masonry
276646,POLK COUNTY,Reinforced Masonry
181049,POLK COUNTY,Reinforced Masonry
988505,POLK COUNTY,Masonry
777543,POLK COUNTY,Reinforced Masonry
974855,POLK COUNTY,Reinforced Masonry
160643,POLK COUNTY,Reinforced Masonry
725852,POLK COUNTY,Masonry
798729,POLK COUNTY,Wood
415672,POLK COUNTY,Wood
546506,POLK COUNTY,Wood
165066,POLK COUNTY,Wood
388280,POLK COUNTY,Wood
457586,POLK COUNTY,Wood
125165,POLK COUNTY,Wood
404409,POLK COUNTY,Wood
283194,POLK COUNTY,Reinforced Masonry
596170,POLK COUNTY,Steel Frame
649109,POLK COUNTY,Wood
143530,POLK COUNTY,Wood
508210,North Fort Myers,Wood
478478,POLK COUNTY,Masonry
975135,Orlando,Wood
762985,POLK COUNTY,Reinforced Masonry
358525,POLK COUNTY,Masonry
165581,POLK COUNTY,Masonry
936552,POLK COUNTY,Wood
346914,POLK COUNTY,Wood
323005,POLK COUNTY,Wood
739639,POLK COUNTY,Wood
994942,POLK COUNTY,Reinforced Concrete
644209,POLK COUNTY,Masonry
787963,POLK COUNTY,Wood
361335,POLK COUNTY,Wood
875357,POLK COUNTY,Wood
609588,POLK COUNTY,Wood
466765,POLK COUNTY,Masonry
622790,POLK COUNTY,Masonry
934035,POLK COUNTY,Wood
245194,POLK COUNTY,Masonry
901872,POLK COUNTY,Masonry
702170,POLK COUNTY,Masonry
503631,POLK COUNTY,Wood
826705,POLK COUNTY,Masonry
398130,POLK COUNTY,Wood
455367,POLK COUNTY,Wood
836866,POLK COUNTY,Wood
159055,POLK COUNTY,Reinforced Masonry
836957,POLK COUNTY,Reinforced Masonry
137476,POLK COUNTY,Reinforced Masonry
869615,POLK COUNTY,Masonry
834226,POLK COUNTY,Reinforced Masonry
322410,POLK COUNTY,Masonry
132328,POLK COUNTY,Wood
535783,POLK COUNTY,Wood
808559,POLK COUNTY,Reinforced Masonry
838975,POLK COUNTY,Wood
701452,POLK COUNTY,Wood
290909,POLK COUNTY,Masonry
755195,POLK COUNTY,Masonry
319025,POLK COUNTY,Masonry
315015,POLK COUNTY,Masonry
762967,POLK COUNTY,Masonry
281286,POLK COUNTY,Wood
781270,POLK COUNTY,Reinforced Masonry
400657,POLK COUNTY,Wood
142639,POLK COUNTY,Masonry
285837,POLK COUNTY,Masonry
252162,POLK COUNTY,Masonry
815838,POLK COUNTY,Masonry
407341,POLK COUNTY,Masonry
604340,POLK COUNTY,Wood
452492,POLK COUNTY,Wood
316379,POLK COUNTY,Wood
616828,POLK COUNTY,Wood
817491,POLK COUNTY,Wood
199830,POLK COUNTY,Wood
751243,POLK COUNTY,Wood
608455,POLK COUNTY,Wood
878655,POLK COUNTY,Wood
295968,POLK COUNTY,Wood
738567,POLK COUNTY,Wood
753867,POLK COUNTY,Wood
600865,POLK COUNTY,Wood
655404,POLK COUNTY,Wood
765230,POLK COUNTY,Wood
602767,POLK COUNTY,Wood
693245,POLK COUNTY,Wood
907124,POLK COUNTY,Wood
544989,POLK COUNTY,Wood
425717,POLK COUNTY,Masonry
988876,POLK COUNTY,Wood
692976,POLK COUNTY,Wood
392237,POLK COUNTY,Wood
398097,POLK COUNTY,Wood
223262,POLK COUNTY,Wood
360916,POLK COUNTY,Wood
419541,POLK COUNTY,Wood
457752,POLK COUNTY,Wood
611713,POLK COUNTY,Wood
406064,POLK COUNTY,Wood
499902,POLK COUNTY,Wood
461687,POLK COUNTY,Wood
705935,POLK COUNTY,Wood
131660,POLK COUNTY,Wood
232692,POLK COUNTY,Wood
573388,POLK COUNTY,Wood
995391,POLK COUNTY,Wood
603354,POLK COUNTY,Wood
193331,POLK COUNTY,Wood
445960,POLK COUNTY,Wood
906304,POLK COUNTY,Wood
856682,POLK COUNTY,Masonry
956894,POLK COUNTY,Wood
902190,POLK COUNTY,Masonry
244620,POLK COUNTY,Masonry
582118,POLK COUNTY,Wood
475118,POLK COUNTY,Masonry
903885,POLK COUNTY,Masonry
929187,POLK COUNTY,Reinforced Masonry
611551,POLK COUNTY,Wood
616397,POLK COUNTY,Masonry
127547,POLK COUNTY,Masonry
495526,POLK COUNTY,Wood
783253,POLK COUNTY,Wood
830987,POLK COUNTY,Masonry
627061,POLK COUNTY,Wood
667174,POLK COUNTY,Wood
771785,POLK COUNTY,Wood
927957,POLK COUNTY,Masonry
949867,POLK COUNTY,Wood
610122,POLK COUNTY,Wood
599577,POLK COUNTY,Wood
172733,POLK COUNTY,Wood
746043,POLK COUNTY,Wood
527877,POLK COUNTY,Wood
801834,POLK COUNTY,Masonry
325143,POLK COUNTY,Masonry
896309,POLK COUNTY,Wood
433471,POLK COUNTY,Masonry
565547,POLK COUNTY,Wood
341108,POLK COUNTY,Wood
308499,POLK COUNTY,Wood
591364,POLK COUNTY,Wood
593316,POLK COUNTY,Wood
699032,POLK COUNTY,Wood
149901,POLK COUNTY,Wood
702207,POLK COUNTY,Wood
182100,POLK COUNTY,Wood
956581,POLK COUNTY,Masonry
893951,POLK COUNTY,Reinforced Masonry
927467,POLK COUNTY,Wood
262643,POLK COUNTY,Masonry
590461,POLK COUNTY,Wood
414531,POLK COUNTY,Masonry
918358,HIGHLANDS COUNTY,Masonry
461292,HIGHLANDS COUNTY,Masonry
317450,HIGHLANDS COUNTY,Wood
473468,HIGHLANDS COUNTY,Wood
871708,HIGHLANDS COUNTY,Wood
258642,HIGHLANDS COUNTY,Wood
292110,HIGHLANDS COUNTY,Masonry
394260,HIGHLANDS COUNTY,Wood
899762,HIGHLANDS COUNTY,Wood
260940,HIGHLANDS COUNTY,Wood
992804,HIGHLANDS COUNTY,Reinforced Masonry
827581,HIGHLANDS COUNTY,Wood
699390,HIGHLANDS COUNTY,Masonry
551921,HIGHLANDS COUNTY,Wood
919631,HIGHLANDS COUNTY,Wood
590118,HIGHLANDS COUNTY,Wood
658405,HIGHLANDS COUNTY,Wood
954442,HIGHLANDS COUNTY,Reinforced Masonry
224056,HIGHLANDS COUNTY,Reinforced Masonry
147991,HIGHLANDS COUNTY,Wood
398312,HIGHLANDS COUNTY,Wood
637744,HIGHLANDS COUNTY,Wood
113752,HIGHLANDS COUNTY,Wood
972770,HIGHLANDS COUNTY,Wood
410613,HIGHLANDS COUNTY,Wood
618673,HIGHLANDS COUNTY,Wood
866326,HIGHLANDS COUNTY,Masonry
358621,HIGHLANDS COUNTY,Masonry
136646,HIGHLANDS COUNTY,Masonry
315861,HIGHLANDS COUNTY,Masonry
770545,HIGHLANDS COUNTY,Wood
198665,HIGHLANDS COUNTY,Wood
239134,HIGHLANDS COUNTY,Masonry
123412,HIGHLANDS COUNTY,Reinforced Masonry
794130,HIGHLANDS COUNTY,Masonry
396836,HIGHLANDS COUNTY,Reinforced Masonry
864219,HIGHLANDS COUNTY,Wood
611593,HIGHLANDS COUNTY,Wood
652719,HIGHLANDS COUNTY,Wood
320891,HIGHLANDS COUNTY,Wood
209545,HIGHLANDS COUNTY,Wood
210138,HIGHLANDS COUNTY,Wood
111597,HIGHLANDS COUNTY,Wood
843195,HIGHLANDS COUNTY,Wood
555639,HIGHLANDS COUNTY,Wood
979330,HIGHLANDS COUNTY,Wood
561772,HIGHLANDS COUNTY,Wood
373110,HIGHLANDS COUNTY,Wood
402001,HIGHLANDS COUNTY,Wood
177052,HIGHLANDS COUNTY,Wood
474528,HIGHLANDS COUNTY,Wood
916012,HIGHLANDS COUNTY,Wood
207898,HIGHLANDS COUNTY,Wood
233257,HIGHLANDS COUNTY,Wood
514165,HIGHLANDS COUNTY,Wood
647970,HIGHLANDS COUNTY,Wood
226985,HIGHLANDS COUNTY,Wood
619130,HIGHLANDS COUNTY,Wood
172712,HIGHLANDS COUNTY,Wood
454600,HIGHLANDS COUNTY,Wood
240533,HIGHLANDS COUNTY,Wood
538154,HIGHLANDS COUNTY,Wood
430780,HIGHLANDS COUNTY,Wood
646291,HIGHLANDS COUNTY,Masonry
947934,HIGHLANDS COUNTY,Wood
266230,HIGHLANDS COUNTY,Wood
931206,HIGHLANDS COUNTY,Wood
406913,HIGHLANDS COUNTY,Wood
289563,HIGHLANDS COUNTY,Wood
333205,HIGHLANDS COUNTY,Wood
613143,HIGHLANDS COUNTY,Masonry
860497,HIGHLANDS COUNTY,Wood
922140,HIGHLANDS COUNTY,Wood
421951,HIGHLANDS COUNTY,Reinforced Masonry
836518,HIGHLANDS COUNTY,Masonry
357591,HIGHLANDS COUNTY,Masonry
205306,HIGHLANDS COUNTY,Reinforced Masonry
931499,HIGHLANDS COUNTY,Masonry
216464,HIGHLANDS COUNTY,Masonry
338399,HIGHLANDS COUNTY,Masonry
790574,HIGHLANDS COUNTY,Wood
227228,HIGHLANDS COUNTY,Masonry
290470,HIGHLANDS COUNTY,Wood
669966,HIGHLANDS COUNTY,Reinforced Concrete
113237,HIGHLANDS COUNTY,Reinforced Masonry
439540,HIGHLANDS COUNTY,Reinforced Masonry
677176,HIGHLANDS COUNTY,Reinforced Masonry
505991,HIGHLANDS COUNTY,Wood
928444,HIGHLANDS COUNTY,Wood
447091,POLK COUNTY,Reinforced Masonry
842982,POLK COUNTY,Reinforced Masonry
957085,POLK COUNTY,Wood
599167,POLK COUNTY,Masonry
467444,POLK COUNTY,Wood
215328,POLK COUNTY,Wood
881592,POLK COUNTY,Masonry
935092,POLK COUNTY,Wood
676580,POLK COUNTY,Wood
721796,POLK COUNTY,Reinforced Concrete
237425,POLK COUNTY,Masonry
131944,POLK COUNTY,Masonry
545624,POLK COUNTY,Reinforced Masonry
175011,POLK COUNTY,Masonry
209940,POLK COUNTY,Masonry
602428,POLK COUNTY,Wood
643585,POLK COUNTY,Wood
964254,POLK COUNTY,Wood
160965,POLK COUNTY,Masonry
385703,POLK COUNTY,Wood
500999,POLK COUNTY,Masonry
280995,POLK COUNTY,Wood
118513,POLK COUNTY,Reinforced Masonry
565600,POLK COUNTY,Wood
454893,POLK COUNTY,Wood
731660,POLK COUNTY,Wood
199839,POLK COUNTY,Reinforced Concrete
301432,POLK COUNTY,Masonry
318951,POLK COUNTY,Wood
323007,POLK COUNTY,Reinforced Masonry
616921,POLK COUNTY,Reinforced Masonry
519304,POLK COUNTY,Reinforced Masonry
914169,POLK COUNTY,Masonry
542562,POLK COUNTY,Wood
912828,POLK COUNTY,Wood
453803,POLK COUNTY,Masonry
526130,POLK COUNTY,Masonry
363540,POLK COUNTY,Reinforced Masonry
635046,POLK COUNTY,Reinforced Masonry
998395,POLK COUNTY,Reinforced Masonry
377291,POLK COUNTY,Wood
246731,POLK COUNTY,Wood
372378,POLK COUNTY,Wood
915426,POLK COUNTY,Masonry
620440,POLK COUNTY,Masonry
392836,POLK COUNTY,Wood
668249,POLK COUNTY,Masonry
197451,POLK COUNTY,Reinforced Masonry
567904,POLK COUNTY,Wood
558314,POLK COUNTY,Reinforced Masonry
920613,POLK COUNTY,Wood
848253,POLK COUNTY,Wood
477243,POLK COUNTY,Masonry
531446,POLK COUNTY,Reinforced Masonry
508997,POLK COUNTY,Masonry
958684,POLK COUNTY,Wood
685278,POLK COUNTY,Wood
577234,POLK COUNTY,Reinforced Masonry
162583,POLK COUNTY,Masonry
950172,POLK COUNTY,Masonry
737856,POLK COUNTY,Masonry
326170,POLK COUNTY,Masonry
774896,POLK COUNTY,Masonry
905677,POLK COUNTY,Masonry
878690,POLK COUNTY,Masonry
264741,POLK COUNTY,Reinforced Masonry
868515,POLK COUNTY,Masonry
805259,POLK COUNTY,Masonry
903033,POLK COUNTY,Reinforced Masonry
814353,POLK COUNTY,Wood
804534,POLK COUNTY,Reinforced Masonry
156164,POLK COUNTY,Wood
963924,POLK COUNTY,Masonry
940270,POLK COUNTY,Masonry
599298,POLK COUNTY,Wood
244314,POLK COUNTY,Wood
843128,POLK COUNTY,Masonry
689217,POLK COUNTY,Wood
587722,POLK COUNTY,Masonry
170624,POLK COUNTY,Reinforced Masonry
911705,POLK COUNTY,Wood
551872,POLK COUNTY,Reinforced Masonry
534359,POLK COUNTY,Reinforced Masonry
466966,POLK COUNTY,Reinforced Masonry
635517,POLK COUNTY,Masonry
997452,POLK COUNTY,Wood
202655,POLK COUNTY,Masonry
817623,POLK COUNTY,Masonry
921154,POLK COUNTY,Reinforced Masonry
328559,POLK COUNTY,Masonry
333345,POLK COUNTY,Reinforced Masonry
384047,POLK COUNTY,Wood
182551,POLK COUNTY,Masonry
697193,POLK COUNTY,Reinforced Concrete
936527,POLK COUNTY,Reinforced Masonry
484408,POLK COUNTY,Reinforced Masonry
179806,POLK COUNTY,Reinforced Concrete
815403,POLK COUNTY,Wood
685361,POLK COUNTY,Reinforced Masonry
562032,POLK COUNTY,Reinforced Masonry
759650,POLK COUNTY,Masonry
660731,POLK COUNTY,Wood
796926,POLK COUNTY,Wood
279980,POLK COUNTY,Wood
261874,POLK COUNTY,Wood
560996,POLK COUNTY,Wood
925032,POLK COUNTY,Wood
115125,POLK COUNTY,Wood
927181,POLK COUNTY,Wood
261606,POLK COUNTY,Reinforced Masonry
626175,POLK COUNTY,Wood
490289,POLK COUNTY,Reinforced Concrete
554429,POLK COUNTY,Wood
977803,POLK COUNTY,Wood
438824,POLK COUNTY,Wood
943915,POLK COUNTY,Wood
241292,POLK COUNTY,Wood
661803,POLK COUNTY,Wood
877055,POLK COUNTY,Wood
621355,POLK COUNTY,Wood
936899,POLK COUNTY,Wood
793937,POLK COUNTY,Wood
299717,POLK COUNTY,Wood
190480,POLK COUNTY,Wood
802465,POLK COUNTY,Wood
255542,POLK COUNTY,Wood
453640,POLK COUNTY,Masonry
279519,POLK COUNTY,Wood
243078,POLK COUNTY,Wood
415998,POLK COUNTY,Wood
825680,POLK COUNTY,Wood
439552,POLK COUNTY,Wood
317781,POLK COUNTY,Wood
737022,POLK COUNTY,Wood
768058,POLK COUNTY,Wood
682455,POLK COUNTY,Wood
375648,POLK COUNTY,Masonry
172060,POLK COUNTY,Wood
276870,POLK COUNTY,Wood
182322,POLK COUNTY,Reinforced Masonry
464085,POLK COUNTY,Wood
509749,POLK COUNTY,Wood
336370,POLK COUNTY,Wood
780216,POLK COUNTY,Wood
205994,POLK COUNTY,Wood
301846,POLK COUNTY,Masonry
233097,POLK COUNTY,Reinforced Masonry
292705,POLK COUNTY,Reinforced Masonry
318012,POLK COUNTY,Wood
168515,POLK COUNTY,Wood
459948,POLK COUNTY,Wood
682242,POLK COUNTY,Wood
823279,POLK COUNTY,Masonry
828297,POLK COUNTY,Wood
256623,POLK COUNTY,Wood
912128,POLK COUNTY,Wood
913695,POLK COUNTY,Wood
742773,POLK COUNTY,Wood
975410,POLK COUNTY,Wood
740471,POLK COUNTY,Wood
764349,POLK COUNTY,Wood
215785,POLK COUNTY,Masonry
156389,POLK COUNTY,Wood
260217,POLK COUNTY,Wood
940924,POLK COUNTY,Wood
607372,POLK COUNTY,Wood
489184,POLK COUNTY,Wood
419398,POLK COUNTY,Wood
121629,POLK COUNTY,Wood
427887,POLK COUNTY,Wood
504074,POLK COUNTY,Wood
346545,POLK COUNTY,Wood
143501,POLK COUNTY,Wood
183803,POLK COUNTY,Wood
528459,POLK COUNTY,Wood
185780,POLK COUNTY,Wood
220760,POLK COUNTY,Wood
663822,POLK COUNTY,Wood
847122,POLK COUNTY,Masonry
995033,HARDEE COUNTY,Wood
580071,HARDEE COUNTY,Masonry
363807,HARDEE COUNTY,Wood
600267,HARDEE COUNTY,Wood
418159,MANATEE COUNTY,Wood
392903,HARDEE COUNTY,Masonry
757882,HARDEE COUNTY,Wood
387369,HARDEE COUNTY,Wood
696277,HARDEE COUNTY,Wood
406199,HARDEE COUNTY,Wood
216035,HARDEE COUNTY,Wood
324034,HARDEE COUNTY,Wood
508789,HARDEE COUNTY,Wood
606421,HARDEE COUNTY,Wood
478546,HARDEE COUNTY,Wood
520476,HARDEE COUNTY,Wood
890346,HARDEE COUNTY,Wood
620072,HARDEE COUNTY,Wood
397245,MANATEE COUNTY,Wood
793352,HARDEE COUNTY,Masonry
314955,HARDEE COUNTY,Masonry
285103,HARDEE COUNTY,Masonry
240024,HARDEE COUNTY,Masonry
960172,HARDEE COUNTY,Wood
842045,HARDEE COUNTY,Wood
997678,HARDEE COUNTY,Wood
980446,POLK COUNTY,Masonry
352597,POLK COUNTY,Reinforced Masonry
474706,POLK COUNTY,Reinforced Masonry
985994,POLK COUNTY,Masonry
188711,POLK COUNTY,Wood
314902,POLK COUNTY,Wood
975826,POLK COUNTY,Wood
371992,POLK COUNTY,Wood
454593,POLK COUNTY,Reinforced Masonry
470156,POLK COUNTY,Wood
490996,POLK COUNTY,Masonry
723457,POLK COUNTY,Steel Frame
488432,POLK COUNTY,Wood
796139,POLK COUNTY,Reinforced Masonry
421737,POLK COUNTY,Wood
784054,POLK COUNTY,Wood
235859,POLK COUNTY,Wood
921248,POLK COUNTY,Masonry
312170,POLK COUNTY,Masonry
537626,POLK COUNTY,Wood
546151,POLK COUNTY,Reinforced Masonry
464079,POLK COUNTY,Reinforced Masonry
151815,POLK COUNTY,Reinforced Masonry
501163,POLK COUNTY,Wood
566473,POLK COUNTY,Reinforced Masonry
166039,POLK COUNTY,Wood
579838,POLK COUNTY,Masonry
661541,POLK COUNTY,Reinforced Concrete
205717,POLK COUNTY,Masonry
938335,POLK COUNTY,Wood
298102,POLK COUNTY,Wood
912215,POLK COUNTY,Masonry
152830,POLK COUNTY,Wood
653273,POLK COUNTY,Masonry
263986,POLK COUNTY,Steel Frame
697663,POLK COUNTY,Masonry
570074,POLK COUNTY,Masonry
318369,POLK COUNTY,Masonry
314013,POLK COUNTY,Wood
543932,POLK COUNTY,Wood
281536,POLK COUNTY,Wood
677716,POLK COUNTY,Wood
169891,POLK COUNTY,Wood
215177,POLK COUNTY,Wood
967325,POLK COUNTY,Wood
792407,POLK COUNTY,Wood
522326,POLK COUNTY,Wood
511071,POLK COUNTY,Wood
589820,POLK COUNTY,Wood
128370,POLK COUNTY,Masonry
788682,POLK COUNTY,Masonry
412996,POLK COUNTY,Wood
742185,POLK COUNTY,Reinforced Masonry
952176,POLK COUNTY,Masonry
269520,POLK COUNTY,Reinforced Masonry
396491,POLK COUNTY,Wood
940554,POLK COUNTY,Reinforced Masonry
979019,POLK COUNTY,Masonry
582792,POLK COUNTY,Wood
861586,POLK COUNTY,Reinforced Masonry
790142,POLK COUNTY,Masonry
158858,POLK COUNTY,Wood
623166,POLK COUNTY,Wood
692341,POLK COUNTY,Wood
433923,POLK COUNTY,Wood
236956,POLK COUNTY,Reinforced Masonry
744479,POLK COUNTY,Masonry
490960,POLK COUNTY,Masonry
907836,POLK COUNTY,Reinforced Masonry
938829,POLK COUNTY,Reinforced Masonry
135060,POLK COUNTY,Reinforced Masonry
675430,POLK COUNTY,Reinforced Masonry
567559,POLK COUNTY,Masonry
676823,POLK COUNTY,Wood
916475,POLK COUNTY,Wood
510328,POLK COUNTY,Wood
154287,POLK COUNTY,Wood
292775,POLK COUNTY,Wood
860302,POLK COUNTY,Wood
596082,POLK COUNTY,Masonry
261641,POLK COUNTY,Masonry
521107,POLK COUNTY,Masonry
760282,POLK COUNTY,Masonry
154009,POLK COUNTY,Reinforced Masonry
610617,POLK COUNTY,Reinforced Masonry
390277,POLK COUNTY,Reinforced Masonry
423046,POLK COUNTY,Wood
287628,POLK COUNTY,Wood
226097,POLK COUNTY,Wood
749527,POLK COUNTY,Wood
909473,POLK COUNTY,Wood
336940,POLK COUNTY,Masonry
876522,POLK COUNTY,Masonry
305705,POLK COUNTY,Wood
757428,POLK COUNTY,Reinforced Masonry
320441,POLK COUNTY,Wood
589668,POLK COUNTY,Wood
636878,POLK COUNTY,Reinforced Masonry
676101,POLK COUNTY,Masonry
536334,POLK COUNTY,Reinforced Masonry
503323,POLK COUNTY,Wood
899580,POLK COUNTY,Masonry
710534,POLK COUNTY,Wood
259770,POLK COUNTY,Wood
923077,POLK COUNTY,Wood
416654,POLK COUNTY,Reinforced Masonry
148972,POLK COUNTY,Wood
274420,POLK COUNTY,Wood
358503,POLK COUNTY,Wood
334795,POLK COUNTY,Wood
465343,POLK COUNTY,Masonry
195263,POLK COUNTY,Wood
747728,POLK COUNTY,Reinforced Masonry
359396,POLK COUNTY,Wood
112907,POLK COUNTY,Wood
119610,POLK COUNTY,Wood
418618,POLK COUNTY,Masonry
568288,POLK COUNTY,Wood
313912,POLK COUNTY,Masonry
957896,POLK COUNTY,Reinforced Masonry
695632,POLK COUNTY,Wood
803838,POLK COUNTY,Reinforced Masonry
799175,POLK COUNTY,Wood
520449,POLK COUNTY,Wood
178057,POLK COUNTY,Wood
205082,POLK COUNTY,Wood
308337,POLK COUNTY,Reinforced Masonry
174231,POLK COUNTY,Wood
338350,POLK COUNTY,Masonry
499639,POLK COUNTY,Wood
540814,POLK COUNTY,Wood
680249,POLK COUNTY,Wood
262598,POLK COUNTY,Wood
892267,POLK COUNTY,Wood
926447,POLK COUNTY,Wood
150511,POLK COUNTY,Wood
802073,POLK COUNTY,Wood
387221,POLK COUNTY,Wood
235540,POLK COUNTY,Wood
498224,POLK COUNTY,Wood
417163,POLK COUNTY,Wood
116592,POLK COUNTY,Wood
122925,POLK COUNTY,Wood
674930,POLK COUNTY,Wood
588564,POLK COUNTY,Wood
839317,POLK COUNTY,Wood
205423,POLK COUNTY,Wood
227891,POLK COUNTY,Wood
393125,POLK COUNTY,Wood
355372,POLK COUNTY,Wood
551645,POLK COUNTY,Wood
243642,POLK COUNTY,Wood
242999,POLK COUNTY,Wood
847500,POLK COUNTY,Wood
585579,POLK COUNTY,Wood
908712,POLK COUNTY,Masonry
267242,POLK COUNTY,Masonry
965030,POLK COUNTY,Wood
123970,POLK COUNTY,Masonry
838208,POLK COUNTY,Masonry
274471,POLK COUNTY,Wood
956664,POLK COUNTY,Masonry
958554,POLK COUNTY,Wood
806379,POLK COUNTY,Masonry
747517,POLK COUNTY,Masonry
704598,POLK COUNTY,Wood
983405,POLK COUNTY,Wood
583997,POLK COUNTY,Reinforced Masonry
846354,POLK COUNTY,Reinforced Masonry
624109,POLK COUNTY,Masonry
774817,POLK COUNTY,Wood
232367,POLK COUNTY,Masonry
160805,POLK COUNTY,Wood
422163,POLK COUNTY,Wood
232359,POLK COUNTY,Masonry
556677,POLK COUNTY,Reinforced Masonry
830425,POLK COUNTY,Masonry
704640,POLK COUNTY,Wood
101090,POLK COUNTY,Reinforced Concrete
443321,POLK COUNTY,Reinforced Masonry
637187,POLK COUNTY,Wood
238539,POLK COUNTY,Wood
827715,POLK COUNTY,Reinforced Masonry
678502,POLK COUNTY,Masonry
320417,POLK COUNTY,Masonry
264006,POLK COUNTY,Reinforced Masonry
378292,POLK COUNTY,Masonry
143477,POLK COUNTY,Masonry
728283,POLK COUNTY,Masonry
445149,POLK COUNTY,Masonry
892672,POLK COUNTY,Masonry
392130,POLK COUNTY,Wood
516658,POLK COUNTY,Wood
522311,POLK COUNTY,Wood
153436,POLK COUNTY,Wood
152479,POLK COUNTY,Masonry
928605,POLK COUNTY,Masonry
334307,POLK COUNTY,Masonry
874311,POLK COUNTY,Wood
221924,POLK COUNTY,Wood
519967,POLK COUNTY,Wood
670016,POLK COUNTY,Wood
390141,POLK COUNTY,Wood
154880,POLK COUNTY,Wood
768466,POLK COUNTY,Masonry
474179,POLK COUNTY,Reinforced Concrete
387954,POLK COUNTY,Reinforced Masonry
208624,POLK COUNTY,Reinforced Masonry
439544,POLK COUNTY,Masonry
170257,POLK COUNTY,Masonry
922319,POLK COUNTY,Masonry
919755,POLK COUNTY,Wood
263347,POLK COUNTY,Masonry
675120,POLK COUNTY,Wood
930574,POLK COUNTY,Wood
292540,POLK COUNTY,Wood
569092,POLK COUNTY,Wood
179993,POLK COUNTY,Masonry
572471,POLK COUNTY,Wood
209374,POLK COUNTY,Masonry
955385,POLK COUNTY,Wood
128797,POLK COUNTY,Wood
190070,POLK COUNTY,Wood
326389,POLK COUNTY,Wood
622016,POLK COUNTY,Masonry
449767,POLK COUNTY,Masonry
212172,POLK COUNTY,Wood
487089,POLK COUNTY,Masonry
168259,POLK COUNTY,Masonry
685286,POLK COUNTY,Wood
244631,POLK COUNTY,Masonry
575777,POLK COUNTY,Wood
116551,POLK COUNTY,Reinforced Masonry
737929,POLK COUNTY,Wood
458335,POLK COUNTY,Wood
709874,POLK COUNTY,Wood
639243,POLK COUNTY,Masonry
346556,POLK COUNTY,Wood
883742,POLK COUNTY,Wood
819791,POLK COUNTY,Wood
980031,POLK COUNTY,Wood
404845,POLK COUNTY,Wood
459379,POLK COUNTY,Wood
541497,POLK COUNTY,Wood
375423,POLK COUNTY,Masonry
889739,POLK COUNTY,Reinforced Masonry
214309,POLK COUNTY,Wood
409168,POLK COUNTY,Reinforced Masonry
316286,POLK COUNTY,Reinforced Masonry
539906,POLK COUNTY,Wood
693642,POLK COUNTY,Wood
324312,POLK COUNTY,Wood
170686,POLK COUNTY,Wood
575294,POLK COUNTY,Wood
640810,POLK COUNTY,Wood
969444,POLK COUNTY,Masonry
253189,POLK COUNTY,Masonry
447170,POLK COUNTY,Wood
300447,POLK COUNTY,Wood
829947,POLK COUNTY,Reinforced Masonry
315612,POLK COUNTY,Wood
352643,POLK COUNTY,Masonry
864957,POLK COUNTY,Masonry
220600,POLK COUNTY,Wood
759329,POLK COUNTY,Masonry
594807,POLK COUNTY,Masonry
729396,POLK COUNTY,Masonry
192815,POLK COUNTY,Masonry
207086,POLK COUNTY,Reinforced Masonry
781446,POLK COUNTY,Masonry
419427,POLK COUNTY,Masonry
496681,POLK COUNTY,Reinforced Masonry
784577,POLK COUNTY,Masonry
523906,POLK COUNTY,Reinforced Masonry
469293,POLK COUNTY,Wood
991995,POLK COUNTY,Masonry
691072,POLK COUNTY,Masonry
441049,POLK COUNTY,Masonry
420049,POLK COUNTY,Masonry
361208,POLK COUNTY,Wood
132805,POLK COUNTY,Masonry
978693,POLK COUNTY,Reinforced Masonry
587741,POLK COUNTY,Wood
440745,POLK COUNTY,Wood
758367,POLK COUNTY,Wood
581939,POLK COUNTY,Wood
852712,POLK COUNTY,Wood
626561,POLK COUNTY,Wood
775213,POLK COUNTY,Wood
665768,POLK COUNTY,Wood
368795,POLK COUNTY,Wood
844802,POLK COUNTY,Wood
994405,POLK COUNTY,Wood
202800,POLK COUNTY,Wood
203526,POLK COUNTY,Masonry
589430,POLK COUNTY,Masonry
787959,POLK COUNTY,Wood
184530,POLK COUNTY,Wood
681013,POLK COUNTY,Wood
123348,POLK COUNTY,Wood
952479,POLK COUNTY,Wood
597727,POLK COUNTY,Reinforced Masonry
158934,POLK COUNTY,Wood
787412,POLK COUNTY,Wood
732585,POLK COUNTY,Reinforced Masonry
863561,POLK COUNTY,Wood
344380,POLK COUNTY,Wood
232469,POLK COUNTY,Wood
105540,HIGHLANDS COUNTY,Reinforced Masonry
854644,HIGHLANDS COUNTY,Wood
492930,HIGHLANDS COUNTY,Wood
585039,HIGHLANDS COUNTY,Wood
825661,HIGHLANDS COUNTY,Masonry
105116,HIGHLANDS COUNTY,Masonry
764232,HIGHLANDS COUNTY,Wood
633550,HIGHLANDS COUNTY,Reinforced Masonry
672043,HIGHLANDS COUNTY,Masonry
705756,HIGHLANDS COUNTY,Wood
727991,HIGHLANDS COUNTY,Masonry
787110,HIGHLANDS COUNTY,Wood
233881,HIGHLANDS COUNTY,Steel Frame
277587,HIGHLANDS COUNTY,Masonry
630152,HIGHLANDS COUNTY,Masonry
315211,HIGHLANDS COUNTY,Wood
340545,HIGHLANDS COUNTY,Masonry
877965,HIGHLANDS COUNTY,Wood
375190,HIGHLANDS COUNTY,Wood
875426,HIGHLANDS COUNTY,Wood
386718,HIGHLANDS COUNTY,Wood
303820,HIGHLANDS COUNTY,Wood
559661,HIGHLANDS COUNTY,Wood
941385,HIGHLANDS COUNTY,Wood
747504,HIGHLANDS COUNTY,Wood
732905,HIGHLANDS COUNTY,Wood
994104,HIGHLANDS COUNTY,Wood
547470,HIGHLANDS COUNTY,Wood
304838,HIGHLANDS COUNTY,Wood
574080,HIGHLANDS COUNTY,Wood
894911,HIGHLANDS COUNTY,Wood
684578,HIGHLANDS COUNTY,Reinforced Masonry
429866,HIGHLANDS COUNTY,Wood
437751,HIGHLANDS COUNTY,Masonry
298934,HIGHLANDS COUNTY,Wood
810367,HIGHLANDS COUNTY,Wood
985201,HIGHLANDS COUNTY,Wood
565464,HIGHLANDS COUNTY,Wood
144682,HIGHLANDS COUNTY,Wood
555603,HIGHLANDS COUNTY,Wood
205176,HIGHLANDS COUNTY,Wood
272694,HIGHLANDS COUNTY,Wood
932766,HIGHLANDS COUNTY,Wood
844997,HIGHLANDS COUNTY,Wood
912210,HIGHLANDS COUNTY,Wood
201226,HIGHLANDS COUNTY,Wood
451615,HIGHLANDS COUNTY,Wood
355719,HIGHLANDS COUNTY,Wood
617008,HIGHLANDS COUNTY,Wood
433975,HIGHLANDS COUNTY,Wood
183320,HIGHLANDS COUNTY,Wood
800465,HIGHLANDS COUNTY,Wood
444585,HIGHLANDS COUNTY,Wood
726797,HIGHLANDS COUNTY,Wood
916728,HIGHLANDS COUNTY,Masonry
359783,HIGHLANDS COUNTY,Wood
426887,HIGHLANDS COUNTY,Wood
228161,HIGHLANDS COUNTY,Wood
457093,HIGHLANDS COUNTY,Wood
465292,HIGHLANDS COUNTY,Wood
232471,HIGHLANDS COUNTY,Wood
138447,HIGHLANDS COUNTY,Wood
420090,HIGHLANDS COUNTY,Wood
344677,HIGHLANDS COUNTY,Wood
235055,HIGHLANDS COUNTY,Wood
213883,HIGHLANDS COUNTY,Wood
413178,HIGHLANDS COUNTY,Reinforced Masonry
865911,HIGHLANDS COUNTY,Reinforced Masonry
778378,HIGHLANDS COUNTY,Wood
365784,HIGHLANDS COUNTY,Reinforced Masonry
880875,HIGHLANDS COUNTY,Masonry
342370,HIGHLANDS COUNTY,Wood
124018,HIGHLANDS COUNTY,Wood
186811,HIGHLANDS COUNTY,Reinforced Concrete
274078,HIGHLANDS COUNTY,Wood
345660,HIGHLANDS COUNTY,Wood
321946,HIGHLANDS COUNTY,Wood
893189,HIGHLANDS COUNTY,Masonry
523884,HIGHLANDS COUNTY,Wood
261985,POLK COUNTY,Wood
454621,POLK COUNTY,Wood
975923,POLK COUNTY,Wood
235509,POLK COUNTY,Wood
401347,POLK COUNTY,Wood
342687,POLK COUNTY,Reinforced Masonry
998223,POLK COUNTY,Masonry
778643,POLK COUNTY,Masonry
700450,POLK COUNTY,Wood
807648,POLK COUNTY,Masonry
413363,POLK COUNTY,Masonry
213178,POLK COUNTY,Wood
608109,POLK COUNTY,Wood
312515,POLK COUNTY,Reinforced Masonry
438111,POLK COUNTY,Reinforced Masonry
128554,POLK COUNTY,Masonry
438654,POLK COUNTY,Wood
396913,POLK COUNTY,Reinforced Concrete
296244,POLK COUNTY,Wood
348779,POLK COUNTY,Reinforced Masonry
359738,POLK COUNTY,Reinforced Masonry
235251,POLK COUNTY,Wood
330011,POLK COUNTY,Wood
164060,POLK COUNTY,Masonry
331614,POLK COUNTY,Masonry
936700,POLK COUNTY,Reinforced Masonry
988331,POLK COUNTY,Wood
440569,POLK COUNTY,Reinforced Masonry
702918,POLK COUNTY,Masonry
178823,POLK COUNTY,Wood
499132,POLK COUNTY,Reinforced Masonry
477956,POLK COUNTY,Masonry
422611,POLK COUNTY,Wood
993684,POLK COUNTY,Masonry
829417,POLK COUNTY,Masonry
699386,POLK COUNTY,Wood
784081,POLK COUNTY,Masonry
314382,POLK COUNTY,Wood
341271,POLK COUNTY,Wood
733944,POLK COUNTY,Wood
358466,POLK COUNTY,Masonry
959219,POLK COUNTY,Masonry
941027,POLK COUNTY,Masonry
330429,POLK COUNTY,Masonry
748561,POLK COUNTY,Wood
829877,POLK COUNTY,Masonry
463329,POLK COUNTY,Reinforced Concrete
189191,POLK COUNTY,Masonry
651726,POLK COUNTY,Masonry
521335,POLK COUNTY,Wood
658317,POLK COUNTY,Masonry
659741,POLK COUNTY,Wood
997708,POLK COUNTY,Wood
687818,POLK COUNTY,Masonry
321453,POLK COUNTY,Wood
322703,POLK COUNTY,Wood
458814,POLK COUNTY,Wood
766893,POLK COUNTY,Wood
497314,POLK COUNTY,Masonry
800921,POLK COUNTY,Masonry
232834,POLK COUNTY,Wood
422847,POLK COUNTY,Masonry
360315,POLK COUNTY,Masonry
546559,HIGHLANDS COUNTY,Masonry
125220,HIGHLANDS COUNTY,Reinforced Concrete
918558,HIGHLANDS COUNTY,Wood
808331,HIGHLANDS COUNTY,Wood
243711,HIGHLANDS COUNTY,Wood
519387,HIGHLANDS COUNTY,Wood
437486,HIGHLANDS COUNTY,Wood
704232,POLK COUNTY,Masonry
576431,POLK COUNTY,Wood
629584,POLK COUNTY,Reinforced Masonry
950123,POLK COUNTY,Reinforced Masonry
550592,POLK COUNTY,Wood
425554,POLK COUNTY,Reinforced Masonry
461366,POLK COUNTY,Masonry
432006,POLK COUNTY,Reinforced Masonry
809624,POLK COUNTY,Wood
776883,POLK COUNTY,Reinforced Concrete
685539,POLK COUNTY,Wood
912915,POLK COUNTY,Wood
206987,POLK COUNTY,Masonry
611892,POLK COUNTY,Reinforced Masonry
734489,POLK COUNTY,Wood
706430,POLK COUNTY,Wood
281961,POLK COUNTY,Masonry
258567,POLK COUNTY,Masonry
670462,POLK COUNTY,Wood
466746,POLK COUNTY,Reinforced Masonry
696096,POLK COUNTY,Wood
854558,POLK COUNTY,Masonry
890276,POLK COUNTY,Reinforced Masonry
199988,POLK COUNTY,Masonry
303207,POLK COUNTY,Masonry
955505,POLK COUNTY,Masonry
787394,POLK COUNTY,Wood
900329,POLK COUNTY,Reinforced Masonry
353889,POLK COUNTY,Reinforced Masonry
630460,POLK COUNTY,Masonry
650390,POLK COUNTY,Reinforced Masonry
911479,POLK COUNTY,Reinforced Masonry
457512,POLK COUNTY,Reinforced Masonry
122885,POLK COUNTY,Reinforced Masonry
249440,POLK COUNTY,Wood
701366,POLK COUNTY,Wood
319082,POLK COUNTY,Masonry
998006,POLK COUNTY,Reinforced Masonry
161318,POLK COUNTY,Masonry
536177,POLK COUNTY,Masonry
570838,POLK COUNTY,Masonry
452874,POLK COUNTY,Masonry
636676,POLK COUNTY,Masonry
256055,POLK COUNTY,Masonry
192563,POLK COUNTY,Reinforced Masonry
988253,POLK COUNTY,Masonry
958330,POLK COUNTY,Reinforced Masonry
405701,POLK COUNTY,Wood
134140,POLK COUNTY,Wood
866373,POLK COUNTY,Wood
352950,POLK COUNTY,Masonry
456276,POLK COUNTY,Masonry
876830,POLK COUNTY,Wood
425943,POLK COUNTY,Wood
815208,POLK COUNTY,Wood
213504,POLK COUNTY,Wood
313403,POLK COUNTY,Wood
811307,POLK COUNTY,Wood
394338,POLK COUNTY,Wood
970158,POLK COUNTY,Wood
238900,POLK COUNTY,Wood
810199,POLK COUNTY,Wood
735506,POLK COUNTY,Wood
767381,POLK COUNTY,Wood
801319,POLK COUNTY,Wood
323320,POLK COUNTY,Wood
179322,POLK COUNTY,Wood
714929,POLK COUNTY,Wood
712569,POLK COUNTY,Wood
230304,POLK COUNTY,Wood
334223,POLK COUNTY,Wood
638818,POLK COUNTY,Wood
219190,POLK COUNTY,Wood
290279,POLK COUNTY,Masonry
628429,POLK COUNTY,Wood
443626,POLK COUNTY,Masonry
849169,POLK COUNTY,Wood
457647,POLK COUNTY,Reinforced Masonry
131303,POLK COUNTY,Wood
698564,POLK COUNTY,Wood
604428,POLK COUNTY,Masonry
699035,POLK COUNTY,Masonry
979439,POLK COUNTY,Wood
707586,POLK COUNTY,Wood
516647,POLK COUNTY,Wood
381482,POLK COUNTY,Wood
408968,POLK COUNTY,Wood
459343,POLK COUNTY,Wood
479109,HIGHLANDS COUNTY,Masonry
552185,HIGHLANDS COUNTY,Steel Frame
308264,HIGHLANDS COUNTY,Wood
929074,HIGHLANDS COUNTY,Wood
355960,HIGHLANDS COUNTY,Wood
790343,HIGHLANDS COUNTY,Wood
938903,HIGHLANDS COUNTY,Wood
155180,HIGHLANDS COUNTY,Wood
566609,HIGHLANDS COUNTY,Reinforced Masonry
914288,HIGHLANDS COUNTY,Masonry
286566,HIGHLANDS COUNTY,Masonry
771787,HIGHLANDS COUNTY,Wood
731338,HIGHLANDS COUNTY,Wood
630714,HIGHLANDS COUNTY,Wood
263191,HIGHLANDS COUNTY,Wood
709114,HIGHLANDS COUNTY,Wood
627879,HIGHLANDS COUNTY,Masonry
891842,HIGHLANDS COUNTY,Wood
607958,HIGHLANDS COUNTY,Wood
464013,HIGHLANDS COUNTY,Reinforced Masonry
691392,HIGHLANDS COUNTY,Reinforced Masonry
790932,HIGHLANDS COUNTY,Masonry
627652,HIGHLANDS COUNTY,Masonry
394028,HIGHLANDS COUNTY,Reinforced Masonry
187345,HIGHLANDS COUNTY,Masonry
276227,HIGHLANDS COUNTY,Reinforced Concrete
599630,HIGHLANDS COUNTY,Reinforced Masonry
117530,HIGHLANDS COUNTY,Reinforced Masonry
353883,HIGHLANDS COUNTY,Masonry
808807,HIGHLANDS COUNTY,Wood
494916,HIGHLANDS COUNTY,Reinforced Masonry
365031,HIGHLANDS COUNTY,Masonry
490116,HIGHLANDS COUNTY,Wood
484038,HIGHLANDS COUNTY,Wood
401498,HIGHLANDS COUNTY,Wood
178997,HIGHLANDS COUNTY,Wood
441939,HIGHLANDS COUNTY,Wood
108791,HIGHLANDS COUNTY,Wood
412751,HIGHLANDS COUNTY,Masonry
787071,HIGHLANDS COUNTY,Wood
181321,HIGHLANDS COUNTY,Reinforced Masonry
876535,HIGHLANDS COUNTY,Wood
404928,HIGHLANDS COUNTY,Wood
273313,HIGHLANDS COUNTY,Wood
873533,HIGHLANDS COUNTY,Masonry
642108,HIGHLANDS COUNTY,Wood
352616,HIGHLANDS COUNTY,Masonry
984267,HIGHLANDS COUNTY,Masonry
642835,HIGHLANDS COUNTY,Wood
586692,HIGHLANDS COUNTY,Reinforced Concrete
519914,HIGHLANDS COUNTY,Wood
952874,HIGHLANDS COUNTY,Wood
268145,HIGHLANDS COUNTY,Reinforced Masonry
173071,HIGHLANDS COUNTY,Wood
253898,HIGHLANDS COUNTY,Masonry
597734,HIGHLANDS COUNTY,Wood
645221,HIGHLANDS COUNTY,Wood
217269,HIGHLANDS COUNTY,Wood
512493,HIGHLANDS COUNTY,Wood
175961,HIGHLANDS COUNTY,Wood
405025,HIGHLANDS COUNTY,Wood
683890,HIGHLANDS COUNTY,Wood
220356,HIGHLANDS COUNTY,Wood
344440,HIGHLANDS COUNTY,Wood
974406,HIGHLANDS COUNTY,Wood
294403,HIGHLANDS COUNTY,Wood
792554,HIGHLANDS COUNTY,Wood
831361,HIGHLANDS COUNTY,Wood
233433,HIGHLANDS COUNTY,Wood
636266,HIGHLANDS COUNTY,Wood
144087,HIGHLANDS COUNTY,Reinforced Masonry
759209,HIGHLANDS COUNTY,Wood
864681,HIGHLANDS COUNTY,Wood
374056,HIGHLANDS COUNTY,Wood
289749,HIGHLANDS COUNTY,Wood
689880,HIGHLANDS COUNTY,Wood
910553,HIGHLANDS COUNTY,Wood
490201,HIGHLANDS COUNTY,Wood
704267,HIGHLANDS COUNTY,Masonry
340287,HIGHLANDS COUNTY,Wood
429687,HIGHLANDS COUNTY,Wood
622515,HIGHLANDS COUNTY,Wood
922801,HIGHLANDS COUNTY,Wood
603711,HIGHLANDS COUNTY,Wood
299865,HIGHLANDS COUNTY,Wood
224391,HIGHLANDS COUNTY,Wood
269598,HIGHLANDS COUNTY,Wood
772052,HIGHLANDS COUNTY,Wood
908141,HIGHLANDS COUNTY,Wood
827112,HIGHLANDS COUNTY,Wood
258219,HIGHLANDS COUNTY,Masonry
153165,HIGHLANDS COUNTY,Wood
977972,HIGHLANDS COUNTY,Wood
178409,HIGHLANDS COUNTY,Wood
641413,HIGHLANDS COUNTY,Masonry
950549,HIGHLANDS COUNTY,Masonry
875527,HIGHLANDS COUNTY,Masonry
106298,HIGHLANDS COUNTY,Wood
127773,HIGHLANDS COUNTY,Masonry
641778,HIGHLANDS COUNTY,Masonry
947238,HIGHLANDS COUNTY,Masonry
920291,HIGHLANDS COUNTY,Masonry
503172,HIGHLANDS COUNTY,Wood
145777,HIGHLANDS COUNTY,Masonry
826574,HIGHLANDS COUNTY,Masonry
751562,HIGHLANDS COUNTY,Wood
435306,HIGHLANDS COUNTY,Wood
623207,HIGHLANDS COUNTY,Wood
444773,HIGHLANDS COUNTY,Reinforced Masonry
825073,HIGHLANDS COUNTY,Masonry
865961,HIGHLANDS COUNTY,Wood
318603,HIGHLANDS COUNTY,Reinforced Masonry
562208,HIGHLANDS COUNTY,Reinforced Masonry
734979,HIGHLANDS COUNTY,Reinforced Masonry
708702,HIGHLANDS COUNTY,Reinforced Masonry
297745,HIGHLANDS COUNTY,Wood
941948,HIGHLANDS COUNTY,Wood
609404,HIGHLANDS COUNTY,Reinforced Masonry
914688,HIGHLANDS COUNTY,Masonry
208182,HIGHLANDS COUNTY,Wood
256206,HIGHLANDS COUNTY,Wood
789736,HIGHLANDS COUNTY,Wood
857821,HIGHLANDS COUNTY,Wood
459121,HIGHLANDS COUNTY,Wood
306142,HIGHLANDS COUNTY,Reinforced Masonry
185124,HIGHLANDS COUNTY,Masonry
303715,HIGHLANDS COUNTY,Wood
941031,HIGHLANDS COUNTY,Wood
457479,HIGHLANDS COUNTY,Wood
857031,HIGHLANDS COUNTY,Masonry
512129,HIGHLANDS COUNTY,Reinforced Masonry
516519,HIGHLANDS COUNTY,Steel Frame
144970,HIGHLANDS COUNTY,Wood
337932,HIGHLANDS COUNTY,Wood
956636,HIGHLANDS COUNTY,Reinforced Masonry
559467,HIGHLANDS COUNTY,Reinforced Masonry
466784,HARDEE COUNTY,Wood
373797,HARDEE COUNTY,Wood
323466,HARDEE COUNTY,Masonry
438759,HARDEE COUNTY,Masonry
438919,HARDEE COUNTY,Wood
835519,HARDEE COUNTY,Wood
377518,HARDEE COUNTY,Wood
854779,HARDEE COUNTY,Wood
225793,HARDEE COUNTY,Wood
134141,HARDEE COUNTY,Masonry
902672,HARDEE COUNTY,Masonry
184724,HARDEE COUNTY,Masonry
979126,HARDEE COUNTY,Reinforced Masonry
885261,HARDEE COUNTY,Reinforced Masonry
513193,HARDEE COUNTY,Masonry
846590,HARDEE COUNTY,Reinforced Masonry
592494,HARDEE COUNTY,Masonry
976434,HARDEE COUNTY,Wood
746577,HARDEE COUNTY,Wood
627902,HARDEE COUNTY,Wood
438353,HARDEE COUNTY,Wood
465070,HARDEE COUNTY,Reinforced Masonry
506794,HARDEE COUNTY,Wood
336779,HARDEE COUNTY,Wood
831898,HARDEE COUNTY,Masonry
440305,HARDEE COUNTY,Masonry
937050,HARDEE COUNTY,Reinforced Masonry
438009,HARDEE COUNTY,Wood
226192,HARDEE COUNTY,Masonry
274225,HARDEE COUNTY,Wood
722103,HARDEE COUNTY,Reinforced Masonry
151832,HARDEE COUNTY,Reinforced Masonry
566039,HARDEE COUNTY,Reinforced Masonry
140092,HARDEE COUNTY,Reinforced Masonry
367929,HARDEE COUNTY,Masonry
320383,HIGHLANDS COUNTY,Masonry
337476,HIGHLANDS COUNTY,Reinforced Masonry
323726,HIGHLANDS COUNTY,Wood
901483,HIGHLANDS COUNTY,Wood
254892,HIGHLANDS COUNTY,Wood
358270,HIGHLANDS COUNTY,Wood
961798,HIGHLANDS COUNTY,Wood
932761,HIGHLANDS COUNTY,Wood
308155,HIGHLANDS COUNTY,Masonry
428331,HIGHLANDS COUNTY,Wood
953142,HIGHLANDS COUNTY,Wood
963186,HIGHLANDS COUNTY,Wood
366875,HIGHLANDS COUNTY,Wood
917090,HIGHLANDS COUNTY,Wood
452055,HIGHLANDS COUNTY,Wood
337392,HIGHLANDS COUNTY,Wood
745317,HIGHLANDS COUNTY,Wood
408897,HIGHLANDS COUNTY,Wood
913419,HIGHLANDS COUNTY,Wood
938424,HIGHLANDS COUNTY,Masonry
462196,HIGHLANDS COUNTY,Wood
564922,HIGHLANDS COUNTY,Wood
446671,HIGHLANDS COUNTY,Wood
676502,HIGHLANDS COUNTY,Wood
400100,HIGHLANDS COUNTY,Wood
957440,HIGHLANDS COUNTY,Masonry
614143,HIGHLANDS COUNTY,Wood
534257,HIGHLANDS COUNTY,Wood
702687,HIGHLANDS COUNTY,Reinforced Masonry
974615,HIGHLANDS COUNTY,Reinforced Masonry
996601,HIGHLANDS COUNTY,Masonry
637233,HIGHLANDS COUNTY,Wood
518877,HIGHLANDS COUNTY,Wood
306252,HIGHLANDS COUNTY,Wood
802307,HIGHLANDS COUNTY,Wood
774151,HIGHLANDS COUNTY,Wood
294299,HIGHLANDS COUNTY,Wood
992176,HIGHLANDS COUNTY,Wood
117130,HIGHLANDS COUNTY,Wood
992046,HIGHLANDS COUNTY,Wood
867643,HIGHLANDS COUNTY,Wood
180185,HIGHLANDS COUNTY,Wood
764368,HIGHLANDS COUNTY,Wood
341073,HIGHLANDS COUNTY,Wood
549993,HIGHLANDS COUNTY,Wood
855445,HIGHLANDS COUNTY,Wood
926890,HIGHLANDS COUNTY,Wood
368518,HIGHLANDS COUNTY,Wood
701463,HIGHLANDS COUNTY,Wood
258956,HIGHLANDS COUNTY,Wood
705388,HIGHLANDS COUNTY,Wood
417207,HIGHLANDS COUNTY,Wood
727973,POLK COUNTY,Wood
872944,POLK COUNTY,Reinforced Concrete
274275,POLK COUNTY,Reinforced Concrete
446981,POLK COUNTY,Masonry
153625,POLK COUNTY,Masonry
894023,POLK COUNTY,Wood
356648,POLK COUNTY,Wood
541735,POLK COUNTY,Masonry
195286,POLK COUNTY,Wood
167899,POLK COUNTY,Masonry
335734,POLK COUNTY,Wood
763541,POLK COUNTY,Masonry
213828,POLK COUNTY,Masonry
667984,POLK COUNTY,Masonry
157510,POLK COUNTY,Masonry
415754,POLK COUNTY,Masonry
858171,POLK COUNTY,Wood
885981,POLK COUNTY,Masonry
775426,POLK COUNTY,Masonry
825078,POLK COUNTY,Masonry
777396,POLK COUNTY,Masonry
327574,POLK COUNTY,Reinforced Masonry
983935,POLK COUNTY,Reinforced Masonry
882867,POLK COUNTY,Wood
469184,POLK COUNTY,Masonry
566009,POLK COUNTY,Reinforced Masonry
119565,POLK COUNTY,Reinforced Masonry
591071,POLK COUNTY,Masonry
567602,POLK COUNTY,Masonry
603619,POLK COUNTY,Masonry
193510,POLK COUNTY,Wood
723931,POLK COUNTY,Masonry
875822,POLK COUNTY,Reinforced Masonry
890724,POLK COUNTY,Reinforced Masonry
988524,POLK COUNTY,Reinforced Masonry
741707,POLK COUNTY,Wood
134117,POLK COUNTY,Masonry
258991,POLK COUNTY,Reinforced Masonry
431089,POLK COUNTY,Masonry
515597,POLK COUNTY,Wood
545258,POLK COUNTY,Wood
455623,POLK COUNTY,Masonry
572740,POLK COUNTY,Reinforced Masonry
721101,POLK COUNTY,Wood
640431,POLK COUNTY,Wood
138222,POLK COUNTY,Wood
565751,POLK COUNTY,Wood
503152,POLK COUNTY,Wood
923487,POLK COUNTY,Wood
706545,POLK COUNTY,Wood
508294,POLK COUNTY,Wood
789658,POLK COUNTY,Wood
250766,POLK COUNTY,Reinforced Masonry
103002,POLK COUNTY,Masonry
603200,POLK COUNTY,Masonry
586448,POLK COUNTY,Wood
602818,POLK COUNTY,Masonry
843082,POLK COUNTY,Wood
541042,POLK COUNTY,Wood
960254,POLK COUNTY,Wood
579372,POLK COUNTY,Masonry
838272,POLK COUNTY,Masonry
987484,POLK COUNTY,Wood
369463,POLK COUNTY,Wood
240389,POLK COUNTY,Wood
137836,POLK COUNTY,Masonry
808305,POLK COUNTY,Wood
291735,POLK COUNTY,Wood
163562,POLK COUNTY,Wood
317198,POLK COUNTY,Wood
566414,POLK COUNTY,Wood
164703,POLK COUNTY,Wood
291748,POLK COUNTY,Wood
647809,POLK COUNTY,Wood
156445,POLK COUNTY,Wood
616059,POLK COUNTY,Wood
564416,POLK COUNTY,Wood
749932,POLK COUNTY,Masonry
184597,POLK COUNTY,Wood
209763,POLK COUNTY,Wood
748935,POLK COUNTY,Wood
844783,POLK COUNTY,Wood
351852,POLK COUNTY,Wood
166622,POLK COUNTY,Wood
781105,POLK COUNTY,Wood
592160,POLK COUNTY,Wood
425679,POLK COUNTY,Wood
248289,POLK COUNTY,Wood
988918,POLK COUNTY,Wood
386786,POLK COUNTY,Wood
177007,POLK COUNTY,Wood
870783,POLK COUNTY,Wood
307258,POLK COUNTY,Wood
394963,POLK COUNTY,Wood
367122,POLK COUNTY,Wood
524156,POLK COUNTY,Wood
951777,POLK COUNTY,Wood
431272,POLK COUNTY,Wood
215144,POLK COUNTY,Wood
430727,POLK COUNTY,Wood
691913,POLK COUNTY,Wood
552665,POLK COUNTY,Wood
507560,POLK COUNTY,Wood
841943,POLK COUNTY,Wood
747985,POLK COUNTY,Wood
883558,POLK COUNTY,Wood
352557,POLK COUNTY,Wood
180525,POLK COUNTY,Wood
261335,POLK COUNTY,Wood
905953,POLK COUNTY,Wood
830496,POLK COUNTY,Wood
898446,POLK COUNTY,Wood
154305,POLK COUNTY,Wood
171799,POLK COUNTY,Wood
436308,POLK COUNTY,Wood
360227,POLK COUNTY,Masonry
847412,POLK COUNTY,Reinforced Concrete
165352,POLK COUNTY,Wood
180266,POLK COUNTY,Reinforced Masonry
922424,POLK COUNTY,Masonry
988025,POLK COUNTY,Reinforced Masonry
882885,POLK COUNTY,Wood
296655,POLK COUNTY,Masonry
757756,POLK COUNTY,Masonry
749370,POLK COUNTY,Masonry
519559,POLK COUNTY,Wood
788091,POLK COUNTY,Wood
561961,POLK COUNTY,Wood
490834,POLK COUNTY,Wood
920522,POLK COUNTY,Wood
181545,POLK COUNTY,Wood
640592,POLK COUNTY,Reinforced Masonry
411502,POLK COUNTY,Wood
601183,POLK COUNTY,Masonry
632680,POLK COUNTY,Wood
151909,POLK COUNTY,Wood
874581,POLK COUNTY,Wood
930264,POLK COUNTY,Reinforced Masonry
115760,POLK COUNTY,Masonry
378436,POLK COUNTY,Masonry
990517,POLK COUNTY,Masonry
678435,POLK COUNTY,Masonry
347972,POLK COUNTY,Wood
915046,POLK COUNTY,Reinforced Masonry
112059,POLK COUNTY,Masonry
307209,POLK COUNTY,Masonry
344419,POLK COUNTY,Masonry
309715,POLK COUNTY,Reinforced Masonry
679216,POLK COUNTY,Masonry
677489,POLK COUNTY,Masonry
493807,POLK COUNTY,Masonry
899101,POLK COUNTY,Masonry
432604,POLK COUNTY,Reinforced Masonry
408157,POLK COUNTY,Wood
464042,POLK COUNTY,Wood
431079,POLK COUNTY,Reinforced Masonry
234581,POLK COUNTY,Masonry
731940,POLK COUNTY,Masonry
601787,POLK COUNTY,Wood
262607,POLK COUNTY,Masonry
225750,POLK COUNTY,Wood
690045,POLK COUNTY,Wood
507465,POLK COUNTY,Masonry
233534,POLK COUNTY,Wood
314036,POLK COUNTY,Wood
822231,POLK COUNTY,Wood
108976,POLK COUNTY,Wood
174320,POLK COUNTY,Reinforced Masonry
408593,POLK COUNTY,Reinforced Masonry
924133,POLK COUNTY,Reinforced Masonry
219050,POLK COUNTY,Wood
208948,POLK COUNTY,Reinforced Concrete
799086,POLK COUNTY,Wood
775158,POLK COUNTY,Wood
870965,POLK COUNTY,Wood
230250,POLK COUNTY,Reinforced Concrete
846961,POLK COUNTY,Masonry
340327,POLK COUNTY,Wood
588572,POLK COUNTY,Wood
300316,POLK COUNTY,Wood
510953,POLK COUNTY,Wood
777857,POLK COUNTY,Wood
995940,POLK COUNTY,Wood
395987,POLK COUNTY,Wood
192253,POLK COUNTY,Wood
919672,POLK COUNTY,Masonry
489298,POLK COUNTY,Masonry
371393,POLK COUNTY,Wood
629273,POLK COUNTY,Wood
327207,POLK COUNTY,Wood
102983,POLK COUNTY,Wood
765534,POLK COUNTY,Masonry
296873,POLK COUNTY,Wood
712447,POLK COUNTY,Wood
897610,POLK COUNTY,Reinforced Masonry
831835,POLK COUNTY,Reinforced Masonry
291876,POLK COUNTY,Wood
736123,POLK COUNTY,Wood
303637,POLK COUNTY,Wood
703632,POLK COUNTY,Masonry
332442,POLK COUNTY,Reinforced Masonry
555966,POLK COUNTY,Wood
944918,POLK COUNTY,Masonry
484751,POLK COUNTY,Wood
386054,POLK COUNTY,Wood
598107,POLK COUNTY,Wood
216204,POLK COUNTY,Wood
139314,POLK COUNTY,Wood
339283,POLK COUNTY,Wood
383909,POLK COUNTY,Reinforced Masonry
321471,POLK COUNTY,Wood
738357,POLK COUNTY,Wood
414928,POLK COUNTY,Wood
956941,POLK COUNTY,Masonry
830281,POLK COUNTY,Reinforced Masonry
671008,POLK COUNTY,Wood
200718,POLK COUNTY,Wood
159410,POLK COUNTY,Wood
529695,POLK COUNTY,Wood
930024,POLK COUNTY,Wood
887959,POLK COUNTY,Wood
569264,POLK COUNTY,Wood
967568,POLK COUNTY,Wood
120909,POLK COUNTY,Wood
754119,POLK COUNTY,Wood
225522,POLK COUNTY,Wood
921444,POLK COUNTY,Wood
388857,POLK COUNTY,Wood
593048,POLK COUNTY,Wood
128831,POLK COUNTY,Wood
865339,POLK COUNTY,Wood
366545,POLK COUNTY,Wood
800958,POLK COUNTY,Wood
619170,POLK COUNTY,Wood
959648,POLK COUNTY,Wood
413486,POLK COUNTY,Wood
324669,POLK COUNTY,Wood
853704,POLK COUNTY,Wood
339273,POLK COUNTY,Wood
733918,POLK COUNTY,Wood
108143,POLK COUNTY,Wood
837588,POLK COUNTY,Wood
645322,POLK COUNTY,Wood
450415,POLK COUNTY,Wood
364184,POLK COUNTY,Wood
922748,POLK COUNTY,Wood
161767,POLK COUNTY,Wood
512924,POLK COUNTY,Wood
783640,POLK COUNTY,Wood
245541,POLK COUNTY,Wood
998218,POLK COUNTY,Wood
806929,POLK COUNTY,Wood
889090,POLK COUNTY,Wood
756314,POLK COUNTY,Wood
281888,POLK COUNTY,Wood
811398,POLK COUNTY,Wood
823420,POLK COUNTY,Wood
222583,POLK COUNTY,Wood
323151,POLK COUNTY,Wood
997957,POLK COUNTY,Wood
913744,POLK COUNTY,Wood
665518,POLK COUNTY,Wood
525267,POLK COUNTY,Wood
861083,POLK COUNTY,Wood
462644,POLK COUNTY,Wood
834482,POLK COUNTY,Wood
783071,POLK COUNTY,Wood
954731,POLK COUNTY,Wood
774261,POLK COUNTY,Wood
660013,POLK COUNTY,Wood
928685,POLK COUNTY,Wood
513330,POLK COUNTY,Wood
211146,POLK COUNTY,Wood
793448,POLK COUNTY,Wood
855244,POLK COUNTY,Wood
473496,POLK COUNTY,Wood
745227,POLK COUNTY,Wood
145232,POLK COUNTY,Wood
736742,POLK COUNTY,Wood
816500,POLK COUNTY,Wood
669567,POLK COUNTY,Wood
617413,POLK COUNTY,Wood
938920,POLK COUNTY,Wood
386168,POLK COUNTY,Wood
902695,POLK COUNTY,Wood
230514,POLK COUNTY,Wood
294295,POLK COUNTY,Wood
366898,POLK COUNTY,Wood
293808,POLK COUNTY,Wood
985307,POLK COUNTY,Wood
261090,POLK COUNTY,Wood
648651,POLK COUNTY,Wood
681634,POLK COUNTY,Wood
772606,POLK COUNTY,Wood
616509,POLK COUNTY,Wood
869714,POLK COUNTY,Wood
485969,POLK COUNTY,Wood
849636,POLK COUNTY,Wood
537876,POLK COUNTY,Wood
678068,POLK COUNTY,Wood
944651,POLK COUNTY,Wood
607383,POLK COUNTY,Wood
540380,POLK COUNTY,Wood
240320,POLK COUNTY,Wood
657549,POLK COUNTY,Wood
901171,POLK COUNTY,Wood
579878,POLK COUNTY,Masonry
722496,POLK COUNTY,Wood
733144,POLK COUNTY,Wood
888303,POLK COUNTY,Wood
358641,POLK COUNTY,Wood
127440,POLK COUNTY,Reinforced Masonry
305188,POLK COUNTY,Masonry
143809,POLK COUNTY,Wood
315853,POLK COUNTY,Wood
245487,POLK COUNTY,Wood
514433,POLK COUNTY,Wood
140450,POLK COUNTY,Wood
156348,POLK COUNTY,Wood
206541,POLK COUNTY,Wood
995265,POLK COUNTY,Wood
807979,POLK COUNTY,Reinforced Masonry
655958,POLK COUNTY,Wood
154492,POLK COUNTY,Wood
404424,POLK COUNTY,Reinforced Masonry
160791,POLK COUNTY,Wood
266026,POLK COUNTY,Masonry
270196,POLK COUNTY,Reinforced Masonry
475555,POLK COUNTY,Masonry
418128,POLK COUNTY,Reinforced Masonry
199274,POLK COUNTY,Reinforced Concrete
659528,POLK COUNTY,Wood
635666,POLK COUNTY,Wood
995002,POLK COUNTY,Wood
787816,POLK COUNTY,Wood
265323,POLK COUNTY,Wood
137591,POLK COUNTY,Wood
752867,POLK COUNTY,Wood
220198,POLK COUNTY,Wood
275618,POLK COUNTY,Wood
696337,POLK COUNTY,Wood
272111,POLK COUNTY,Wood
298382,POLK COUNTY,Wood
487459,POLK COUNTY,Wood
214639,POLK COUNTY,Wood
894168,POLK COUNTY,Wood
842742,POLK COUNTY,Masonry
104650,POLK COUNTY,Wood
868595,POLK COUNTY,Wood
576103,POLK COUNTY,Reinforced Concrete
166286,POLK COUNTY,Masonry
331031,POLK COUNTY,Reinforced Masonry
629400,HARDEE COUNTY,Wood
921545,HARDEE COUNTY,Wood
308486,HARDEE COUNTY,Wood
900642,HARDEE COUNTY,Masonry
457079,HARDEE COUNTY,Wood
197182,HARDEE COUNTY,Masonry
392666,HARDEE COUNTY,Wood
984133,HARDEE COUNTY,Wood
721669,HARDEE COUNTY,Wood
481651,HARDEE COUNTY,Wood
521704,HARDEE COUNTY,Wood
490441,HARDEE COUNTY,Wood
744133,HARDEE COUNTY,Wood
950410,HARDEE COUNTY,Wood
705650,HARDEE COUNTY,Wood
360208,HARDEE COUNTY,Wood
552205,HARDEE COUNTY,Wood
131207,HARDEE COUNTY,Reinforced Masonry
303591,HARDEE COUNTY,Masonry
512138,HARDEE COUNTY,Wood
789111,HARDEE COUNTY,Wood
372272,HARDEE COUNTY,Wood
756382,POLK COUNTY,Wood
204160,POLK COUNTY,Reinforced Masonry
680701,POLK COUNTY,Reinforced Masonry
776948,POLK COUNTY,Reinforced Masonry
741587,OSCEOLA COUNTY,Wood
902278,POLK COUNTY,Wood
334742,POLK COUNTY,Reinforced Masonry
526820,POLK COUNTY,Reinforced Masonry
382056,POLK COUNTY,Reinforced Masonry
628704,POLK COUNTY,Masonry
583817,POLK COUNTY,Masonry
590861,POLK COUNTY,Masonry
837862,POLK COUNTY,Wood
816037,POLK COUNTY,Wood
217182,POLK COUNTY,Wood
684757,POLK COUNTY,Wood
363684,POLK COUNTY,Masonry
959000,POLK COUNTY,Masonry
510156,POLK COUNTY,Masonry
459161,POLK COUNTY,Masonry
696358,POLK COUNTY,Masonry
203367,POLK COUNTY,Wood
582613,POLK COUNTY,Masonry
212353,POLK COUNTY,Masonry
817036,POLK COUNTY,Masonry
780358,POLK COUNTY,Wood
410878,POLK COUNTY,Wood
998495,POLK COUNTY,Masonry
767616,POLK COUNTY,Wood
831823,POLK COUNTY,Masonry
725734,POLK COUNTY,Wood
452469,POLK COUNTY,Masonry
448936,POLK COUNTY,Masonry
226735,POLK COUNTY,Masonry
878638,POLK COUNTY,Masonry
466079,LEE COUNTY,Masonry
620083,LEE COUNTY,Wood
454634,LEE COUNTY,Reinforced Masonry
881974,LEE COUNTY,Masonry
373370,LEE COUNTY,Wood
476550,LEE COUNTY,Wood
518619,LEE COUNTY,Wood
474407,LEE COUNTY,Wood
586728,LEE COUNTY,Masonry
707623,LEE COUNTY,Wood
598194,LEE COUNTY,Masonry
410253,LEE COUNTY,Masonry
243147,LEE COUNTY,Masonry
753370,LEE COUNTY,Wood
220135,LEE COUNTY,Wood
792600,LEE COUNTY,Wood
749739,LEE COUNTY,Masonry
559699,LEE COUNTY,Wood
810407,LEE COUNTY,Wood
892633,LEE COUNTY,Wood
896880,LEE COUNTY,Wood
565386,LEE COUNTY,Reinforced Masonry
749367,LEE COUNTY,Reinforced Masonry
496776,LEE COUNTY,Wood
391153,LEE COUNTY,Wood
682239,LEE COUNTY,Masonry
959818,LEE COUNTY,Wood
780468,LEE COUNTY,Masonry
608712,LEE COUNTY,Masonry
515617,LEE COUNTY,Reinforced Masonry
168889,LEE COUNTY,Reinforced Masonry
685101,LEE COUNTY,Reinforced Concrete
967291,LEE COUNTY,Reinforced Concrete
184060,LEE COUNTY,Masonry
363059,LEE COUNTY,Wood
592004,LEE COUNTY,Wood
907884,LEE COUNTY,Masonry
558705,LEE COUNTY,Masonry
582841,LEE COUNTY,Masonry
996340,LEE COUNTY,Wood
530451,LEE COUNTY,Wood
480801,LEE COUNTY,Wood
768090,LEE COUNTY,Masonry
511181,LEE COUNTY,Reinforced Masonry
825199,LEE COUNTY,Masonry
707684,LEE COUNTY,Masonry
102895,LEE COUNTY,Reinforced Masonry
599462,LEE COUNTY,Reinforced Masonry
179977,LEE COUNTY,Wood
706525,LEE COUNTY,Wood
794646,LEE COUNTY,Wood
496461,LEE COUNTY,Wood
675186,LEE COUNTY,Wood
325083,LEE COUNTY,Wood
167518,LEE COUNTY,Wood
327091,LEE COUNTY,Wood
492962,LEE COUNTY,Wood
245200,LEE COUNTY,Wood
129928,LEE COUNTY,Wood
102292,LEE COUNTY,Wood
976122,LEE COUNTY,Wood
779234,LEE COUNTY,Wood
185523,LEE COUNTY,Wood
307295,LEE COUNTY,Masonry
557840,LEE COUNTY,Wood
392233,LEE COUNTY,Wood
173732,LEE COUNTY,Wood
262714,LEE COUNTY,Wood
531170,LEE COUNTY,Wood
639135,LEE COUNTY,Wood
692334,LEE COUNTY,Wood
584670,LEE COUNTY,Wood
899718,LEE COUNTY,Wood
162404,LEE COUNTY,Wood
347199,LEE COUNTY,Wood
207402,LEE COUNTY,Wood
819222,LEE COUNTY,Wood
690985,LEE COUNTY,Wood
694051,LEE COUNTY,Wood
309302,LEE COUNTY,Wood
513056,LEE COUNTY,Wood
848828,LEE COUNTY,Wood
624909,LEE COUNTY,Wood
476473,LEE COUNTY,Masonry
358057,LEE COUNTY,Masonry
135411,LEE COUNTY,Wood
641959,LEE COUNTY,Wood
534553,LEE COUNTY,Reinforced Masonry
102848,LEE COUNTY,Reinforced Masonry
592763,LEE COUNTY,Masonry
152670,LEE COUNTY,Masonry
840145,LEE COUNTY,Masonry
601282,LEE COUNTY,Wood
740178,LEE COUNTY,Wood
209083,LEE COUNTY,Wood
326258,LEE COUNTY,Wood
433880,LEE COUNTY,Wood
914045,LEE COUNTY,Masonry
876063,LEE COUNTY,Wood
776458,LEE COUNTY,Masonry
123893,LEE COUNTY,Wood
732793,LEE COUNTY,Wood
360709,LEE COUNTY,Wood
236208,LEE COUNTY,Wood
894800,LEE COUNTY,Wood
549364,LEE COUNTY,Wood
742696,LEE COUNTY,Wood
111885,LEE COUNTY,Wood
192267,LEE COUNTY,Wood
896018,LEE COUNTY,Wood
588215,LEE COUNTY,Wood
314113,LEE COUNTY,Wood
262448,LEE COUNTY,Masonry
384569,LEE COUNTY,Wood
409454,LEE COUNTY,Masonry
928029,LEE COUNTY,Wood
217937,LEE COUNTY,Wood
808208,LEE COUNTY,Wood
232243,LEE COUNTY,Wood
102725,LEE COUNTY,Masonry
197436,LEE COUNTY,Wood
724488,LEE COUNTY,Wood
522656,LEE COUNTY,Wood
940919,LEE COUNTY,Wood
977369,LEE COUNTY,Masonry
142833,LEE COUNTY,Wood
610587,LEE COUNTY,Masonry
225859,LEE COUNTY,Masonry
667969,LEE COUNTY,Masonry
390487,LEE COUNTY,Masonry
324377,LEE COUNTY,Masonry
563995,LEE COUNTY,Masonry
899782,LEE COUNTY,Wood
997381,LEE COUNTY,Wood
351796,LEE COUNTY,Wood
571895,LEE COUNTY,Wood
857072,LEE COUNTY,Wood
115635,LEE COUNTY,Wood
431230,LEE COUNTY,Wood
312567,LEE COUNTY,Wood
927188,LEE COUNTY,Masonry
548212,LEE COUNTY,Wood
971809,LEE COUNTY,Masonry
308319,LEE COUNTY,Masonry
256092,LEE COUNTY,Masonry
820499,LEE COUNTY,Masonry
765997,LEE COUNTY,Masonry
419011,LEE COUNTY,Reinforced Masonry
897083,LEE COUNTY,Masonry
717905,LEE COUNTY,Masonry
197574,LEE COUNTY,Wood
730769,LEE COUNTY,Wood
188326,LEE COUNTY,Wood
473350,LEE COUNTY,Masonry
512232,LEE COUNTY,Reinforced Masonry
865310,LEE COUNTY,Reinforced Masonry
833033,LEE COUNTY,Reinforced Concrete
312127,LEE COUNTY,Masonry
977116,LEE COUNTY,Masonry
393386,LEE COUNTY,Reinforced Concrete
110863,LEE COUNTY,Reinforced Concrete
935444,LEE COUNTY,Masonry
883818,LEE COUNTY,Masonry
947457,LEE COUNTY,Reinforced Masonry
904306,LEE COUNTY,Reinforced Masonry
922159,LEE COUNTY,Reinforced Masonry
891358,LEE COUNTY,Wood
928160,LEE COUNTY,Wood
452499,LEE COUNTY,Masonry
304990,LEE COUNTY,Wood
947688,LEE COUNTY,Masonry
664214,LEE COUNTY,Masonry
691084,LEE COUNTY,Masonry
353073,LEE COUNTY,Masonry
470569,LEE COUNTY,Masonry
108138,LEE COUNTY,Masonry
204357,LEE COUNTY,Masonry
435834,LEE COUNTY,Reinforced Masonry
808014,LEE COUNTY,Masonry
855793,LEE COUNTY,Reinforced Concrete
954178,LEE COUNTY,Reinforced Concrete
572579,LEE COUNTY,Wood
516371,LEE COUNTY,Masonry
783521,LEE COUNTY,Reinforced Masonry
428951,LEE COUNTY,Reinforced Concrete
712927,LEE COUNTY,Masonry
937340,LEE COUNTY,Masonry
682502,LEE COUNTY,Reinforced Concrete
216094,LEE COUNTY,Masonry
851315,LEE COUNTY,Masonry
238046,LEE COUNTY,Reinforced Masonry
277143,LEE COUNTY,Masonry
726576,LEE COUNTY,Wood
896618,LEE COUNTY,Wood
579009,LEE COUNTY,Masonry
646602,LEE COUNTY,Masonry
603397,LEE COUNTY,Wood
936170,LEE COUNTY,Reinforced Masonry
478025,LEE COUNTY,Wood
709470,LEE COUNTY,Wood
117138,LEE COUNTY,Wood
717903,LEE COUNTY,Masonry
192143,LEE COUNTY,Masonry
789095,LEE COUNTY,Wood
872681,LEE COUNTY,Wood
596721,LEE COUNTY,Masonry
680599,LEE COUNTY,Wood
425918,LEE COUNTY,Wood
631725,LEE COUNTY,Reinforced Masonry
932445,LEE COUNTY,Reinforced Masonry
919466,LEE COUNTY,Wood
417273,LEE COUNTY,Masonry
385682,LEE COUNTY,Reinforced Concrete
367958,LEE COUNTY,Wood
752732,LEE COUNTY,Wood
886902,LEE COUNTY,Wood
108643,LEE COUNTY,Reinforced Masonry
884587,LEE COUNTY,Masonry
224994,LEE COUNTY,Masonry
804353,LEE COUNTY,Wood
808149,LEE COUNTY,Masonry
691737,LEE COUNTY,Wood
153915,LEE COUNTY,Wood
417728,LEE COUNTY,Wood
921692,LEE COUNTY,Wood
649909,LEE COUNTY,Masonry
581061,LEE COUNTY,Wood
355009,LEE COUNTY,Wood
262303,LEE COUNTY,Reinforced Masonry
204490,LEE COUNTY,Wood
242080,LEE COUNTY,Reinforced Masonry
634744,LEE COUNTY,Masonry
344269,LEE COUNTY,Reinforced Masonry
716031,LEE COUNTY,Reinforced Masonry
432092,LEE COUNTY,Wood
850507,LEE COUNTY,Wood
481308,LEE COUNTY,Wood
391688,LEE COUNTY,Wood
288026,LEE COUNTY,Wood
254374,LEE COUNTY,Masonry
764638,LEE COUNTY,Reinforced Masonry
382587,LEE COUNTY,Reinforced Concrete
753908,LEE COUNTY,Wood
698345,LEE COUNTY,Reinforced Masonry
532046,LEE COUNTY,Masonry
187362,LEE COUNTY,Masonry
134530,LEE COUNTY,Masonry
460380,LEE COUNTY,Wood
803724,LEE COUNTY,Wood
119094,LEE COUNTY,Wood
238535,LEE COUNTY,Wood
270323,LEE COUNTY,Wood
796673,LEE COUNTY,Wood
116022,LEE COUNTY,Wood
311294,LEE COUNTY,Wood
248324,LEE COUNTY,Wood
424512,LEE COUNTY,Wood
974341,LEE COUNTY,Wood
650823,LEE COUNTY,Wood
735062,LEE COUNTY,Masonry
287811,LEE COUNTY,Wood
347538,LEE COUNTY,Masonry
613073,LEE COUNTY,Wood
941824,LEE COUNTY,Wood
604368,LEE COUNTY,Wood
343130,LEE COUNTY,Wood
669444,LEE COUNTY,Reinforced Masonry
303047,LEE COUNTY,Wood
591159,LEE COUNTY,Masonry
732195,LEE COUNTY,Masonry
900305,LEE COUNTY,Masonry
246246,LEE COUNTY,Masonry
498769,LEE COUNTY,Wood
763610,LEE COUNTY,Wood
251416,LEE COUNTY,Reinforced Masonry
832580,LEE COUNTY,Reinforced Masonry
185401,LEE COUNTY,Wood
986290,LEE COUNTY,Wood
615123,LEE COUNTY,Wood
855929,LEE COUNTY,Wood
181773,LEE COUNTY,Wood
924256,LEE COUNTY,Wood
779257,LEE COUNTY,Wood
351880,LEE COUNTY,Wood
407072,LEE COUNTY,Wood
243259,LEE COUNTY,Wood
555909,LEE COUNTY,Wood
327926,LEE COUNTY,Wood
171221,LEE COUNTY,Wood
532609,LEE COUNTY,Wood
993786,LEE COUNTY,Wood
336430,LEE COUNTY,Wood
396333,LEE COUNTY,Wood
472832,LEE COUNTY,Wood
692335,LEE COUNTY,Wood
506178,LEE COUNTY,Wood
418543,LEE COUNTY,Wood
823897,LEE COUNTY,Wood
322247,LEE COUNTY,Wood
219556,LEE COUNTY,Wood
856144,LEE COUNTY,Wood
118653,LEE COUNTY,Wood
882731,LEE COUNTY,Wood
300188,LEE COUNTY,Wood
287634,LEE COUNTY,Wood
451463,LEE COUNTY,Wood
814231,LEE COUNTY,Wood
111174,LEE COUNTY,Wood
528655,LEE COUNTY,Wood
866157,LEE COUNTY,Wood
685596,LEE COUNTY,Masonry
574871,LEE COUNTY,Wood
166314,LEE COUNTY,Wood
493513,LEE COUNTY,Wood
408546,LEE COUNTY,Wood
202040,LEE COUNTY,Wood
509426,LEE COUNTY,Wood
940501,LEE COUNTY,Wood
364568,LEE COUNTY,Wood
910299,LEE COUNTY,Wood
176155,LEE COUNTY,Wood
499519,LEE COUNTY,Wood
691124,LEE COUNTY,Wood
534051,LEE COUNTY,Wood
821719,LEE COUNTY,Wood
668066,LEE COUNTY,Wood
336544,LEE COUNTY,Wood
308107,LEE COUNTY,Wood
782684,LEE COUNTY,Wood
142773,LEE COUNTY,Wood
902944,LEE COUNTY,Wood
850773,LEE COUNTY,Masonry
311105,LEE COUNTY,Wood
915290,LEE COUNTY,Reinforced Masonry
551331,LEE COUNTY,Masonry
539065,LEE COUNTY,Reinforced Masonry
200193,LEE COUNTY,Masonry
849365,LEE COUNTY,Masonry
367137,LEE COUNTY,Wood
795077,LEE COUNTY,Wood
311338,LEE COUNTY,Wood
628879,LEE COUNTY,Wood
340169,LEE COUNTY,Wood
683420,LEE COUNTY,Masonry
590072,LEE COUNTY,Wood
132812,LEE COUNTY,Masonry
557957,LEE COUNTY,Wood
240017,LEE COUNTY,Wood
884676,LEE COUNTY,Wood
412352,LEE COUNTY,Wood
875178,LEE COUNTY,Reinforced Masonry
280169,LEE COUNTY,Masonry
224913,LEE COUNTY,Masonry
492879,LEE COUNTY,Masonry
333500,LEE COUNTY,Reinforced Masonry
671116,LEE COUNTY,Wood
521148,LEE COUNTY,Masonry
483769,LEE COUNTY,Reinforced Concrete
663117,LEE COUNTY,Wood
715983,LEE COUNTY,Wood
360534,LEE COUNTY,Reinforced Concrete
868214,LEE COUNTY,Masonry
566096,LEE COUNTY,Reinforced Masonry
582849,LEE COUNTY,Reinforced Masonry
836905,LEE COUNTY,Masonry
455184,LEE COUNTY,Wood
952293,LEE COUNTY,Masonry
726241,LEE COUNTY,Masonry
881009,LEE COUNTY,Masonry
993159,LEE COUNTY,Masonry
829609,LEE COUNTY,Masonry
895339,LEE COUNTY,Masonry
421847,LEE COUNTY,Wood
646308,LEE COUNTY,Masonry
609539,LEE COUNTY,Masonry
512437,LEE COUNTY,Wood
479327,LEE COUNTY,Masonry
268146,LEE COUNTY,Masonry
913969,LEE COUNTY,Masonry
424696,LEE COUNTY,Wood
529915,LEE COUNTY,Wood
128600,LEE COUNTY,Wood
160419,LEE COUNTY,Reinforced Masonry
900466,LEE COUNTY,Wood
339352,LEE COUNTY,Masonry
831469,LEE COUNTY,Wood
702183,LEE COUNTY,Masonry
780443,LEE COUNTY,Wood
811882,LEE COUNTY,Wood
680883,LEE COUNTY,Wood
663803,LEE COUNTY,Wood
751422,LEE COUNTY,Wood
325236,LEE COUNTY,Wood
899947,LEE COUNTY,Wood
655579,LEE COUNTY,Wood
715174,LEE COUNTY,Wood
989834,LEE COUNTY,Reinforced Masonry
398305,LEE COUNTY,Wood
212926,LEE COUNTY,Masonry
680998,LEE COUNTY,Masonry
504542,LEE COUNTY,Reinforced Masonry
138858,LEE COUNTY,Reinforced Masonry
674666,LEE COUNTY,Reinforced Masonry
124114,LEE COUNTY,Masonry
116651,LEE COUNTY,Wood
469851,LEE COUNTY,Wood
346469,LEE COUNTY,Reinforced Masonry
223919,LEE COUNTY,Reinforced Masonry
605654,LEE COUNTY,Reinforced Masonry
307626,LEE COUNTY,Masonry
109062,LEE COUNTY,Reinforced Masonry
328179,LEE COUNTY,Masonry
810498,LEE COUNTY,Wood
993084,LEE COUNTY,Wood
482481,LEE COUNTY,Masonry
454360,LEE COUNTY,Masonry
705969,LEE COUNTY,Reinforced Masonry
328314,LEE COUNTY,Masonry
551468,LEE COUNTY,Wood
182469,LEE COUNTY,Wood
590728,LEE COUNTY,Reinforced Masonry
497820,LEE COUNTY,Masonry
728625,LEE COUNTY,Masonry
115931,LEE COUNTY,Wood
719759,LEE COUNTY,Wood
586284,LEE COUNTY,Wood
239044,LEE COUNTY,Masonry
290890,LEE COUNTY,Masonry
852223,LEE COUNTY,Wood
666644,LEE COUNTY,Reinforced Concrete
499206,LEE COUNTY,Reinforced Masonry
240095,LEE COUNTY,Reinforced Masonry
356572,LEE COUNTY,Masonry
473045,LEE COUNTY,Masonry
862534,LEE COUNTY,Reinforced Concrete
800481,LEE COUNTY,Masonry
575515,HENDRY COUNTY,Wood
987337,LEE COUNTY,Masonry
141420,LEE COUNTY,Wood
705488,LEE COUNTY,Wood
850602,LEE COUNTY,Wood
498795,LEE COUNTY,Wood
192208,LEE COUNTY,Wood
761635,LEE COUNTY,Wood
534093,LEE COUNTY,Wood
210562,LEE COUNTY,Wood
272372,LEE COUNTY,Wood
579297,LEE COUNTY,Wood
778542,LEE COUNTY,Wood
642724,LEE COUNTY,Wood
831672,LEE COUNTY,Wood
990948,LEE COUNTY,Wood
990359,LEE COUNTY,Wood
796720,LEE COUNTY,Wood
890476,LEE COUNTY,Wood
261096,LEE COUNTY,Wood
572783,LEE COUNTY,Wood
844927,LEE COUNTY,Wood
124456,LEE COUNTY,Wood
980912,LEE COUNTY,Wood
236122,LEE COUNTY,Masonry
590135,LEE COUNTY,Masonry
503672,LEE COUNTY,Wood
708505,LEE COUNTY,Wood
333797,LEE COUNTY,Masonry
794806,LEE COUNTY,Reinforced Masonry
744940,LEE COUNTY,Masonry
546392,LEE COUNTY,Wood
278679,LEE COUNTY,Masonry
536897,LEE COUNTY,Masonry
849279,LEE COUNTY,Masonry
197668,LEE COUNTY,Reinforced Masonry
935247,LEE COUNTY,Wood
338770,HENDRY COUNTY,Masonry
450722,HENDRY COUNTY,Wood
813338,HENDRY COUNTY,Wood
726755,HENDRY COUNTY,Wood
416070,HENDRY COUNTY,Wood
478529,HENDRY COUNTY,Wood
871894,HENDRY COUNTY,Wood
671562,HENDRY COUNTY,Wood
519591,HENDRY COUNTY,Wood
886616,HENDRY COUNTY,Wood
379869,HENDRY COUNTY,Wood
557433,GLADES COUNTY,Wood
330867,HENDRY COUNTY,Masonry
564175,HENDRY COUNTY,Masonry
453664,HENDRY COUNTY,Masonry
489123,HENDRY COUNTY,Wood
210874,HENDRY COUNTY,Wood
905434,HENDRY COUNTY,Reinforced Concrete
906515,GLADES COUNTY,Reinforced Masonry
299035,HENDRY COUNTY,Masonry
950950,HENDRY COUNTY,Reinforced Masonry
183056,HENDRY COUNTY,Reinforced Masonry
614276,HENDRY COUNTY,Wood
605177,HENDRY COUNTY,Wood
259123,HENDRY COUNTY,Reinforced Masonry
355514,HENDRY COUNTY,Wood
923413,HENDRY COUNTY,Masonry
383276,HENDRY COUNTY,Masonry
977992,HENDRY COUNTY,Masonry
172572,HENDRY COUNTY,Masonry
379708,HENDRY COUNTY,Masonry
605069,HENDRY COUNTY,Masonry
116732,HENDRY COUNTY,Masonry
873356,HENDRY COUNTY,Masonry
308514,HENDRY COUNTY,Reinforced Concrete
857905,HENDRY COUNTY,Wood
227978,HENDRY COUNTY,Wood
895105,HENDRY COUNTY,Wood
673068,HENDRY COUNTY,Reinforced Masonry
720725,HENDRY COUNTY,Wood
681445,HENDRY COUNTY,Wood
213264,HENDRY COUNTY,Reinforced Masonry
793204,HENDRY COUNTY,Masonry
985054,HENDRY COUNTY,Reinforced Masonry
719250,LEE COUNTY,Steel Frame
946001,LEE COUNTY,Reinforced Masonry
658989,LEE COUNTY,Wood
776876,LEE COUNTY,Wood
630517,LEE COUNTY,Wood
404298,LEE COUNTY,Wood
431779,LEE COUNTY,Wood
921001,LEE COUNTY,Reinforced Masonry
862867,LEE COUNTY,Reinforced Masonry
761339,LEE COUNTY,Masonry
957070,LEE COUNTY,Wood
442016,LEE COUNTY,Wood
566214,LEE COUNTY,Wood
986049,LEE COUNTY,Reinforced Concrete
460721,LEE COUNTY,Masonry
353368,LEE COUNTY,Reinforced Masonry
405313,LEE COUNTY,Reinforced Masonry
552636,LEE COUNTY,Wood
305829,LEE COUNTY,Wood
880939,LEE COUNTY,Wood
518963,LEE COUNTY,Wood
548691,LEE COUNTY,Wood
293857,LEE COUNTY,Wood
482182,LEE COUNTY,Wood
629009,LEE COUNTY,Wood
108585,LEE COUNTY,Wood
126127,LEE COUNTY,Wood
544009,LEE COUNTY,Wood
152668,LEE COUNTY,Wood
154790,LEE COUNTY,Wood
236267,LEE COUNTY,Wood
519079,LEE COUNTY,Wood
163293,LEE COUNTY,Wood
513040,LEE COUNTY,Wood
391057,LEE COUNTY,Wood
789877,CHARLOTTE COUNTY,Reinforced Masonry
495482,CHARLOTTE COUNTY,Masonry
829269,CHARLOTTE COUNTY,Masonry
214330,CHARLOTTE COUNTY,Wood
717985,CHARLOTTE COUNTY,Wood
719231,CHARLOTTE COUNTY,Wood
344357,CHARLOTTE COUNTY,Wood
934584,CHARLOTTE COUNTY,Wood
591999,CHARLOTTE COUNTY,Wood
709517,CHARLOTTE COUNTY,Reinforced Masonry
585747,CHARLOTTE COUNTY,Masonry
319459,CHARLOTTE COUNTY,Masonry
430944,CHARLOTTE COUNTY,Masonry
670393,CHARLOTTE COUNTY,Masonry
405075,CHARLOTTE COUNTY,Masonry
909898,CHARLOTTE COUNTY,Reinforced Masonry
110990,CHARLOTTE COUNTY,Reinforced Masonry
829160,CHARLOTTE COUNTY,Wood
184591,CHARLOTTE COUNTY,Reinforced Masonry
806880,CHARLOTTE COUNTY,Reinforced Masonry
123019,CHARLOTTE COUNTY,Masonry
754500,CHARLOTTE COUNTY,Wood
366799,CHARLOTTE COUNTY,Reinforced Concrete
611245,CHARLOTTE COUNTY,Steel Frame
908093,CHARLOTTE COUNTY,Masonry
330207,CHARLOTTE COUNTY,Wood
171154,CHARLOTTE COUNTY,Masonry
752127,CHARLOTTE COUNTY,Reinforced Concrete
871327,CHARLOTTE COUNTY,Reinforced Masonry
390674,CHARLOTTE COUNTY,Masonry
579944,CHARLOTTE COUNTY,Wood
218745,CHARLOTTE COUNTY,Masonry
110349,CHARLOTTE COUNTY,Masonry
176670,CHARLOTTE COUNTY,Reinforced Concrete
688369,CHARLOTTE COUNTY,Wood
891074,CHARLOTTE COUNTY,Reinforced Masonry
588590,CHARLOTTE COUNTY,Wood
398019,CHARLOTTE COUNTY,Masonry
949617,CHARLOTTE COUNTY,Reinforced Concrete
206799,CHARLOTTE COUNTY,Wood
135889,CHARLOTTE COUNTY,Wood
328244,CHARLOTTE COUNTY,Wood
608777,CHARLOTTE COUNTY,Wood
781279,CHARLOTTE COUNTY,Masonry
416633,CHARLOTTE COUNTY,Masonry
815821,CHARLOTTE COUNTY,Wood
109561,CHARLOTTE COUNTY,Wood
949314,CHARLOTTE COUNTY,Wood
230026,CHARLOTTE COUNTY,Wood
739934,CHARLOTTE COUNTY,Wood
658196,CHARLOTTE COUNTY,Wood
427265,CHARLOTTE COUNTY,Wood
873829,CHARLOTTE COUNTY,Wood
374969,CHARLOTTE COUNTY,Wood
252578,CHARLOTTE COUNTY,Wood
225353,CHARLOTTE COUNTY,Wood
678973,CHARLOTTE COUNTY,Wood
700523,CHARLOTTE COUNTY,Wood
600090,CHARLOTTE COUNTY,Wood
620180,CHARLOTTE COUNTY,Wood
282770,CHARLOTTE COUNTY,Wood
777484,CHARLOTTE COUNTY,Wood
535726,CHARLOTTE COUNTY,Wood
750658,CHARLOTTE COUNTY,Wood
944220,CHARLOTTE COUNTY,Wood
232196,CHARLOTTE COUNTY,Wood
205605,CHARLOTTE COUNTY,Wood
111045,CHARLOTTE COUNTY,Wood
869707,CHARLOTTE COUNTY,Wood
222464,CHARLOTTE COUNTY,Wood
928653,CHARLOTTE COUNTY,Wood
862377,CHARLOTTE COUNTY,Wood
924406,CHARLOTTE COUNTY,Wood
308065,CHARLOTTE COUNTY,Wood
485674,CHARLOTTE COUNTY,Wood
992726,CHARLOTTE COUNTY,Wood
948132,CHARLOTTE COUNTY,Wood
611338,CHARLOTTE COUNTY,Wood
489337,CHARLOTTE COUNTY,Wood
776803,CHARLOTTE COUNTY,Wood
305405,CHARLOTTE COUNTY,Wood
637901,CHARLOTTE COUNTY,Wood
455666,CHARLOTTE COUNTY,Wood
682876,CHARLOTTE COUNTY,Masonry
972943,CHARLOTTE COUNTY,Wood
534212,CHARLOTTE COUNTY,Wood
339812,CHARLOTTE COUNTY,Wood
780396,CHARLOTTE COUNTY,Wood
233902,CHARLOTTE COUNTY,Wood
918331,CHARLOTTE COUNTY,Wood
942100,CHARLOTTE COUNTY,Wood
657918,CHARLOTTE COUNTY,Masonry
364448,CHARLOTTE COUNTY,Reinforced Concrete
591409,CHARLOTTE COUNTY,Masonry
653926,CHARLOTTE COUNTY,Reinforced Masonry
866007,CHARLOTTE COUNTY,Masonry
298498,CHARLOTTE COUNTY,Masonry
517475,CHARLOTTE COUNTY,Masonry
989360,CHARLOTTE COUNTY,Masonry
648457,CHARLOTTE COUNTY,Masonry
879392,CHARLOTTE COUNTY,Masonry
637639,CHARLOTTE COUNTY,Reinforced Masonry
587944,CHARLOTTE COUNTY,Reinforced Masonry
684371,CHARLOTTE COUNTY,Reinforced Masonry
139131,CHARLOTTE COUNTY,Masonry
317402,CHARLOTTE COUNTY,Reinforced Concrete
520028,CHARLOTTE COUNTY,Reinforced Masonry
332052,CHARLOTTE COUNTY,Reinforced Masonry
799681,CHARLOTTE COUNTY,Wood
910449,CHARLOTTE COUNTY,Masonry
929360,CHARLOTTE COUNTY,Wood
155508,CHARLOTTE COUNTY,Wood
757631,CHARLOTTE COUNTY,Wood
965214,CHARLOTTE COUNTY,Wood
835783,CHARLOTTE COUNTY,Wood
468662,CHARLOTTE COUNTY,Reinforced Concrete
913159,CHARLOTTE COUNTY,Wood
474386,CHARLOTTE COUNTY,Reinforced Masonry
752981,CHARLOTTE COUNTY,Masonry
563675,CHARLOTTE COUNTY,Reinforced Masonry
973979,CHARLOTTE COUNTY,Reinforced Masonry
165549,CHARLOTTE COUNTY,Masonry
289301,CHARLOTTE COUNTY,Wood
905060,CHARLOTTE COUNTY,Wood
472635,CHARLOTTE COUNTY,Reinforced Masonry
256520,CHARLOTTE COUNTY,Masonry
975268,CHARLOTTE COUNTY,Wood
862639,CHARLOTTE COUNTY,Reinforced Masonry
451013,CHARLOTTE COUNTY,Wood
962171,CHARLOTTE COUNTY,Reinforced Masonry
512786,CHARLOTTE COUNTY,Reinforced Masonry
758129,CHARLOTTE COUNTY,Reinforced Masonry
117582,CHARLOTTE COUNTY,Wood
672309,CHARLOTTE COUNTY,Masonry
957775,CHARLOTTE COUNTY,Masonry
735847,CHARLOTTE COUNTY,Wood
557852,CHARLOTTE COUNTY,Wood
318261,CHARLOTTE COUNTY,Wood
265940,CHARLOTTE COUNTY,Reinforced Masonry
459685,CHARLOTTE COUNTY,Wood
928041,CHARLOTTE COUNTY,Wood
177615,CHARLOTTE COUNTY,Wood
691137,CHARLOTTE COUNTY,Wood
869513,CHARLOTTE COUNTY,Wood
733861,CHARLOTTE COUNTY,Wood
440721,CHARLOTTE COUNTY,Wood
859112,CHARLOTTE COUNTY,Wood
921992,CHARLOTTE COUNTY,Wood
826647,CHARLOTTE COUNTY,Wood
949676,CHARLOTTE COUNTY,Wood
302507,CHARLOTTE COUNTY,Wood
870894,CHARLOTTE COUNTY,Wood
962155,CHARLOTTE COUNTY,Wood
700463,CHARLOTTE COUNTY,Wood
311852,CHARLOTTE COUNTY,Wood
919585,CHARLOTTE COUNTY,Masonry
340579,CHARLOTTE COUNTY,Wood
673966,CHARLOTTE COUNTY,Wood
467130,CHARLOTTE COUNTY,Wood
584835,CHARLOTTE COUNTY,Wood
503500,CHARLOTTE COUNTY,Masonry
550217,CHARLOTTE COUNTY,Wood
433783,CHARLOTTE COUNTY,Wood
330710,CHARLOTTE COUNTY,Masonry
892875,CHARLOTTE COUNTY,Wood
534826,CHARLOTTE COUNTY,Reinforced Masonry
347584,CHARLOTTE COUNTY,Masonry
602232,CHARLOTTE COUNTY,Wood
868420,CHARLOTTE COUNTY,Wood
127458,CHARLOTTE COUNTY,Masonry
522372,CHARLOTTE COUNTY,Reinforced Masonry
606397,CHARLOTTE COUNTY,Reinforced Masonry
354342,CHARLOTTE COUNTY,Reinforced Masonry
575323,CHARLOTTE COUNTY,Wood
644970,CHARLOTTE COUNTY,Masonry
534420,CHARLOTTE COUNTY,Masonry
839447,CHARLOTTE COUNTY,Wood
207060,CHARLOTTE COUNTY,Wood
173812,CHARLOTTE COUNTY,Wood
308663,CHARLOTTE COUNTY,Reinforced Masonry
776730,CHARLOTTE COUNTY,Masonry
860499,CHARLOTTE COUNTY,Wood
559562,CHARLOTTE COUNTY,Masonry
363769,CHARLOTTE COUNTY,Masonry
857372,CHARLOTTE COUNTY,Masonry
793289,CHARLOTTE COUNTY,Wood
275763,CHARLOTTE COUNTY,Wood
187871,CHARLOTTE COUNTY,Wood
826203,CHARLOTTE COUNTY,Reinforced Masonry
288571,CHARLOTTE COUNTY,Wood
162919,CHARLOTTE COUNTY,Wood
245143,CHARLOTTE COUNTY,Masonry
527186,CHARLOTTE COUNTY,Reinforced Masonry
375496,CHARLOTTE COUNTY,Wood
298887,CHARLOTTE COUNTY,Wood
155771,CHARLOTTE COUNTY,Masonry
661659,CHARLOTTE COUNTY,Wood
838914,CHARLOTTE COUNTY,Wood
294572,CHARLOTTE COUNTY,Wood
234228,CHARLOTTE COUNTY,Wood
956362,CHARLOTTE COUNTY,Wood
465555,CHARLOTTE COUNTY,Reinforced Masonry
300064,CHARLOTTE COUNTY,Masonry
405825,CHARLOTTE COUNTY,Reinforced Masonry
684820,CHARLOTTE COUNTY,Reinforced Masonry
353378,CHARLOTTE COUNTY,Wood
905875,CHARLOTTE COUNTY,Wood
744931,CHARLOTTE COUNTY,Wood
172600,CHARLOTTE COUNTY,Wood
838546,CHARLOTTE COUNTY,Wood
331073,CHARLOTTE COUNTY,Wood
849725,CHARLOTTE COUNTY,Wood
683941,CHARLOTTE COUNTY,Wood
265210,CHARLOTTE COUNTY,Wood
810910,CHARLOTTE COUNTY,Wood
529264,CHARLOTTE COUNTY,Reinforced Concrete
889261,CHARLOTTE COUNTY,Wood
302870,CHARLOTTE COUNTY,Masonry
166081,CHARLOTTE COUNTY,Wood
491117,CHARLOTTE COUNTY,Wood
619068,CHARLOTTE COUNTY,Reinforced Concrete
813427,CHARLOTTE COUNTY,Reinforced Masonry
342697,CHARLOTTE COUNTY,Reinforced Masonry
439732,CHARLOTTE COUNTY,Wood
588281,CHARLOTTE COUNTY,Masonry
766847,CHARLOTTE COUNTY,Wood
401832,CHARLOTTE COUNTY,Wood
119407,CHARLOTTE COUNTY,Wood
929418,CHARLOTTE COUNTY,Wood
501270,CHARLOTTE COUNTY,Wood
965377,CHARLOTTE COUNTY,Wood
977593,CHARLOTTE COUNTY,Wood
527388,CHARLOTTE COUNTY,Wood
982999,CHARLOTTE COUNTY,Masonry
445050,CHARLOTTE COUNTY,Wood
204600,CHARLOTTE COUNTY,Wood
935577,CHARLOTTE COUNTY,Masonry
952785,CHARLOTTE COUNTY,Wood
327676,CHARLOTTE COUNTY,Masonry
200576,CHARLOTTE COUNTY,Masonry
158887,CHARLOTTE COUNTY,Wood
427881,CHARLOTTE COUNTY,Reinforced Masonry
935192,CHARLOTTE COUNTY,Wood
187406,CHARLOTTE COUNTY,Wood
879777,CHARLOTTE COUNTY,Wood
252978,CHARLOTTE COUNTY,Wood
536901,CHARLOTTE COUNTY,Reinforced Masonry
360910,CHARLOTTE COUNTY,Reinforced Masonry
879289,CHARLOTTE COUNTY,Masonry
521984,CHARLOTTE COUNTY,Reinforced Masonry
640738,CHARLOTTE COUNTY,Wood
722877,CHARLOTTE COUNTY,Masonry
909582,LEE COUNTY,Wood
682858,CHARLOTTE COUNTY,Wood
197397,CHARLOTTE COUNTY,Wood
697158,CHARLOTTE COUNTY,Wood
181637,CHARLOTTE COUNTY,Masonry
915802,CHARLOTTE COUNTY,Wood
460057,CHARLOTTE COUNTY,Wood
622510,CHARLOTTE COUNTY,Wood
251318,CHARLOTTE COUNTY,Wood
599583,CHARLOTTE COUNTY,Wood
711321,CHARLOTTE COUNTY,Wood
918526,CHARLOTTE COUNTY,Wood
335363,CHARLOTTE COUNTY,Wood
172003,CHARLOTTE COUNTY,Wood
161630,CHARLOTTE COUNTY,Masonry
585082,CHARLOTTE COUNTY,Wood
728166,CHARLOTTE COUNTY,Wood
122509,CHARLOTTE COUNTY,Wood
238699,CHARLOTTE COUNTY,Wood
420508,CHARLOTTE COUNTY,Reinforced Masonry
500611,CHARLOTTE COUNTY,Masonry
203480,LEE COUNTY,Masonry
748646,CHARLOTTE COUNTY,Reinforced Masonry
930686,LEE COUNTY,Masonry
554664,LEE COUNTY,Reinforced Masonry
435887,LEE COUNTY,Wood
507102,LEE COUNTY,Masonry
362174,LEE COUNTY,Wood
696186,LEE COUNTY,Reinforced Masonry
134705,LEE COUNTY,Masonry
199457,LEE COUNTY,Masonry
481751,LEE COUNTY,Reinforced Masonry
497868,LEE COUNTY,Masonry
893373,LEE COUNTY,Masonry
130893,LEE COUNTY,Wood
636745,LEE COUNTY,Reinforced Masonry
831056,LEE COUNTY,Masonry
692184,HIGHLANDS COUNTY,Wood
679776,HIGHLANDS COUNTY,Masonry
156473,HIGHLANDS COUNTY,Wood
439180,HIGHLANDS COUNTY,Wood
263288,HIGHLANDS COUNTY,Wood
194415,HIGHLANDS COUNTY,Wood
290831,LEE COUNTY,Reinforced Masonry
410893,LEE COUNTY,Masonry
511612,LEE COUNTY,Reinforced Masonry
733350,LEE COUNTY,Reinforced Masonry
312797,LEE COUNTY,Reinforced Masonry
887653,LEE COUNTY,Masonry
507700,LEE COUNTY,Reinforced Concrete
852962,LEE COUNTY,Wood
331476,LEE COUNTY,Masonry
462591,LEE COUNTY,Reinforced Masonry
906898,LEE COUNTY,Wood
607089,LEE COUNTY,Masonry
859056,LEE COUNTY,Masonry
385149,LEE COUNTY,Wood
143880,LEE COUNTY,Wood
862353,LEE COUNTY,Masonry
342004,LEE COUNTY,Wood
872700,LEE COUNTY,Wood
812836,LEE COUNTY,Wood
120046,LEE COUNTY,Masonry
326503,LEE COUNTY,Reinforced Masonry
559949,LEE COUNTY,Masonry
336448,LEE COUNTY,Reinforced Masonry
146704,LEE COUNTY,Masonry
824568,LEE COUNTY,Wood
182259,LEE COUNTY,Wood
506744,LEE COUNTY,Masonry
599972,CHARLOTTE COUNTY,Wood
688850,CHARLOTTE COUNTY,Wood
535301,CHARLOTTE COUNTY,Masonry
509924,CHARLOTTE COUNTY,Masonry
394911,CHARLOTTE COUNTY,Reinforced Concrete
606626,CHARLOTTE COUNTY,Wood
906520,CHARLOTTE COUNTY,Wood
895514,CHARLOTTE COUNTY,Masonry
247747,CHARLOTTE COUNTY,Masonry
519621,CHARLOTTE COUNTY,Wood
633468,CHARLOTTE COUNTY,Wood
329436,CHARLOTTE COUNTY,Wood
941241,CHARLOTTE COUNTY,Wood
773330,CHARLOTTE COUNTY,Wood
906130,CHARLOTTE COUNTY,Wood
881759,CHARLOTTE COUNTY,Wood
896760,CHARLOTTE COUNTY,Wood
388694,CHARLOTTE COUNTY,Wood
208471,CHARLOTTE COUNTY,Wood
446527,CHARLOTTE COUNTY,Wood
258270,CHARLOTTE COUNTY,Reinforced Concrete
262097,CHARLOTTE COUNTY,Wood
526675,CHARLOTTE COUNTY,Wood
197513,CHARLOTTE COUNTY,Wood
469941,CHARLOTTE COUNTY,Reinforced Masonry
407571,CHARLOTTE COUNTY,Wood
669181,CHARLOTTE COUNTY,Wood
614491,CHARLOTTE COUNTY,Wood
885505,CHARLOTTE COUNTY,Wood
666412,CHARLOTTE COUNTY,Masonry
245504,CHARLOTTE COUNTY,Wood
620506,CHARLOTTE COUNTY,Masonry
651577,CHARLOTTE COUNTY,Wood
456531,CHARLOTTE COUNTY,Masonry
129887,CHARLOTTE COUNTY,Reinforced Masonry
491699,CHARLOTTE COUNTY,Wood
149223,CHARLOTTE COUNTY,Wood
447285,CHARLOTTE COUNTY,Wood
337009,CHARLOTTE COUNTY,Reinforced Concrete
536312,CHARLOTTE COUNTY,Wood
419682,CHARLOTTE COUNTY,Wood
177996,CHARLOTTE COUNTY,Wood
988722,CHARLOTTE COUNTY,Wood
975496,CHARLOTTE COUNTY,Wood
729394,CHARLOTTE COUNTY,Wood
728487,CHARLOTTE COUNTY,Reinforced Masonry
723502,CHARLOTTE COUNTY,Reinforced Masonry
792640,CHARLOTTE COUNTY,Masonry
250140,CHARLOTTE COUNTY,Wood
577273,CHARLOTTE COUNTY,Wood
682175,CHARLOTTE COUNTY,Wood
897606,CHARLOTTE COUNTY,Masonry
852965,CHARLOTTE COUNTY,Wood
947736,CHARLOTTE COUNTY,Masonry
895322,CHARLOTTE COUNTY,Wood
615799,CHARLOTTE COUNTY,Wood
674208,CHARLOTTE COUNTY,Masonry
179674,CHARLOTTE COUNTY,Wood
962223,CHARLOTTE COUNTY,Wood
185750,CHARLOTTE COUNTY,Masonry
659767,CHARLOTTE COUNTY,Wood
389273,CHARLOTTE COUNTY,Masonry
622870,CHARLOTTE COUNTY,Wood
561858,CHARLOTTE COUNTY,Wood
645599,CHARLOTTE COUNTY,Reinforced Masonry
920733,CHARLOTTE COUNTY,Masonry
254620,CHARLOTTE COUNTY,Wood
212060,CHARLOTTE COUNTY,Masonry
769280,CHARLOTTE COUNTY,Reinforced Masonry
237633,CHARLOTTE COUNTY,Wood
559601,CHARLOTTE COUNTY,Wood
965315,CHARLOTTE COUNTY,Wood
864112,CHARLOTTE COUNTY,Wood
254091,CHARLOTTE COUNTY,Masonry
379901,CHARLOTTE COUNTY,Masonry
386149,CHARLOTTE COUNTY,Masonry
840911,CHARLOTTE COUNTY,Masonry
207418,CHARLOTTE COUNTY,Masonry
484915,CHARLOTTE COUNTY,Masonry
428224,CHARLOTTE COUNTY,Wood
562812,CHARLOTTE COUNTY,Masonry
500186,CHARLOTTE COUNTY,Wood
727034,CHARLOTTE COUNTY,Masonry
590938,CHARLOTTE COUNTY,Reinforced Masonry
835350,CHARLOTTE COUNTY,Wood
223398,CHARLOTTE COUNTY,Wood
483310,CHARLOTTE COUNTY,Wood
307898,CHARLOTTE COUNTY,Wood
865749,CHARLOTTE COUNTY,Masonry
808522,CHARLOTTE COUNTY,Wood
434104,CHARLOTTE COUNTY,Wood
664334,CHARLOTTE COUNTY,Wood
117731,CHARLOTTE COUNTY,Wood
192073,CHARLOTTE COUNTY,Wood
115192,CHARLOTTE COUNTY,Wood
992733,CHARLOTTE COUNTY,Reinforced Masonry
380879,CHARLOTTE COUNTY,Reinforced Masonry
384536,CHARLOTTE COUNTY,Masonry
715203,CHARLOTTE COUNTY,Reinforced Masonry
612203,CHARLOTTE COUNTY,Reinforced Masonry
974639,CHARLOTTE COUNTY,Wood
637090,LEE COUNTY,Reinforced Masonry
996628,LEE COUNTY,Reinforced Masonry
300259,LEE COUNTY,Masonry
377592,LEE COUNTY,Wood
960709,LEE COUNTY,Wood
120926,LEE COUNTY,Reinforced Masonry
795524,LEE COUNTY,Masonry
460736,LEE COUNTY,Masonry
761128,LEE COUNTY,Wood
930681,LEE COUNTY,Wood
783037,LEE COUNTY,Wood
677989,LEE COUNTY,Masonry
609643,LEE COUNTY,Wood
463261,LEE COUNTY,Wood
288444,LEE COUNTY,Wood
157293,LEE COUNTY,Masonry
407763,LEE COUNTY,Wood
898901,LEE COUNTY,Wood
518564,LEE COUNTY,Masonry
588416,LEE COUNTY,Wood
885707,LEE COUNTY,Wood
871237,LEE COUNTY,Wood
403756,LEE COUNTY,Wood
331474,LEE COUNTY,Masonry
925187,LEE COUNTY,Reinforced Masonry
448311,LEE COUNTY,Wood
375535,LEE COUNTY,Reinforced Masonry
615258,LEE COUNTY,Masonry
572194,LEE COUNTY,Wood
551221,LEE COUNTY,Wood
250219,LEE COUNTY,Reinforced Masonry
601164,LEE COUNTY,Wood
312534,LEE COUNTY,Wood
832129,LEE COUNTY,Wood
136994,LEE COUNTY,Reinforced Concrete
109432,LEE COUNTY,Masonry
174531,LEE COUNTY,Masonry
597203,LEE COUNTY,Masonry
437811,LEE COUNTY,Masonry
821686,LEE COUNTY,Wood
991987,LEE COUNTY,Wood
733823,LEE COUNTY,Wood
361883,LEE COUNTY,Wood
958051,LEE COUNTY,Wood
955810,LEE COUNTY,Wood
555342,LEE COUNTY,Wood
351248,LEE COUNTY,Wood
391954,LEE COUNTY,Wood
913617,LEE COUNTY,Wood
403206,LEE COUNTY,Wood
676825,LEE COUNTY,Wood
663457,LEE COUNTY,Masonry
474404,LEE COUNTY,Wood
585099,LEE COUNTY,Wood
743867,LEE COUNTY,Wood
574249,LEE COUNTY,Wood
941884,LEE COUNTY,Wood
219725,LEE COUNTY,Wood
117813,LEE COUNTY,Wood
876410,LEE COUNTY,Masonry
849302,LEE COUNTY,Wood
173117,LEE COUNTY,Wood
500849,LEE COUNTY,Masonry
889338,LEE COUNTY,Wood
987979,LEE COUNTY,Wood
345935,LEE COUNTY,Masonry
634827,LEE COUNTY,Wood
302418,LEE COUNTY,Masonry
308806,LEE COUNTY,Wood
663257,LEE COUNTY,Wood
261506,LEE COUNTY,Wood
539998,LEE COUNTY,Reinforced Masonry
625089,LEE COUNTY,Wood
224601,LEE COUNTY,Wood
671526,LEE COUNTY,Wood
525225,LEE COUNTY,Wood
461396,COLLIER COUNTY,Wood
392186,COLLIER COUNTY,Wood
374346,COLLIER COUNTY,Wood
828327,COLLIER COUNTY,Wood
317679,COLLIER COUNTY,Wood
297944,COLLIER COUNTY,Wood
441963,COLLIER COUNTY,Wood
650254,COLLIER COUNTY,Wood
216865,COLLIER COUNTY,Wood
984153,COLLIER COUNTY,Wood
336368,COLLIER COUNTY,Wood
978649,COLLIER COUNTY,Wood
185506,COLLIER COUNTY,Wood
431207,COLLIER COUNTY,Wood
454836,COLLIER COUNTY,Masonry
675749,COLLIER COUNTY,Reinforced Masonry
283562,COLLIER COUNTY,Wood
935172,COLLIER COUNTY,Masonry
850438,COLLIER COUNTY,Reinforced Masonry
990085,COLLIER COUNTY,Masonry
506206,COLLIER COUNTY,Masonry
230394,COLLIER COUNTY,Wood
157294,COLLIER COUNTY,Reinforced Masonry
726686,COLLIER COUNTY,Wood
724583,COLLIER COUNTY,Wood
428342,COLLIER COUNTY,Wood
460543,COLLIER COUNTY,Wood
258949,COLLIER COUNTY,Wood
146746,COLLIER COUNTY,Wood
848682,COLLIER COUNTY,Reinforced Masonry
414761,COLLIER COUNTY,Reinforced Masonry
537156,COLLIER COUNTY,Wood
667723,COLLIER COUNTY,Wood
256031,COLLIER COUNTY,Wood
365795,COLLIER COUNTY,Wood
202610,COLLIER COUNTY,Wood
438187,COLLIER COUNTY,Masonry
571899,COLLIER COUNTY,Masonry
637633,COLLIER COUNTY,Masonry
785466,COLLIER COUNTY,Wood
616881,COLLIER COUNTY,Wood
830432,COLLIER COUNTY,Wood
471067,COLLIER COUNTY,Wood
639225,COLLIER COUNTY,Masonry
897392,COLLIER COUNTY,Masonry
701592,COLLIER COUNTY,Masonry
335511,COLLIER COUNTY,Wood
648604,COLLIER COUNTY,Wood
618407,COLLIER COUNTY,Masonry
811360,COLLIER COUNTY,Masonry
815203,COLLIER COUNTY,Reinforced Masonry
344542,COLLIER COUNTY,Masonry
274606,COLLIER COUNTY,Masonry
704462,COLLIER COUNTY,Wood
945301,COLLIER COUNTY,Masonry
482243,COLLIER COUNTY,Reinforced Masonry
319361,COLLIER COUNTY,Reinforced Masonry
441065,COLLIER COUNTY,Reinforced Masonry
692763,COLLIER COUNTY,Wood
314751,COLLIER COUNTY,Reinforced Concrete
555244,COLLIER COUNTY,Masonry
448019,COLLIER COUNTY,Masonry
325631,COLLIER COUNTY,Reinforced Masonry
541681,COLLIER COUNTY,Wood
855966,COLLIER COUNTY,Wood
414302,COLLIER COUNTY,Wood
510317,COLLIER COUNTY,Reinforced Masonry
126688,COLLIER COUNTY,Wood
749322,COLLIER COUNTY,Wood
382651,COLLIER COUNTY,Wood
819871,COLLIER COUNTY,Reinforced Concrete
158877,COLLIER COUNTY,Reinforced Masonry
621787,COLLIER COUNTY,Wood
641499,COLLIER COUNTY,Reinforced Masonry
734926,COLLIER COUNTY,Reinforced Masonry
174460,COLLIER COUNTY,Masonry
290895,COLLIER COUNTY,Wood
731582,COLLIER COUNTY,Reinforced Masonry
448252,COLLIER COUNTY,Masonry
134340,COLLIER COUNTY,Reinforced Masonry
950153,COLLIER COUNTY,Reinforced Masonry
794011,COLLIER COUNTY,Wood
854514,COLLIER COUNTY,Masonry
500355,COLLIER COUNTY,Wood
360529,COLLIER COUNTY,Reinforced Masonry
762447,COLLIER COUNTY,Masonry
713462,COLLIER COUNTY,Wood
514090,COLLIER COUNTY,Wood
833547,COLLIER COUNTY,Wood
699834,COLLIER COUNTY,Masonry
278626,COLLIER COUNTY,Wood
961751,COLLIER COUNTY,Wood
703546,COLLIER COUNTY,Wood
758987,COLLIER COUNTY,Wood
512999,COLLIER COUNTY,Wood
144492,COLLIER COUNTY,Wood
710503,COLLIER COUNTY,Wood
248509,COLLIER COUNTY,Wood
177557,COLLIER COUNTY,Wood
571588,COLLIER COUNTY,Wood
963397,COLLIER COUNTY,Reinforced Masonry
854973,COLLIER COUNTY,Masonry
837336,COLLIER COUNTY,Wood
113533,COLLIER COUNTY,Wood
598191,COLLIER COUNTY,Wood
679295,COLLIER COUNTY,Wood
831568,COLLIER COUNTY,Wood
902327,COLLIER COUNTY,Wood
509521,COLLIER COUNTY,Wood
334958,COLLIER COUNTY,Wood
472474,COLLIER COUNTY,Wood
868473,COLLIER COUNTY,Wood
446292,COLLIER COUNTY,Wood
983588,COLLIER COUNTY,Wood
612234,COLLIER COUNTY,Wood
457340,COLLIER COUNTY,Wood
218782,COLLIER COUNTY,Wood
313713,COLLIER COUNTY,Wood
413882,COLLIER COUNTY,Wood
415139,COLLIER COUNTY,Wood
370557,COLLIER COUNTY,Wood
249332,COLLIER COUNTY,Wood
219772,COLLIER COUNTY,Wood
769518,COLLIER COUNTY,Wood
737824,COLLIER COUNTY,Wood
818920,COLLIER COUNTY,Masonry
305411,COLLIER COUNTY,Wood
716010,COLLIER COUNTY,Wood
208226,COLLIER COUNTY,Masonry
231822,COLLIER COUNTY,Masonry
393438,COLLIER COUNTY,Wood
833019,COLLIER COUNTY,Wood
277218,COLLIER COUNTY,Masonry
276409,COLLIER COUNTY,Masonry
422263,COLLIER COUNTY,Masonry
449842,COLLIER COUNTY,Masonry
904230,COLLIER COUNTY,Masonry
702553,COLLIER COUNTY,Masonry
670056,COLLIER COUNTY,Masonry
933280,COLLIER COUNTY,Wood
163226,COLLIER COUNTY,Wood
611694,COLLIER COUNTY,Reinforced Masonry
385421,COLLIER COUNTY,Masonry
124528,COLLIER COUNTY,Masonry
483125,COLLIER COUNTY,Wood
806037,COLLIER COUNTY,Masonry
650808,COLLIER COUNTY,Masonry
743478,COLLIER COUNTY,Reinforced Concrete
898595,COLLIER COUNTY,Reinforced Concrete
813505,COLLIER COUNTY,Masonry
410285,COLLIER COUNTY,Wood
512872,COLLIER COUNTY,Wood
472121,COLLIER COUNTY,Masonry
594397,COLLIER COUNTY,Wood
293967,COLLIER COUNTY,Wood
852254,COLLIER COUNTY,Masonry
400085,COLLIER COUNTY,Reinforced Concrete
592705,COLLIER COUNTY,Reinforced Concrete
131197,COLLIER COUNTY,Masonry
336067,COLLIER COUNTY,Masonry
207043,COLLIER COUNTY,Masonry
317367,COLLIER COUNTY,Wood
398729,COLLIER COUNTY,Wood
686775,COLLIER COUNTY,Wood
256099,COLLIER COUNTY,Reinforced Concrete
403426,COLLIER COUNTY,Reinforced Masonry
285118,COLLIER COUNTY,Masonry
200935,COLLIER COUNTY,Masonry
713727,COLLIER COUNTY,Wood
602185,COLLIER COUNTY,Wood
955513,COLLIER COUNTY,Reinforced Masonry
853911,COLLIER COUNTY,Masonry
570776,COLLIER COUNTY,Wood
108609,COLLIER COUNTY,Wood
391284,COLLIER COUNTY,Masonry
231932,COLLIER COUNTY,Reinforced Concrete
832996,COLLIER COUNTY,Reinforced Concrete
143206,COLLIER COUNTY,Reinforced Concrete
990302,COLLIER COUNTY,Reinforced Masonry
796984,COLLIER COUNTY,Reinforced Masonry
391644,COLLIER COUNTY,Reinforced Masonry
924090,COLLIER COUNTY,Wood
429924,COLLIER COUNTY,Wood
374745,COLLIER COUNTY,Wood
753522,COLLIER COUNTY,Wood
748789,COLLIER COUNTY,Masonry
258247,COLLIER COUNTY,Reinforced Masonry
214675,COLLIER COUNTY,Wood
445686,COLLIER COUNTY,Wood
955637,COLLIER COUNTY,Masonry
924038,COLLIER COUNTY,Reinforced Masonry
632788,COLLIER COUNTY,Wood
857662,COLLIER COUNTY,Wood
717134,COLLIER COUNTY,Reinforced Concrete
256949,COLLIER COUNTY,Reinforced Masonry
503101,COLLIER COUNTY,Masonry
472179,COLLIER COUNTY,Wood
872705,COLLIER COUNTY,Wood
925827,COLLIER COUNTY,Wood
791566,COLLIER COUNTY,Reinforced Masonry
592819,COLLIER COUNTY,Masonry
837072,COLLIER COUNTY,Reinforced Masonry
933383,COLLIER COUNTY,Masonry
479943,COLLIER COUNTY,Reinforced Concrete
109207,COLLIER COUNTY,Reinforced Masonry
638731,COLLIER COUNTY,Reinforced Concrete
986003,COLLIER COUNTY,Reinforced Masonry
482572,COLLIER COUNTY,Steel Frame
404571,COLLIER COUNTY,Reinforced Masonry
248672,COLLIER COUNTY,Wood
102550,COLLIER COUNTY,Wood
938413,COLLIER COUNTY,Wood
867691,COLLIER COUNTY,Wood
733520,COLLIER COUNTY,Reinforced Masonry
215950,COLLIER COUNTY,Masonry
490250,COLLIER COUNTY,Wood
551570,COLLIER COUNTY,Wood
215135,COLLIER COUNTY,Masonry
907588,COLLIER COUNTY,Wood
541103,COLLIER COUNTY,Wood
209392,COLLIER COUNTY,Wood
494210,COLLIER COUNTY,Reinforced Concrete
399071,COLLIER COUNTY,Masonry
228453,COLLIER COUNTY,Steel Frame
635548,COLLIER COUNTY,Masonry
360988,COLLIER COUNTY,Reinforced Masonry
610572,COLLIER COUNTY,Reinforced Masonry
995816,COLLIER COUNTY,Masonry
849385,COLLIER COUNTY,Reinforced Masonry
526133,COLLIER COUNTY,Wood
446585,COLLIER COUNTY,Wood
794281,COLLIER COUNTY,Wood
628082,COLLIER COUNTY,Wood
686105,COLLIER COUNTY,Wood
969964,COLLIER COUNTY,Masonry
521929,COLLIER COUNTY,Wood
486884,COLLIER COUNTY,Reinforced Concrete
758338,COLLIER COUNTY,Masonry
683577,COLLIER COUNTY,Wood
920051,COLLIER COUNTY,Wood
139498,COLLIER COUNTY,Wood
581406,COLLIER COUNTY,Wood
613033,COLLIER COUNTY,Wood
848970,COLLIER COUNTY,Wood
199346,COLLIER COUNTY,Wood
266340,COLLIER COUNTY,Wood
787779,COLLIER COUNTY,Wood
960887,COLLIER COUNTY,Wood
381028,COLLIER COUNTY,Wood
253897,COLLIER COUNTY,Wood
622391,COLLIER COUNTY,Wood
297165,COLLIER COUNTY,Wood
728788,COLLIER COUNTY,Wood
705237,COLLIER COUNTY,Wood
501192,COLLIER COUNTY,Wood
162991,COLLIER COUNTY,Wood
300147,COLLIER COUNTY,Wood
611901,COLLIER COUNTY,Reinforced Masonry
410909,COLLIER COUNTY,Wood
750165,COLLIER COUNTY,Wood
557404,COLLIER COUNTY,Masonry
228133,COLLIER COUNTY,Reinforced Masonry
395310,COLLIER COUNTY,Masonry
283963,COLLIER COUNTY,Wood
562002,COLLIER COUNTY,Masonry
361034,COLLIER COUNTY,Masonry
812752,COLLIER COUNTY,Reinforced Masonry
691661,COLLIER COUNTY,Masonry
610174,COLLIER COUNTY,Wood
572938,COLLIER COUNTY,Wood
570978,COLLIER COUNTY,Reinforced Masonry
410260,COLLIER COUNTY,Reinforced Masonry
894123,COLLIER COUNTY,Masonry
994398,COLLIER COUNTY,Wood
497557,COLLIER COUNTY,Wood
864576,COLLIER COUNTY,Reinforced Masonry
491662,COLLIER COUNTY,Wood
793634,COLLIER COUNTY,Wood
406856,COLLIER COUNTY,Reinforced Masonry
174870,COLLIER COUNTY,Wood
107080,COLLIER COUNTY,Masonry
309282,COLLIER COUNTY,Wood
814575,COLLIER COUNTY,Masonry
860833,COLLIER COUNTY,Reinforced Masonry
420669,COLLIER COUNTY,Reinforced Concrete
388947,COLLIER COUNTY,Reinforced Concrete
323294,COLLIER COUNTY,Wood
619103,COLLIER COUNTY,Masonry
736319,COLLIER COUNTY,Wood
266555,COLLIER COUNTY,Masonry
916575,COLLIER COUNTY,Masonry
416703,COLLIER COUNTY,Reinforced Masonry
797209,COLLIER COUNTY,Reinforced Masonry
748176,COLLIER COUNTY,Reinforced Masonry
100609,COLLIER COUNTY,Reinforced Masonry
294231,COLLIER COUNTY,Reinforced Masonry
120265,COLLIER COUNTY,Masonry
702227,COLLIER COUNTY,Reinforced Masonry
546822,COLLIER COUNTY,Reinforced Masonry
637178,COLLIER COUNTY,Masonry
188817,COLLIER COUNTY,Reinforced Masonry
489013,COLLIER COUNTY,Masonry
972706,COLLIER COUNTY,Wood
810616,COLLIER COUNTY,Masonry
910713,COLLIER COUNTY,Wood
772012,COLLIER COUNTY,Reinforced Masonry
964423,COLLIER COUNTY,Wood
187720,COLLIER COUNTY,Masonry
819224,COLLIER COUNTY,Wood
707445,COLLIER COUNTY,Wood
187546,COLLIER COUNTY,Wood
724785,COLLIER COUNTY,Wood
172793,COLLIER COUNTY,Masonry
579152,COLLIER COUNTY,Reinforced Masonry
290050,COLLIER COUNTY,Reinforced Masonry
272182,COLLIER COUNTY,Reinforced Masonry
212126,COLLIER COUNTY,Reinforced Masonry
716311,COLLIER COUNTY,Reinforced Masonry
785145,COLLIER COUNTY,Masonry
972994,COLLIER COUNTY,Masonry
157768,COLLIER COUNTY,Masonry
457457,COLLIER COUNTY,Masonry
548764,COLLIER COUNTY,Steel Frame
873512,COLLIER COUNTY,Masonry
453166,COLLIER COUNTY,Masonry
100433,COLLIER COUNTY,Masonry
108999,COLLIER COUNTY,Wood
655733,COLLIER COUNTY,Wood
418879,COLLIER COUNTY,Reinforced Masonry
535113,COLLIER COUNTY,Masonry
331344,COLLIER COUNTY,Masonry
215526,COLLIER COUNTY,Wood
946485,COLLIER COUNTY,Masonry
738267,COLLIER COUNTY,Reinforced Masonry
605552,COLLIER COUNTY,Reinforced Concrete
684350,COLLIER COUNTY,Masonry
832773,COLLIER COUNTY,Wood
727962,COLLIER COUNTY,Wood
527794,COLLIER COUNTY,Wood
892717,COLLIER COUNTY,Wood
591915,COLLIER COUNTY,Wood
535728,COLLIER COUNTY,Wood
823826,COLLIER COUNTY,Wood
896363,COLLIER COUNTY,Wood
977863,COLLIER COUNTY,Wood
381386,COLLIER COUNTY,Wood
226103,COLLIER COUNTY,Wood
801021,COLLIER COUNTY,Wood
670120,COLLIER COUNTY,Wood
294073,COLLIER COUNTY,Wood
681102,COLLIER COUNTY,Reinforced Concrete
694192,COLLIER COUNTY,Wood
808580,COLLIER COUNTY,Reinforced Masonry
756398,COLLIER COUNTY,Wood
839107,COLLIER COUNTY,Masonry
257098,COLLIER COUNTY,Wood
571679,COLLIER COUNTY,Wood
986129,COLLIER COUNTY,Wood
116151,COLLIER COUNTY,Wood
247624,COLLIER COUNTY,Wood
829812,COLLIER COUNTY,Wood
845004,COLLIER COUNTY,Wood
530439,COLLIER COUNTY,Wood
651721,COLLIER COUNTY,Wood
175306,COLLIER COUNTY,Masonry
282576,COLLIER COUNTY,Wood
524142,COLLIER COUNTY,Wood
637472,COLLIER COUNTY,Masonry
753681,COLLIER COUNTY,Masonry
942818,COLLIER COUNTY,Wood
593829,COLLIER COUNTY,Wood
887279,COLLIER COUNTY,Masonry
390542,COLLIER COUNTY,Wood
339178,COLLIER COUNTY,Wood
255826,COLLIER COUNTY,Wood
762235,COLLIER COUNTY,Wood
167829,COLLIER COUNTY,Wood
934686,COLLIER COUNTY,Masonry
391160,COLLIER COUNTY,Wood
957975,COLLIER COUNTY,Masonry
710026,COLLIER COUNTY,Masonry
168979,COLLIER COUNTY,Reinforced Masonry
673118,COLLIER COUNTY,Reinforced Masonry
832089,COLLIER COUNTY,Masonry
472793,COLLIER COUNTY,Reinforced Concrete
596117,COLLIER COUNTY,Wood
882198,COLLIER COUNTY,Masonry
796216,COLLIER COUNTY,Wood
766436,COLLIER COUNTY,Wood
970760,COLLIER COUNTY,Wood
171503,COLLIER COUNTY,Masonry
855366,COLLIER COUNTY,Wood
774110,COLLIER COUNTY,Wood
905162,COLLIER COUNTY,Wood
624627,COLLIER COUNTY,Wood
390460,COLLIER COUNTY,Wood
714717,COLLIER COUNTY,Wood
107103,COLLIER COUNTY,Wood
317693,COLLIER COUNTY,Reinforced Masonry
242500,COLLIER COUNTY,Masonry
623035,COLLIER COUNTY,Masonry
695986,COLLIER COUNTY,Masonry
210032,COLLIER COUNTY,Masonry
768161,COLLIER COUNTY,Steel Frame
802256,COLLIER COUNTY,Reinforced Masonry
256966,COLLIER COUNTY,Wood
907070,COLLIER COUNTY,Wood
414911,COLLIER COUNTY,Wood
632026,COLLIER COUNTY,Wood
727554,COLLIER COUNTY,Wood
592219,COLLIER COUNTY,Wood
192167,COLLIER COUNTY,Wood
908780,COLLIER COUNTY,Wood
668641,COLLIER COUNTY,Wood
171332,COLLIER COUNTY,Masonry
209722,COLLIER COUNTY,Masonry
636702,COLLIER COUNTY,Masonry
752227,COLLIER COUNTY,Reinforced Masonry
660422,COLLIER COUNTY,Masonry
729097,COLLIER COUNTY,Wood
459373,COLLIER COUNTY,Masonry
936174,COLLIER COUNTY,Wood
324339,COLLIER COUNTY,Reinforced Masonry
894000,COLLIER COUNTY,Reinforced Masonry
712793,COLLIER COUNTY,Masonry
974578,COLLIER COUNTY,Wood
585863,COLLIER COUNTY,Wood
246832,COLLIER COUNTY,Wood
721003,COLLIER COUNTY,Masonry
346095,COLLIER COUNTY,Reinforced Masonry
258763,COLLIER COUNTY,Wood
100208,COLLIER COUNTY,Reinforced Masonry
854942,COLLIER COUNTY,Masonry
255141,COLLIER COUNTY,Masonry
169563,COLLIER COUNTY,Masonry
431154,COLLIER COUNTY,Masonry
274328,COLLIER COUNTY,Reinforced Masonry
983809,COLLIER COUNTY,Masonry
826314,COLLIER COUNTY,Reinforced Masonry
313525,COLLIER COUNTY,Reinforced Masonry
450393,COLLIER COUNTY,Masonry
311613,COLLIER COUNTY,Masonry
456708,COLLIER COUNTY,Wood
831923,COLLIER COUNTY,Wood
957119,COLLIER COUNTY,Wood
966090,COLLIER COUNTY,Steel Frame
552443,COLLIER COUNTY,Reinforced Masonry
271297,COLLIER COUNTY,Reinforced Masonry
992272,COLLIER COUNTY,Wood
909144,COLLIER COUNTY,Masonry
399365,COLLIER COUNTY,Wood
120091,COLLIER COUNTY,Wood
309762,COLLIER COUNTY,Wood
505675,COLLIER COUNTY,Masonry
922835,COLLIER COUNTY,Wood
293762,COLLIER COUNTY,Masonry
519050,COLLIER COUNTY,Masonry
360577,COLLIER COUNTY,Wood
495769,COLLIER COUNTY,Wood
606244,COLLIER COUNTY,Wood
903530,COLLIER COUNTY,Wood
931143,COLLIER COUNTY,Wood
833587,COLLIER COUNTY,Wood
449078,COLLIER COUNTY,Wood
651461,COLLIER COUNTY,Wood
846918,COLLIER COUNTY,Masonry
587255,COLLIER COUNTY,Reinforced Masonry
350205,COLLIER COUNTY,Reinforced Masonry
294001,COLLIER COUNTY,Masonry
753263,COLLIER COUNTY,Reinforced Masonry
496244,COLLIER COUNTY,Reinforced Masonry
311354,COLLIER COUNTY,Reinforced Masonry
462527,COLLIER COUNTY,Reinforced Masonry
827067,COLLIER COUNTY,Masonry
903032,COLLIER COUNTY,Wood
167532,COLLIER COUNTY,Wood
653583,COLLIER COUNTY,Wood
554781,COLLIER COUNTY,Wood
848327,COLLIER COUNTY,Wood
647297,COLLIER COUNTY,Wood
918599,COLLIER COUNTY,Wood
593195,COLLIER COUNTY,Reinforced Masonry
344231,COLLIER COUNTY,Wood
266103,COLLIER COUNTY,Wood
252057,COLLIER COUNTY,Wood
779657,COLLIER COUNTY,Wood
784845,COLLIER COUNTY,Wood
549368,COLLIER COUNTY,Wood
192659,COLLIER COUNTY,Wood
331118,COLLIER COUNTY,Wood
765993,COLLIER COUNTY,Wood
367758,COLLIER COUNTY,Wood
855170,COLLIER COUNTY,Wood
934901,COLLIER COUNTY,Wood
109214,COLLIER COUNTY,Masonry
883950,COLLIER COUNTY,Wood
967690,COLLIER COUNTY,Masonry
219666,COLLIER COUNTY,Wood
901901,COLLIER COUNTY,Wood
165919,COLLIER COUNTY,Masonry
303092,COLLIER COUNTY,Wood
953163,COLLIER COUNTY,Wood
842234,COLLIER COUNTY,Wood
260732,COLLIER COUNTY,Wood
577330,COLLIER COUNTY,Wood
907548,COLLIER COUNTY,Wood
979827,COLLIER COUNTY,Wood
240400,COLLIER COUNTY,Wood
781884,COLLIER COUNTY,Wood
419899,COLLIER COUNTY,Masonry
500940,COLLIER COUNTY,Masonry
285254,COLLIER COUNTY,Wood
841062,COLLIER COUNTY,Reinforced Concrete
294680,COLLIER COUNTY,Wood
892798,COLLIER COUNTY,Masonry
682154,COLLIER COUNTY,Masonry
117299,COLLIER COUNTY,Masonry
503205,COLLIER COUNTY,Masonry
812448,COLLIER COUNTY,Masonry
840837,COLLIER COUNTY,Wood
834318,COLLIER COUNTY,Wood
995423,COLLIER COUNTY,Reinforced Masonry
834630,COLLIER COUNTY,Reinforced Concrete
906687,COLLIER COUNTY,Wood
994969,COLLIER COUNTY,Masonry
988854,COLLIER COUNTY,Reinforced Concrete
198110,COLLIER COUNTY,Masonry
416360,COLLIER COUNTY,Reinforced Concrete
950771,COLLIER COUNTY,Masonry
172372,COLLIER COUNTY,Masonry
738088,COLLIER COUNTY,Masonry
622843,COLLIER COUNTY,Masonry
947570,COLLIER COUNTY,Reinforced Masonry
318670,COLLIER COUNTY,Masonry
387513,COLLIER COUNTY,Masonry
716737,COLLIER COUNTY,Reinforced Masonry
742747,COLLIER COUNTY,Wood
410895,COLLIER COUNTY,Masonry
801704,COLLIER COUNTY,Wood
709066,COLLIER COUNTY,Wood
415891,COLLIER COUNTY,Masonry
412884,COLLIER COUNTY,Reinforced Concrete
335270,COLLIER COUNTY,Wood
106007,COLLIER COUNTY,Masonry
755280,COLLIER COUNTY,Masonry
363252,COLLIER COUNTY,Wood
696873,COLLIER COUNTY,Masonry
787297,COLLIER COUNTY,Wood
637048,COLLIER COUNTY,Wood
279353,COLLIER COUNTY,Wood
485961,COLLIER COUNTY,Wood
575911,COLLIER COUNTY,Wood
595457,COLLIER COUNTY,Wood
466530,COLLIER COUNTY,Wood
933695,COLLIER COUNTY,Reinforced Masonry
411019,COLLIER COUNTY,Masonry
921754,COLLIER COUNTY,Masonry
265641,COLLIER COUNTY,Masonry
669372,COLLIER COUNTY,Reinforced Concrete
441665,COLLIER COUNTY,Masonry
112240,COLLIER COUNTY,Masonry
379099,COLLIER COUNTY,Masonry
367314,COLLIER COUNTY,Wood
591037,COLLIER COUNTY,Wood
127527,COLLIER COUNTY,Wood
355693,COLLIER COUNTY,Wood
723889,COLLIER COUNTY,Wood
889448,COLLIER COUNTY,Wood
650113,COLLIER COUNTY,Wood
351221,COLLIER COUNTY,Wood
426035,COLLIER COUNTY,Reinforced Masonry
203626,COLLIER COUNTY,Wood
447726,COLLIER COUNTY,Wood
369555,COLLIER COUNTY,Wood
662256,COLLIER COUNTY,Masonry
347633,COLLIER COUNTY,Reinforced Masonry
558913,COLLIER COUNTY,Reinforced Masonry
918607,COLLIER COUNTY,Reinforced Masonry
233320,COLLIER COUNTY,Reinforced Masonry
116341,COLLIER COUNTY,Masonry
320746,COLLIER COUNTY,Masonry
121598,COLLIER COUNTY,Masonry
802616,COLLIER COUNTY,Masonry
437009,COLLIER COUNTY,Reinforced Masonry
909506,COLLIER COUNTY,Reinforced Masonry
875906,COLLIER COUNTY,Masonry
886354,COLLIER COUNTY,Reinforced Masonry
760247,COLLIER COUNTY,Masonry
945003,COLLIER COUNTY,Masonry
802442,COLLIER COUNTY,Masonry
538933,COLLIER COUNTY,Masonry
513208,COLLIER COUNTY,Wood
437428,COLLIER COUNTY,Wood
522918,COLLIER COUNTY,Reinforced Masonry
832370,COLLIER COUNTY,Reinforced Masonry
578138,COLLIER COUNTY,Reinforced Concrete
118568,COLLIER COUNTY,Masonry
197673,COLLIER COUNTY,Wood
100440,COLLIER COUNTY,Wood
427871,COLLIER COUNTY,Masonry
150340,COLLIER COUNTY,Masonry
578274,COLLIER COUNTY,Wood
538309,COLLIER COUNTY,Wood
107148,COLLIER COUNTY,Wood
695380,COLLIER COUNTY,Wood
763849,COLLIER COUNTY,Reinforced Masonry
683156,COLLIER COUNTY,Reinforced Masonry
356312,COLLIER COUNTY,Wood
543996,COLLIER COUNTY,Wood
997983,COLLIER COUNTY,Wood
455354,COLLIER COUNTY,Masonry
789102,COLLIER COUNTY,Masonry
321121,COLLIER COUNTY,Masonry
457990,COLLIER COUNTY,Masonry
679611,COLLIER COUNTY,Reinforced Masonry
950704,COLLIER COUNTY,Reinforced Masonry
858127,COLLIER COUNTY,Reinforced Masonry
700258,COLLIER COUNTY,Reinforced Masonry
567814,COLLIER COUNTY,Wood
312506,COLLIER COUNTY,Masonry
378635,COLLIER COUNTY,Reinforced Masonry
639021,COLLIER COUNTY,Masonry
257189,COLLIER COUNTY,Wood
198596,COLLIER COUNTY,Wood
166645,COLLIER COUNTY,Masonry
774196,COLLIER COUNTY,Masonry
508028,COLLIER COUNTY,Reinforced Masonry
104603,COLLIER COUNTY,Reinforced Concrete
935450,COLLIER COUNTY,Reinforced Masonry
299064,COLLIER COUNTY,Reinforced Masonry
752769,COLLIER COUNTY,Masonry
533613,COLLIER COUNTY,Masonry
833490,LEE COUNTY,Masonry
640729,LEE COUNTY,Wood
852460,LEE COUNTY,Reinforced Masonry
405835,LEE COUNTY,Wood
394475,LEE COUNTY,Masonry
588630,LEE COUNTY,Wood
992876,LEE COUNTY,Masonry
419459,LEE COUNTY,Reinforced Masonry
125562,LEE COUNTY,Masonry
106346,LEE COUNTY,Wood
804113,LEE COUNTY,Reinforced Masonry
417090,LEE COUNTY,Masonry
436920,LEE COUNTY,Reinforced Masonry
293713,LEE COUNTY,Reinforced Masonry
940155,LEE COUNTY,Masonry
139855,LEE COUNTY,Reinforced Concrete
931824,LEE COUNTY,Masonry
439363,LEE COUNTY,Wood
660503,LEE COUNTY,Wood
537520,LEE COUNTY,Wood
248821,LEE COUNTY,Wood
232150,LEE COUNTY,Wood
767664,LEE COUNTY,Wood
487401,LEE COUNTY,Wood
713363,LEE COUNTY,Wood
511082,LEE COUNTY,Reinforced Masonry
799058,LEE COUNTY,Reinforced Concrete
746689,LEE COUNTY,Masonry
109361,LEE COUNTY,Wood
230264,LEE COUNTY,Reinforced Masonry
934765,LEE COUNTY,Masonry
707911,LEE COUNTY,Wood
845008,LEE COUNTY,Wood
540032,LEE COUNTY,Masonry
659248,LEE COUNTY,Wood
572945,LEE COUNTY,Masonry
317475,LEE COUNTY,Wood
485247,LEE COUNTY,Wood
294486,LEE COUNTY,Wood
473667,LEE COUNTY,Masonry
119395,LEE COUNTY,Wood
231657,LEE COUNTY,Wood
494626,LEE COUNTY,Wood
468974,LEE COUNTY,Wood
562321,LEE COUNTY,Wood
369808,LEE COUNTY,Wood
931878,LEE COUNTY,Wood
166207,LEE COUNTY,Reinforced Masonry
970919,LEE COUNTY,Masonry
963607,LEE COUNTY,Masonry
963403,LEE COUNTY,Reinforced Masonry
602833,LEE COUNTY,Wood
456886,COLLIER COUNTY,Wood
483434,COLLIER COUNTY,Masonry
578711,COLLIER COUNTY,Masonry
215940,COLLIER COUNTY,Masonry
518978,COLLIER COUNTY,Wood
176563,COLLIER COUNTY,Wood
166631,COLLIER COUNTY,Wood
381529,COLLIER COUNTY,Wood
942522,COLLIER COUNTY,Wood
165647,COLLIER COUNTY,Masonry
212757,COLLIER COUNTY,Masonry
631849,COLLIER COUNTY,Reinforced Masonry
682413,COLLIER COUNTY,Wood
234466,COLLIER COUNTY,Wood
139688,COLLIER COUNTY,Masonry
328136,COLLIER COUNTY,Masonry
241594,COLLIER COUNTY,Masonry
992101,COLLIER COUNTY,Wood
947223,COLLIER COUNTY,Wood
993881,COLLIER COUNTY,Wood
269535,COLLIER COUNTY,Wood
782045,COLLIER COUNTY,Wood
350704,COLLIER COUNTY,Wood
950160,COLLIER COUNTY,Masonry
888667,COLLIER COUNTY,Wood
186327,COLLIER COUNTY,Wood
520125,COLLIER COUNTY,Wood
407260,COLLIER COUNTY,Wood
823776,COLLIER COUNTY,Wood
316433,COLLIER COUNTY,Reinforced Masonry
648569,COLLIER COUNTY,Masonry
770090,COLLIER COUNTY,Masonry
813314,COLLIER COUNTY,Masonry
876993,COLLIER COUNTY,Wood
312257,COLLIER COUNTY,Masonry
607808,COLLIER COUNTY,Wood
423118,COLLIER COUNTY,Reinforced Masonry
254752,COLLIER COUNTY,Reinforced Masonry
797965,COLLIER COUNTY,Reinforced Masonry
495152,COLLIER COUNTY,Wood
526857,COLLIER COUNTY,Wood
309406,COLLIER COUNTY,Reinforced Masonry
865195,COLLIER COUNTY,Wood
840454,COLLIER COUNTY,Wood
892579,COLLIER COUNTY,Wood
155604,COLLIER COUNTY,Wood
232417,COLLIER COUNTY,Reinforced Masonry
332846,COLLIER COUNTY,Wood
727865,COLLIER COUNTY,Wood
214188,COLLIER COUNTY,Masonry
869922,COLLIER COUNTY,Wood
282196,COLLIER COUNTY,Wood
328741,COLLIER COUNTY,Wood
895686,COLLIER COUNTY,Wood
594601,COLLIER COUNTY,Wood
480026,COLLIER COUNTY,Wood
448876,COLLIER COUNTY,Wood
487465,COLLIER COUNTY,Wood
826570,COLLIER COUNTY,Wood
311018,COLLIER COUNTY,Wood
335575,COLLIER COUNTY,Wood
822848,COLLIER COUNTY,Reinforced Masonry
576837,COLLIER COUNTY,Wood
861024,COLLIER COUNTY,Wood
265421,COLLIER COUNTY,Wood
361966,COLLIER COUNTY,Wood
337874,COLLIER COUNTY,Wood
317327,COLLIER COUNTY,Wood
514155,COLLIER COUNTY,Wood
201071,COLLIER COUNTY,Reinforced Masonry
700106,COLLIER COUNTY,Wood
671955,COLLIER COUNTY,Wood
709899,COLLIER COUNTY,Masonry
582026,COLLIER COUNTY,Masonry
624689,COLLIER COUNTY,Wood
544397,COLLIER COUNTY,Masonry
246213,COLLIER COUNTY,Wood
434847,COLLIER COUNTY,Wood
494327,COLLIER COUNTY,Wood
504538,COLLIER COUNTY,Wood
480358,COLLIER COUNTY,Wood
544127,COLLIER COUNTY,Reinforced Masonry
329821,COLLIER COUNTY,Reinforced Masonry
207439,COLLIER COUNTY,Reinforced Masonry
642743,COLLIER COUNTY,Reinforced Masonry
592595,COLLIER COUNTY,Wood
481035,COLLIER COUNTY,Masonry
445108,COLLIER COUNTY,Masonry
327071,COLLIER COUNTY,Wood
693399,COLLIER COUNTY,Wood
110078,COLLIER COUNTY,Masonry
845330,COLLIER COUNTY,Wood
567911,COLLIER COUNTY,Masonry
419738,COLLIER COUNTY,Masonry
267441,COLLIER COUNTY,Reinforced Masonry
258226,COLLIER COUNTY,Wood
289281,COLLIER COUNTY,Masonry
781239,COLLIER COUNTY,Wood
422605,COLLIER COUNTY,Masonry
356242,COLLIER COUNTY,Wood
768340,COLLIER COUNTY,Masonry
767406,COLLIER COUNTY,Wood
810585,COLLIER COUNTY,Reinforced Masonry
525212,COLLIER COUNTY,Wood
942407,COLLIER COUNTY,Masonry
773030,COLLIER COUNTY,Wood
447212,COLLIER COUNTY,Reinforced Masonry
221990,COLLIER COUNTY,Wood
408880,COLLIER COUNTY,Wood
919235,COLLIER COUNTY,Wood
866621,COLLIER COUNTY,Reinforced Masonry
275832,COLLIER COUNTY,Reinforced Masonry
159070,COLLIER COUNTY,Reinforced Masonry
733055,COLLIER COUNTY,Wood
896903,COLLIER COUNTY,Masonry
174141,COLLIER COUNTY,Wood
510596,COLLIER COUNTY,Wood
571656,COLLIER COUNTY,Wood
887754,COLLIER COUNTY,Wood
493610,COLLIER COUNTY,Wood
651224,COLLIER COUNTY,Wood
668750,COLLIER COUNTY,Wood
768919,COLLIER COUNTY,Wood
968901,COLLIER COUNTY,Wood
527340,COLLIER COUNTY,Wood
877866,COLLIER COUNTY,Wood
547177,COLLIER COUNTY,Wood
703095,COLLIER COUNTY,Wood
721664,COLLIER COUNTY,Wood
851838,COLLIER COUNTY,Wood
483555,COLLIER COUNTY,Wood
142514,COLLIER COUNTY,Wood
893255,COLLIER COUNTY,Masonry
427510,COLLIER COUNTY,Wood
931947,COLLIER COUNTY,Masonry
810276,COLLIER COUNTY,Masonry
903041,COLLIER COUNTY,Masonry
519813,COLLIER COUNTY,Masonry
744678,COLLIER COUNTY,Masonry
611412,COLLIER COUNTY,Reinforced Masonry
839379,COLLIER COUNTY,Wood
514364,COLLIER COUNTY,Wood
938368,COLLIER COUNTY,Wood
920092,COLLIER COUNTY,Wood
844414,COLLIER COUNTY,Wood
188320,COLLIER COUNTY,Masonry
761092,COLLIER COUNTY,Masonry
529177,COLLIER COUNTY,Masonry
789974,COLLIER COUNTY,Reinforced Masonry
991801,COLLIER COUNTY,Reinforced Masonry
951820,COLLIER COUNTY,Wood
668779,COLLIER COUNTY,Masonry
889476,COLLIER COUNTY,Reinforced Masonry
383993,COLLIER COUNTY,Masonry
341842,COLLIER COUNTY,Masonry
411777,MANATEE COUNTY,Reinforced Concrete
513887,MANATEE COUNTY,Reinforced Concrete
773890,MANATEE COUNTY,Wood
548342,MANATEE COUNTY,Masonry
284060,MANATEE COUNTY,Wood
288301,MANATEE COUNTY,Reinforced Masonry
273041,MANATEE COUNTY,Reinforced Masonry
267846,MANATEE COUNTY,Wood
601761,MANATEE COUNTY,Wood
299458,MANATEE COUNTY,Wood
543927,MANATEE COUNTY,Wood
668423,MANATEE COUNTY,Wood
341318,MANATEE COUNTY,Wood
110414,MANATEE COUNTY,Masonry
164367,MANATEE COUNTY,Wood
662712,MANATEE COUNTY,Wood
277691,MANATEE COUNTY,Wood
386139,MANATEE COUNTY,Wood
743053,MANATEE COUNTY,Masonry
738442,MANATEE COUNTY,Wood
578368,MANATEE COUNTY,Wood
538221,MANATEE COUNTY,Wood
201918,MANATEE COUNTY,Wood
559110,MANATEE COUNTY,Wood
342589,MANATEE COUNTY,Wood
261011,MANATEE COUNTY,Wood
594225,MANATEE COUNTY,Wood
466433,MANATEE COUNTY,Masonry
676988,MANATEE COUNTY,Wood
486394,MANATEE COUNTY,Masonry
299689,MANATEE COUNTY,Masonry
599840,MANATEE COUNTY,Masonry
310033,MANATEE COUNTY,Masonry
574525,MANATEE COUNTY,Reinforced Masonry
614381,MANATEE COUNTY,Reinforced Masonry
450071,MANATEE COUNTY,Masonry
240325,MANATEE COUNTY,Reinforced Masonry
815975,MANATEE COUNTY,Masonry
517193,MANATEE COUNTY,Wood
143424,MANATEE COUNTY,Wood
852715,MANATEE COUNTY,Wood
499142,MANATEE COUNTY,Masonry
205357,MANATEE COUNTY,Masonry
433222,MANATEE COUNTY,Reinforced Masonry
508284,MANATEE COUNTY,Wood
280537,MANATEE COUNTY,Masonry
301204,MANATEE COUNTY,Reinforced Concrete
761863,MANATEE COUNTY,Masonry
419900,MANATEE COUNTY,Wood
729316,MANATEE COUNTY,Masonry
182576,MANATEE COUNTY,Masonry
251079,MANATEE COUNTY,Reinforced Masonry
971144,MANATEE COUNTY,Wood
324480,MANATEE COUNTY,Wood
120196,MANATEE COUNTY,Wood
381873,MANATEE COUNTY,Masonry
937800,MANATEE COUNTY,Reinforced Masonry
619353,MANATEE COUNTY,Masonry
816057,MANATEE COUNTY,Wood
692043,MANATEE COUNTY,Wood
107879,MANATEE COUNTY,Wood
736311,MANATEE COUNTY,Wood
331126,MANATEE COUNTY,Reinforced Masonry
895359,MANATEE COUNTY,Masonry
143438,MANATEE COUNTY,Wood
631608,MANATEE COUNTY,Steel Frame
417785,MANATEE COUNTY,Masonry
229070,MANATEE COUNTY,Wood
892988,MANATEE COUNTY,Masonry
740023,MANATEE COUNTY,Wood
191732,MANATEE COUNTY,Masonry
556747,MANATEE COUNTY,Masonry
648523,MANATEE COUNTY,Wood
907738,MANATEE COUNTY,Wood
786487,MANATEE COUNTY,Masonry
541389,MANATEE COUNTY,Wood
610959,MANATEE COUNTY,Wood
537524,MANATEE COUNTY,Reinforced Masonry
159343,MANATEE COUNTY,Reinforced Concrete
274043,MANATEE COUNTY,Reinforced Masonry
182896,MANATEE COUNTY,Reinforced Masonry
155562,MANATEE COUNTY,Reinforced Masonry
404324,MANATEE COUNTY,Masonry
925836,MANATEE COUNTY,Masonry
297694,MANATEE COUNTY,Reinforced Concrete
547053,MANATEE COUNTY,Reinforced Masonry
238475,MANATEE COUNTY,Reinforced Masonry
194775,MANATEE COUNTY,Wood
589609,MANATEE COUNTY,Wood
685718,MANATEE COUNTY,Masonry
169062,MANATEE COUNTY,Masonry
547903,MANATEE COUNTY,Wood
782814,MANATEE COUNTY,Reinforced Concrete
118173,MANATEE COUNTY,Masonry
952825,MANATEE COUNTY,Reinforced Masonry
542511,MANATEE COUNTY,Reinforced Masonry
571707,MANATEE COUNTY,Wood
444638,MANATEE COUNTY,Masonry
462983,MANATEE COUNTY,Wood
618685,MANATEE COUNTY,Reinforced Concrete
973690,MANATEE COUNTY,Wood
550391,MANATEE COUNTY,Masonry
356004,MANATEE COUNTY,Masonry
944440,MANATEE COUNTY,Wood
460133,MANATEE COUNTY,Wood
891058,MANATEE COUNTY,Reinforced Concrete
911137,MANATEE COUNTY,Masonry
983564,MANATEE COUNTY,Reinforced Concrete
731540,MANATEE COUNTY,Wood
448477,MANATEE COUNTY,Wood
937897,MANATEE COUNTY,Wood
139275,MANATEE COUNTY,Wood
766636,MANATEE COUNTY,Wood
569384,MANATEE COUNTY,Wood
708466,MANATEE COUNTY,Wood
208404,MANATEE COUNTY,Wood
304722,MANATEE COUNTY,Masonry
676382,MANATEE COUNTY,Masonry
149581,MANATEE COUNTY,Wood
610934,MANATEE COUNTY,Wood
579721,MANATEE COUNTY,Reinforced Concrete
885315,MANATEE COUNTY,Masonry
200768,MANATEE COUNTY,Masonry
477391,MANATEE COUNTY,Wood
101807,MANATEE COUNTY,Wood
297418,MANATEE COUNTY,Wood
768243,MANATEE COUNTY,Masonry
565777,MANATEE COUNTY,Masonry
510018,MANATEE COUNTY,Wood
459150,MANATEE COUNTY,Reinforced Masonry
831138,MANATEE COUNTY,Reinforced Masonry
259106,MANATEE COUNTY,Reinforced Masonry
618268,MANATEE COUNTY,Wood
298022,MANATEE COUNTY,Wood
511855,MANATEE COUNTY,Masonry
113372,MANATEE COUNTY,Reinforced Masonry
542474,MANATEE COUNTY,Reinforced Masonry
785983,MANATEE COUNTY,Reinforced Masonry
416057,MANATEE COUNTY,Wood
533605,MANATEE COUNTY,Wood
706656,MANATEE COUNTY,Wood
580732,MANATEE COUNTY,Wood
567742,MANATEE COUNTY,Wood
381016,MANATEE COUNTY,Masonry
950032,MANATEE COUNTY,Reinforced Masonry
734623,MANATEE COUNTY,Masonry
859860,MANATEE COUNTY,Reinforced Concrete
790901,MANATEE COUNTY,Reinforced Masonry
325912,MANATEE COUNTY,Wood
581156,MANATEE COUNTY,Reinforced Masonry
984449,MANATEE COUNTY,Masonry
895035,MANATEE COUNTY,Reinforced Masonry
571686,MANATEE COUNTY,Reinforced Concrete
937139,MANATEE COUNTY,Wood
288583,MANATEE COUNTY,Wood
217008,MANATEE COUNTY,Reinforced Masonry
994056,MANATEE COUNTY,Wood
990845,MANATEE COUNTY,Masonry
485736,MANATEE COUNTY,Wood
880006,MANATEE COUNTY,Wood
237389,MANATEE COUNTY,Wood
914330,MANATEE COUNTY,Reinforced Masonry
792316,MANATEE COUNTY,Reinforced Concrete
140096,MANATEE COUNTY,Masonry
809194,MANATEE COUNTY,Wood
111975,MANATEE COUNTY,Masonry
291623,MANATEE COUNTY,Masonry
561918,MANATEE COUNTY,Wood
108566,MANATEE COUNTY,Wood
639490,MANATEE COUNTY,Wood
962922,MANATEE COUNTY,Masonry
468797,MANATEE COUNTY,Wood
870692,MANATEE COUNTY,Wood
179692,MANATEE COUNTY,Masonry
293284,MANATEE COUNTY,Masonry
531025,MANATEE COUNTY,Masonry
838639,MANATEE COUNTY,Masonry
980054,MANATEE COUNTY,Masonry
209390,MANATEE COUNTY,Masonry
540347,MANATEE COUNTY,Wood
285214,MANATEE COUNTY,Masonry
604770,MANATEE COUNTY,Masonry
555205,MANATEE COUNTY,Masonry
664813,MANATEE COUNTY,Masonry
871229,MANATEE COUNTY,Masonry
360100,MANATEE COUNTY,Masonry
404929,MANATEE COUNTY,Masonry
447381,MANATEE COUNTY,Masonry
138992,MANATEE COUNTY,Wood
993988,MANATEE COUNTY,Masonry
745774,MANATEE COUNTY,Masonry
783696,MANATEE COUNTY,Masonry
632989,MANATEE COUNTY,Masonry
923435,MANATEE COUNTY,Masonry
968435,MANATEE COUNTY,Masonry
386707,MANATEE COUNTY,Masonry
408674,MANATEE COUNTY,Wood
917030,MANATEE COUNTY,Masonry
912213,MANATEE COUNTY,Masonry
356493,MANATEE COUNTY,Masonry
609242,MANATEE COUNTY,Masonry
883426,MANATEE COUNTY,Masonry
782558,MANATEE COUNTY,Masonry
540726,MANATEE COUNTY,Wood
239758,MANATEE COUNTY,Wood
632113,MANATEE COUNTY,Wood
722659,MANATEE COUNTY,Wood
795208,MANATEE COUNTY,Wood
894066,MANATEE COUNTY,Reinforced Masonry
988283,MANATEE COUNTY,Wood
746554,MANATEE COUNTY,Reinforced Masonry
987541,MANATEE COUNTY,Reinforced Masonry
700023,MANATEE COUNTY,Reinforced Masonry
152411,MANATEE COUNTY,Reinforced Masonry
342755,MANATEE COUNTY,Wood
309863,MANATEE COUNTY,Masonry
460559,MANATEE COUNTY,Wood
587638,MANATEE COUNTY,Masonry
944978,MANATEE COUNTY,Masonry
333551,MANATEE COUNTY,Reinforced Masonry
980970,MANATEE COUNTY,Reinforced Concrete
646644,MANATEE COUNTY,Reinforced Masonry
322964,MANATEE COUNTY,Reinforced Masonry
606285,MANATEE COUNTY,Masonry
665387,MANATEE COUNTY,Masonry
397817,MANATEE COUNTY,Masonry
451723,MANATEE COUNTY,Wood
482249,MANATEE COUNTY,Masonry
408502,MANATEE COUNTY,Wood
114687,MANATEE COUNTY,Wood
484090,MANATEE COUNTY,Wood
404053,MANATEE COUNTY,Reinforced Concrete
641294,MANATEE COUNTY,Wood
791171,MANATEE COUNTY,Masonry
584446,MANATEE COUNTY,Wood
401249,MANATEE COUNTY,Masonry
671371,MANATEE COUNTY,Wood
507762,MANATEE COUNTY,Wood
112066,MANATEE COUNTY,Masonry
383147,MANATEE COUNTY,Wood
796854,MANATEE COUNTY,Masonry
721277,MANATEE COUNTY,Wood
863938,MANATEE COUNTY,Masonry
480415,MANATEE COUNTY,Wood
861264,MANATEE COUNTY,Reinforced Concrete
275167,MANATEE COUNTY,Wood
824596,MANATEE COUNTY,Masonry
290240,MANATEE COUNTY,Masonry
566834,MANATEE COUNTY,Wood
452456,MANATEE COUNTY,Wood
831114,MANATEE COUNTY,Masonry
720506,MANATEE COUNTY,Reinforced Masonry
856380,MANATEE COUNTY,Reinforced Concrete
250365,MANATEE COUNTY,Masonry
590727,MANATEE COUNTY,Masonry
878002,MANATEE COUNTY,Wood
780050,MANATEE COUNTY,Reinforced Masonry
935516,MANATEE COUNTY,Wood
790693,MANATEE COUNTY,Reinforced Masonry
540369,MANATEE COUNTY,Reinforced Concrete
673302,MANATEE COUNTY,Wood
480433,MANATEE COUNTY,Masonry
702132,MANATEE COUNTY,Wood
675103,MANATEE COUNTY,Masonry
680337,MANATEE COUNTY,Masonry
393466,MANATEE COUNTY,Masonry
806241,MANATEE COUNTY,Masonry
765838,MANATEE COUNTY,Masonry
440018,MANATEE COUNTY,Masonry
630115,MANATEE COUNTY,Wood
507137,MANATEE COUNTY,Wood
933992,MANATEE COUNTY,Wood
471528,MANATEE COUNTY,Reinforced Masonry
869943,MANATEE COUNTY,Reinforced Masonry
501038,MANATEE COUNTY,Reinforced Masonry
365552,MANATEE COUNTY,Masonry
284101,MANATEE COUNTY,Reinforced Masonry
859391,MANATEE COUNTY,Wood
884865,MANATEE COUNTY,Masonry
362774,MANATEE COUNTY,Reinforced Masonry
698683,MANATEE COUNTY,Masonry
981105,MANATEE COUNTY,Wood
827063,MANATEE COUNTY,Masonry
902064,MANATEE COUNTY,Wood
838395,MANATEE COUNTY,Reinforced Masonry
754133,MANATEE COUNTY,Masonry
578059,MANATEE COUNTY,Masonry
122413,MANATEE COUNTY,Masonry
693361,MANATEE COUNTY,Masonry
796525,MANATEE COUNTY,Masonry
835238,MANATEE COUNTY,Masonry
304502,MANATEE COUNTY,Masonry
384956,MANATEE COUNTY,Masonry
613252,MANATEE COUNTY,Masonry
377153,MANATEE COUNTY,Masonry
385400,MANATEE COUNTY,Masonry
228272,MANATEE COUNTY,Masonry
532536,MANATEE COUNTY,Masonry
831464,MANATEE COUNTY,Masonry
394687,MANATEE COUNTY,Masonry
905966,MANATEE COUNTY,Wood
316889,MANATEE COUNTY,Masonry
397703,MANATEE COUNTY,Wood
153995,MANATEE COUNTY,Masonry
924118,MANATEE COUNTY,Reinforced Masonry
985917,MANATEE COUNTY,Reinforced Concrete
750513,MANATEE COUNTY,Masonry
336121,MANATEE COUNTY,Wood
647909,MANATEE COUNTY,Wood
636228,MANATEE COUNTY,Wood
967460,MANATEE COUNTY,Masonry
411716,MANATEE COUNTY,Reinforced Masonry
408022,MANATEE COUNTY,Masonry
293906,MANATEE COUNTY,Masonry
734218,MANATEE COUNTY,Masonry
972082,MANATEE COUNTY,Wood
315808,MANATEE COUNTY,Wood
595622,MANATEE COUNTY,Masonry
411466,MANATEE COUNTY,Reinforced Concrete
887991,MANATEE COUNTY,Wood
484153,MANATEE COUNTY,Reinforced Concrete
984739,MANATEE COUNTY,Reinforced Masonry
516646,MANATEE COUNTY,Masonry
272094,MANATEE COUNTY,Reinforced Masonry
929281,MANATEE COUNTY,Reinforced Masonry
166144,MANATEE COUNTY,Reinforced Masonry
628862,MANATEE COUNTY,Wood
144363,MANATEE COUNTY,Wood
105371,MANATEE COUNTY,Wood
297676,MANATEE COUNTY,Wood
657100,MANATEE COUNTY,Wood
808564,MANATEE COUNTY,Reinforced Concrete
103584,MANATEE COUNTY,Masonry
960959,MANATEE COUNTY,Wood
142881,MANATEE COUNTY,Wood
903414,MANATEE COUNTY,Reinforced Concrete
550367,MANATEE COUNTY,Masonry
912886,MANATEE COUNTY,Wood
122547,MANATEE COUNTY,Reinforced Masonry
690823,MANATEE COUNTY,Reinforced Masonry
803403,MANATEE COUNTY,Wood
997052,MANATEE COUNTY,Wood
896502,MANATEE COUNTY,Wood
800273,MANATEE COUNTY,Wood
519483,MANATEE COUNTY,Reinforced Masonry
270502,MANATEE COUNTY,Reinforced Masonry
755556,MANATEE COUNTY,Reinforced Masonry
457864,MANATEE COUNTY,Masonry
706426,MANATEE COUNTY,Masonry
693507,MANATEE COUNTY,Wood
662202,MANATEE COUNTY,Wood
761611,MANATEE COUNTY,Masonry
399251,MANATEE COUNTY,Reinforced Masonry
753921,MANATEE COUNTY,Masonry
756508,MANATEE COUNTY,Wood
981865,MANATEE COUNTY,Wood
674919,MANATEE COUNTY,Wood
743871,MANATEE COUNTY,Wood
231629,MANATEE COUNTY,Reinforced Masonry
755985,MANATEE COUNTY,Masonry
875404,MANATEE COUNTY,Wood
594481,MANATEE COUNTY,Wood
123242,MANATEE COUNTY,Masonry
221717,MANATEE COUNTY,Wood
113440,MANATEE COUNTY,Wood
131719,MANATEE COUNTY,Wood
298781,MANATEE COUNTY,Wood
615862,MANATEE COUNTY,Wood
285878,MANATEE COUNTY,Wood
253102,MANATEE COUNTY,Wood
716906,MANATEE COUNTY,Wood
244638,MANATEE COUNTY,Wood
561602,MANATEE COUNTY,Masonry
117351,MANATEE COUNTY,Masonry
218813,MANATEE COUNTY,Masonry
526239,MANATEE COUNTY,Masonry
442928,MANATEE COUNTY,Masonry
257256,MANATEE COUNTY,Wood
786188,MANATEE COUNTY,Wood
380889,MANATEE COUNTY,Wood
979302,MANATEE COUNTY,Wood
110208,MANATEE COUNTY,Wood
137144,MANATEE COUNTY,Masonry
405529,MANATEE COUNTY,Wood
675387,MANATEE COUNTY,Wood
944638,MANATEE COUNTY,Wood
502257,MANATEE COUNTY,Wood
276544,MANATEE COUNTY,Wood
648972,MANATEE COUNTY,Wood
326111,MANATEE COUNTY,Wood
357110,MANATEE COUNTY,Wood
917049,MANATEE COUNTY,Wood
772611,MANATEE COUNTY,Wood
586220,MANATEE COUNTY,Masonry
560261,MANATEE COUNTY,Reinforced Masonry
109493,MANATEE COUNTY,Masonry
487284,MANATEE COUNTY,Wood
659797,MANATEE COUNTY,Wood
272717,MANATEE COUNTY,Wood
263222,MANATEE COUNTY,Masonry
259181,MANATEE COUNTY,Masonry
998637,MANATEE COUNTY,Masonry
228583,MANATEE COUNTY,Masonry
495743,MANATEE COUNTY,Masonry
170492,MANATEE COUNTY,Wood
820971,MANATEE COUNTY,Wood
944004,MANATEE COUNTY,Wood
805945,MANATEE COUNTY,Masonry
822634,MANATEE COUNTY,Wood
421962,MANATEE COUNTY,Wood
311953,MANATEE COUNTY,Wood
346419,MANATEE COUNTY,Wood
104666,MANATEE COUNTY,Reinforced Masonry
768874,MANATEE COUNTY,Wood
358588,MANATEE COUNTY,Wood
118380,MANATEE COUNTY,Wood
961923,MANATEE COUNTY,Wood
630718,MANATEE COUNTY,Wood
532908,MANATEE COUNTY,Wood
732534,MANATEE COUNTY,Wood
519846,MANATEE COUNTY,Masonry
206867,MANATEE COUNTY,Wood
415082,MANATEE COUNTY,Wood
142177,MANATEE COUNTY,Wood
808524,MANATEE COUNTY,Reinforced Masonry
288397,MANATEE COUNTY,Reinforced Concrete
910418,MANATEE COUNTY,Wood
148719,MANATEE COUNTY,Wood
552641,MANATEE COUNTY,Reinforced Concrete
570410,MANATEE COUNTY,Masonry
542354,MANATEE COUNTY,Masonry
222317,MANATEE COUNTY,Reinforced Masonry
366044,MANATEE COUNTY,Masonry
858879,MANATEE COUNTY,Masonry
206313,MANATEE COUNTY,Reinforced Masonry
605014,MANATEE COUNTY,Masonry
647868,MANATEE COUNTY,Masonry
511668,MANATEE COUNTY,Masonry
882383,MANATEE COUNTY,Reinforced Masonry
253661,MANATEE COUNTY,Masonry
270175,MANATEE COUNTY,Reinforced Masonry
763466,MANATEE COUNTY,Reinforced Masonry
607218,MANATEE COUNTY,Masonry
675002,MANATEE COUNTY,Masonry
845969,MANATEE COUNTY,Masonry
241578,MANATEE COUNTY,Reinforced Masonry
905237,MANATEE COUNTY,Masonry
258008,MANATEE COUNTY,Reinforced Masonry
500712,MANATEE COUNTY,Wood
261410,MANATEE COUNTY,Wood
628548,MANATEE COUNTY,Wood
160095,MANATEE COUNTY,Wood
545408,MANATEE COUNTY,Wood
833801,MANATEE COUNTY,Wood
205930,MANATEE COUNTY,Wood
229175,MANATEE COUNTY,Reinforced Masonry
621144,MANATEE COUNTY,Masonry
453577,MANATEE COUNTY,Reinforced Masonry
331272,MANATEE COUNTY,Masonry
588863,MANATEE COUNTY,Wood
468811,MANATEE COUNTY,Wood
507742,MANATEE COUNTY,Wood
707670,MANATEE COUNTY,Masonry
533975,MANATEE COUNTY,Wood
656218,MANATEE COUNTY,Wood
698200,MANATEE COUNTY,Wood
756729,MANATEE COUNTY,Wood
591285,MANATEE COUNTY,Wood
164756,MANATEE COUNTY,Wood
278893,MANATEE COUNTY,Wood
446179,MANATEE COUNTY,Wood
117446,MANATEE COUNTY,Wood
507311,MANATEE COUNTY,Masonry
894172,MANATEE COUNTY,Wood
673094,MANATEE COUNTY,Reinforced Masonry
624837,MANATEE COUNTY,Masonry
647932,MANATEE COUNTY,Wood
468501,MANATEE COUNTY,Wood
987314,MANATEE COUNTY,Wood
698516,MANATEE COUNTY,Wood
742733,MANATEE COUNTY,Wood
375089,MANATEE COUNTY,Masonry
245161,SARASOTA COUNTY,Masonry
868716,SARASOTA COUNTY,Wood
179475,CHARLOTTE COUNTY,Wood
512134,CHARLOTTE COUNTY,Wood
160755,SARASOTA COUNTY,Wood
956328,SARASOTA COUNTY,Reinforced Masonry
417278,SARASOTA COUNTY,Wood
815530,SARASOTA COUNTY,Wood
229736,SARASOTA COUNTY,Wood
860140,SARASOTA COUNTY,Wood
362356,SARASOTA COUNTY,Reinforced Masonry
566487,SARASOTA COUNTY,Wood
286954,SARASOTA COUNTY,Wood
866026,CHARLOTTE COUNTY,Reinforced Masonry
818867,SARASOTA COUNTY,Masonry
330326,SARASOTA COUNTY,Masonry
736285,SARASOTA COUNTY,Masonry
919379,SARASOTA COUNTY,Masonry
600334,SARASOTA COUNTY,Masonry
473095,SARASOTA COUNTY,Wood
127513,SARASOTA COUNTY,Reinforced Masonry
708440,SARASOTA COUNTY,Steel Frame
384191,CHARLOTTE COUNTY,Masonry
268598,SARASOTA COUNTY,Masonry
292855,SARASOTA COUNTY,Masonry
199026,SARASOTA COUNTY,Reinforced Concrete
497915,SARASOTA COUNTY,Reinforced Masonry
486487,SARASOTA COUNTY,Masonry
612721,SARASOTA COUNTY,Masonry
629708,SARASOTA COUNTY,Masonry
610980,CHARLOTTE COUNTY,Wood
917492,CHARLOTTE COUNTY,Wood
975824,CHARLOTTE COUNTY,Masonry
246713,CHARLOTTE COUNTY,Wood
857939,CHARLOTTE COUNTY,Wood
377298,CHARLOTTE COUNTY,Wood
177255,CHARLOTTE COUNTY,Wood
971851,CHARLOTTE COUNTY,Masonry
751084,CHARLOTTE COUNTY,Masonry
887841,CHARLOTTE COUNTY,Wood
286324,CHARLOTTE COUNTY,Masonry
120422,CHARLOTTE COUNTY,Wood
224049,CHARLOTTE COUNTY,Wood
447217,CHARLOTTE COUNTY,Wood
856641,CHARLOTTE COUNTY,Wood
304595,CHARLOTTE COUNTY,Wood
152871,CHARLOTTE COUNTY,Wood
447595,CHARLOTTE COUNTY,Masonry
641302,CHARLOTTE COUNTY,Wood
772667,CHARLOTTE COUNTY,Wood
546311,CHARLOTTE COUNTY,Wood
884767,CHARLOTTE COUNTY,Masonry
505816,CHARLOTTE COUNTY,Masonry
870216,CHARLOTTE COUNTY,Wood
236715,CHARLOTTE COUNTY,Reinforced Masonry
333233,CHARLOTTE COUNTY,Reinforced Masonry
501895,CHARLOTTE COUNTY,Masonry
448300,CHARLOTTE COUNTY,Reinforced Masonry
977779,CHARLOTTE COUNTY,Masonry
434375,CHARLOTTE COUNTY,Reinforced Masonry
696041,CHARLOTTE COUNTY,Wood
512857,CHARLOTTE COUNTY,Wood
520604,CHARLOTTE COUNTY,Wood
598534,CHARLOTTE COUNTY,Masonry
312472,CHARLOTTE COUNTY,Wood
649870,CHARLOTTE COUNTY,Wood
856347,MANATEE COUNTY,Reinforced Masonry
923991,MANATEE COUNTY,Masonry
609687,MANATEE COUNTY,Wood
385670,MANATEE COUNTY,Masonry
318232,MANATEE COUNTY,Reinforced Masonry
273537,MANATEE COUNTY,Masonry
879373,MANATEE COUNTY,Reinforced Concrete
492942,SARASOTA COUNTY,Masonry
381738,MANATEE COUNTY,Masonry
591183,SARASOTA COUNTY,Wood
998828,SARASOTA COUNTY,Reinforced Masonry
414433,SARASOTA COUNTY,Wood
109191,SARASOTA COUNTY,Reinforced Masonry
883265,SARASOTA COUNTY,Wood
334790,SARASOTA COUNTY,Masonry
101703,SARASOTA COUNTY,Reinforced Masonry
702108,SARASOTA COUNTY,Reinforced Masonry
545217,SARASOTA COUNTY,Masonry
507221,SARASOTA COUNTY,Masonry
989224,SARASOTA COUNTY,Masonry
875722,SARASOTA COUNTY,Masonry
871143,SARASOTA COUNTY,Masonry
578236,SARASOTA COUNTY,Masonry
562664,SARASOTA COUNTY,Masonry
194265,SARASOTA COUNTY,Masonry
261183,SARASOTA COUNTY,Masonry
315069,SARASOTA COUNTY,Masonry
145074,SARASOTA COUNTY,Wood
674686,SARASOTA COUNTY,Wood
341796,SARASOTA COUNTY,Wood
108782,SARASOTA COUNTY,Wood
617101,SARASOTA COUNTY,Masonry
755457,SARASOTA COUNTY,Reinforced Masonry
812699,SARASOTA COUNTY,Wood
144732,SARASOTA COUNTY,Wood
153754,SARASOTA COUNTY,Wood
134050,SARASOTA COUNTY,Reinforced Concrete
602891,SARASOTA COUNTY,Reinforced Masonry
374257,SARASOTA COUNTY,Reinforced Masonry
174502,SARASOTA COUNTY,Masonry
233852,SARASOTA COUNTY,Masonry
548719,SARASOTA COUNTY,Reinforced Concrete
963302,SARASOTA COUNTY,Masonry
605449,SARASOTA COUNTY,Reinforced Masonry
572400,SARASOTA COUNTY,Reinforced Concrete
221651,SARASOTA COUNTY,Masonry
380158,SARASOTA COUNTY,Masonry
763007,SARASOTA COUNTY,Masonry
190017,SARASOTA COUNTY,Masonry
665042,SARASOTA COUNTY,Reinforced Concrete
300161,SARASOTA COUNTY,Reinforced Concrete
491738,SARASOTA COUNTY,Reinforced Masonry
730782,SARASOTA COUNTY,Wood
276126,SARASOTA COUNTY,Wood
825986,SARASOTA COUNTY,Masonry
976955,SARASOTA COUNTY,Reinforced Masonry
478501,SARASOTA COUNTY,Reinforced Concrete
480456,SARASOTA COUNTY,Masonry
243488,SARASOTA COUNTY,Masonry
115956,SARASOTA COUNTY,Reinforced Masonry
254266,SARASOTA COUNTY,Masonry
397547,SARASOTA COUNTY,Masonry
876384,SARASOTA COUNTY,Wood
736130,SARASOTA COUNTY,Wood
115895,SARASOTA COUNTY,Masonry
243019,SARASOTA COUNTY,Masonry
393425,SARASOTA COUNTY,Masonry
105810,SARASOTA COUNTY,Reinforced Masonry
112485,SARASOTA COUNTY,Masonry
224887,SARASOTA COUNTY,Masonry
666393,SARASOTA COUNTY,Wood
283681,SARASOTA COUNTY,Masonry
646861,SARASOTA COUNTY,Masonry
120236,SARASOTA COUNTY,Wood
569857,SARASOTA COUNTY,Wood
963332,SARASOTA COUNTY,Wood
458287,SARASOTA COUNTY,Reinforced Masonry
267908,SARASOTA COUNTY,Wood
850224,SARASOTA COUNTY,Reinforced Masonry
978521,SARASOTA COUNTY,Masonry
263783,SARASOTA COUNTY,Reinforced Concrete
110948,SARASOTA COUNTY,Reinforced Concrete
836700,SARASOTA COUNTY,Masonry
697616,SARASOTA COUNTY,Masonry
803926,SARASOTA COUNTY,Masonry
196840,SARASOTA COUNTY,Masonry
181382,SARASOTA COUNTY,Masonry
419802,SARASOTA COUNTY,Wood
223334,SARASOTA COUNTY,Wood
349378,SARASOTA COUNTY,Wood
281774,SARASOTA COUNTY,Wood
966986,SARASOTA COUNTY,Wood
531555,SARASOTA COUNTY,Wood
798242,SARASOTA COUNTY,Wood
448555,SARASOTA COUNTY,Wood
273528,SARASOTA COUNTY,Wood
476120,SARASOTA COUNTY,Wood
981121,SARASOTA COUNTY,Wood
637153,SARASOTA COUNTY,Wood
632662,SARASOTA COUNTY,Wood
602052,SARASOTA COUNTY,Wood
671523,SARASOTA COUNTY,Wood
259067,SARASOTA COUNTY,Wood
119535,SARASOTA COUNTY,Wood
910556,SARASOTA COUNTY,Wood
401186,SARASOTA COUNTY,Masonry
212971,SARASOTA COUNTY,Masonry
607260,SARASOTA COUNTY,Reinforced Concrete
948345,SARASOTA COUNTY,Reinforced Concrete
994118,SARASOTA COUNTY,Masonry
609543,SARASOTA COUNTY,Masonry
607474,SARASOTA COUNTY,Masonry
493365,SARASOTA COUNTY,Wood
218168,SARASOTA COUNTY,Wood
356703,SARASOTA COUNTY,Masonry
767238,SARASOTA COUNTY,Masonry
281647,SARASOTA COUNTY,Masonry
717422,SARASOTA COUNTY,Wood
627159,SARASOTA COUNTY,Wood
615490,SARASOTA COUNTY,Wood
805924,SARASOTA COUNTY,Reinforced Masonry
382619,SARASOTA COUNTY,Wood
523467,SARASOTA COUNTY,Masonry
932378,SARASOTA COUNTY,Wood
858060,SARASOTA COUNTY,Reinforced Concrete
968672,SARASOTA COUNTY,Masonry
159316,SARASOTA COUNTY,Reinforced Masonry
721944,SARASOTA COUNTY,Reinforced Masonry
962986,SARASOTA COUNTY,Masonry
945845,SARASOTA COUNTY,Wood
825415,SARASOTA COUNTY,Wood
903884,SARASOTA COUNTY,Reinforced Masonry
166779,SARASOTA COUNTY,Wood
380120,SARASOTA COUNTY,Masonry
293058,SARASOTA COUNTY,Wood
121487,SARASOTA COUNTY,Wood
203418,SARASOTA COUNTY,Masonry
288778,SARASOTA COUNTY,Steel Frame
560673,SARASOTA COUNTY,Wood
462711,SARASOTA COUNTY,Masonry
640324,SARASOTA COUNTY,Wood
558265,SARASOTA COUNTY,Wood
897862,SARASOTA COUNTY,Reinforced Masonry
141731,SARASOTA COUNTY,Reinforced Masonry
104499,SARASOTA COUNTY,Reinforced Masonry
876809,SARASOTA COUNTY,Masonry
235184,SARASOTA COUNTY,Reinforced Masonry
978331,SARASOTA COUNTY,Reinforced Masonry
537065,SARASOTA COUNTY,Wood
564070,SARASOTA COUNTY,Wood
832761,SARASOTA COUNTY,Steel Frame
364682,SARASOTA COUNTY,Reinforced Concrete
936059,SARASOTA COUNTY,Masonry
292116,SARASOTA COUNTY,Wood
674879,SARASOTA COUNTY,Wood
851501,SARASOTA COUNTY,Wood
685565,SARASOTA COUNTY,Reinforced Masonry
224476,SARASOTA COUNTY,Masonry
842823,SARASOTA COUNTY,Wood
957681,SARASOTA COUNTY,Reinforced Masonry
266040,SARASOTA COUNTY,Masonry
993502,SARASOTA COUNTY,Masonry
817877,SARASOTA COUNTY,Wood
464673,SARASOTA COUNTY,Wood
717970,SARASOTA COUNTY,Reinforced Masonry
107394,SARASOTA COUNTY,Reinforced Masonry
304300,SARASOTA COUNTY,Reinforced Masonry
521152,SARASOTA COUNTY,Masonry
131078,SARASOTA COUNTY,Reinforced Masonry
916293,SARASOTA COUNTY,Wood
365004,SARASOTA COUNTY,Masonry
619399,SARASOTA COUNTY,Masonry
433254,SARASOTA COUNTY,Masonry
973284,SARASOTA COUNTY,Reinforced Concrete
447912,SARASOTA COUNTY,Reinforced Concrete
577647,SARASOTA COUNTY,Masonry
893180,SARASOTA COUNTY,Masonry
596811,SARASOTA COUNTY,Masonry
163109,SARASOTA COUNTY,Wood
612806,SARASOTA COUNTY,Reinforced Masonry
341268,SARASOTA COUNTY,Masonry
999414,SARASOTA COUNTY,Masonry
613099,SARASOTA COUNTY,Masonry
499702,SARASOTA COUNTY,Reinforced Masonry
261162,SARASOTA COUNTY,Masonry
813501,SARASOTA COUNTY,Wood
108118,SARASOTA COUNTY,Masonry
446307,SARASOTA COUNTY,Masonry
125372,SARASOTA COUNTY,Masonry
776250,SARASOTA COUNTY,Steel Frame
605860,SARASOTA COUNTY,Masonry
760816,SARASOTA COUNTY,Masonry
799258,SARASOTA COUNTY,Masonry
486626,SARASOTA COUNTY,Steel Frame
479334,SARASOTA COUNTY,Masonry
248752,SARASOTA COUNTY,Wood
480499,SARASOTA COUNTY,Wood
746507,SARASOTA COUNTY,Wood
913517,SARASOTA COUNTY,Wood
182769,SARASOTA COUNTY,Reinforced Concrete
638694,SARASOTA COUNTY,Reinforced Masonry
787340,SARASOTA COUNTY,Wood
491515,SARASOTA COUNTY,Masonry
141308,SARASOTA COUNTY,Wood
283999,SARASOTA COUNTY,Wood
588906,SARASOTA COUNTY,Masonry
267042,SARASOTA COUNTY,Reinforced Concrete
480717,SARASOTA COUNTY,Wood
650882,SARASOTA COUNTY,Wood
952074,SARASOTA COUNTY,Masonry
642406,SARASOTA COUNTY,Masonry
954015,SARASOTA COUNTY,Wood
119744,SARASOTA COUNTY,Wood
563362,SARASOTA COUNTY,Steel Frame
990266,SARASOTA COUNTY,Masonry
346866,SARASOTA COUNTY,Wood
980319,SARASOTA COUNTY,Wood
775321,SARASOTA COUNTY,Reinforced Masonry
286873,SARASOTA COUNTY,Masonry
906723,SARASOTA COUNTY,Reinforced Masonry
358637,SARASOTA COUNTY,Reinforced Masonry
201169,SARASOTA COUNTY,Masonry
804562,SARASOTA COUNTY,Wood
252145,MANATEE COUNTY,Reinforced Concrete
261145,MANATEE COUNTY,Wood
873001,MANATEE COUNTY,Masonry
224542,MANATEE COUNTY,Reinforced Concrete
834530,MANATEE COUNTY,Masonry
625491,MANATEE COUNTY,Masonry
708836,MANATEE COUNTY,Masonry
140869,MANATEE COUNTY,Wood
484316,MANATEE COUNTY,Reinforced Masonry
409674,SARASOTA COUNTY,Reinforced Masonry
827198,MANATEE COUNTY,Wood
147706,MANATEE COUNTY,Wood
124894,MANATEE COUNTY,Reinforced Masonry
238878,MANATEE COUNTY,Masonry
236069,MANATEE COUNTY,Reinforced Masonry
495090,MANATEE COUNTY,Masonry
670486,MANATEE COUNTY,Wood
643789,MANATEE COUNTY,Wood
696514,MANATEE COUNTY,Wood
620767,MANATEE COUNTY,Wood
893737,MANATEE COUNTY,Masonry
635189,MANATEE COUNTY,Masonry
857090,MANATEE COUNTY,Masonry
805186,MANATEE COUNTY,Reinforced Masonry
175259,MANATEE COUNTY,Masonry
950013,MANATEE COUNTY,Wood
781179,DESOTO COUNTY,Masonry
293199,DESOTO COUNTY,Reinforced Masonry
867911,DESOTO COUNTY,Masonry
467758,DESOTO COUNTY,Masonry
675414,DESOTO COUNTY,Masonry
715623,DESOTO COUNTY,Wood
111381,DESOTO COUNTY,Wood
429257,DESOTO COUNTY,Wood
973640,DESOTO COUNTY,Masonry
732119,DESOTO COUNTY,Wood
725939,DESOTO COUNTY,Masonry
457916,DESOTO COUNTY,Wood
446552,DESOTO COUNTY,Wood
349148,DESOTO COUNTY,Masonry
509657,DESOTO COUNTY,Wood
217566,DESOTO COUNTY,Wood
942349,DESOTO COUNTY,Masonry
165008,DESOTO COUNTY,Wood
254273,DESOTO COUNTY,Reinforced Masonry
394914,DESOTO COUNTY,Wood
221078,DESOTO COUNTY,Reinforced Masonry
198564,DESOTO COUNTY,Wood
644389,DESOTO COUNTY,Masonry
776396,DESOTO COUNTY,Reinforced Masonry
356357,DESOTO COUNTY,Wood
549208,DESOTO COUNTY,Wood
242822,DESOTO COUNTY,Wood
628099,DESOTO COUNTY,Wood
730131,DESOTO COUNTY,Wood
786745,DESOTO COUNTY,Wood
572654,DESOTO COUNTY,Wood
500430,DESOTO COUNTY,Masonry
618113,DESOTO COUNTY,Masonry
967937,DESOTO COUNTY,Masonry
641772,DESOTO COUNTY,Masonry
967710,DESOTO COUNTY,Masonry
708586,DESOTO COUNTY,Masonry
846135,DESOTO COUNTY,Masonry
308942,DESOTO COUNTY,Wood
448898,DESOTO COUNTY,Wood
353841,DESOTO COUNTY,Masonry
185694,DESOTO COUNTY,Masonry
906964,DESOTO COUNTY,Wood
528625,DESOTO COUNTY,Masonry
639409,DESOTO COUNTY,Wood
914310,DESOTO COUNTY,Reinforced Masonry
556947,DESOTO COUNTY,Reinforced Masonry
977725,DESOTO COUNTY,Reinforced Masonry
396799,DESOTO COUNTY,Masonry
448599,DESOTO COUNTY,Masonry
866049,DESOTO COUNTY,Wood
953371,DESOTO COUNTY,Reinforced Masonry
389061,DESOTO COUNTY,Wood
644890,DESOTO COUNTY,Wood
607059,DESOTO COUNTY,Wood
776103,DESOTO COUNTY,Wood
749469,DESOTO COUNTY,Wood
600177,DESOTO COUNTY,Masonry
403324,DESOTO COUNTY,Reinforced Masonry
514145,DESOTO COUNTY,Wood
272156,DESOTO COUNTY,Wood
153370,DESOTO COUNTY,Wood
513130,DESOTO COUNTY,Wood
365410,DESOTO COUNTY,Wood
205752,DESOTO COUNTY,Wood
466909,DESOTO COUNTY,Wood
515407,DESOTO COUNTY,Wood
519381,DESOTO COUNTY,Wood
879614,DESOTO COUNTY,Wood
662545,DESOTO COUNTY,Wood
324469,DESOTO COUNTY,Wood
933746,DESOTO COUNTY,Wood
128618,DESOTO COUNTY,Wood
798672,DESOTO COUNTY,Wood
825648,DESOTO COUNTY,Wood
307832,DESOTO COUNTY,Wood
545058,DESOTO COUNTY,Wood
457899,DESOTO COUNTY,Masonry
237930,DESOTO COUNTY,Wood
341952,DESOTO COUNTY,Wood
203485,DESOTO COUNTY,Wood
927510,DESOTO COUNTY,Wood
310334,DESOTO COUNTY,Wood
421337,DESOTO COUNTY,Wood
891301,DESOTO COUNTY,Wood
782454,DESOTO COUNTY,Wood
459118,DESOTO COUNTY,Wood
710096,DESOTO COUNTY,Wood
353673,DESOTO COUNTY,Wood
403419,DESOTO COUNTY,Wood
477247,DESOTO COUNTY,Wood
720239,DESOTO COUNTY,Wood
351031,DESOTO COUNTY,Wood
409361,DESOTO COUNTY,Wood
166732,DESOTO COUNTY,Wood
611071,DESOTO COUNTY,Wood
654745,DESOTO COUNTY,Wood
781224,DESOTO COUNTY,Wood
668866,DESOTO COUNTY,Wood
484906,DESOTO COUNTY,Wood
848330,DESOTO COUNTY,Wood
840272,DESOTO COUNTY,Wood
407199,DESOTO COUNTY,Wood
787273,DESOTO COUNTY,Wood
658295,DESOTO COUNTY,Wood
375486,DESOTO COUNTY,Wood
209673,DESOTO COUNTY,Masonry
300331,DESOTO COUNTY,Wood
625732,SARASOTA COUNTY,Wood
172952,SARASOTA COUNTY,Masonry
761112,SARASOTA COUNTY,Masonry
560100,SARASOTA COUNTY,Wood
685547,SARASOTA COUNTY,Wood
353199,SARASOTA COUNTY,Wood
707270,SARASOTA COUNTY,Wood
895436,SARASOTA COUNTY,Wood
420615,SARASOTA COUNTY,Wood
642041,SARASOTA COUNTY,Reinforced Masonry
489396,SARASOTA COUNTY,Masonry
367757,SARASOTA COUNTY,Masonry
109200,SARASOTA COUNTY,Reinforced Masonry
908309,SARASOTA COUNTY,Masonry
633128,SARASOTA COUNTY,Masonry
646923,MANATEE COUNTY,Wood
583381,SARASOTA COUNTY,Wood
612280,SARASOTA COUNTY,Wood
321485,SARASOTA COUNTY,Wood
229585,SARASOTA COUNTY,Wood
371118,SARASOTA COUNTY,Wood
213459,SARASOTA COUNTY,Wood
697111,SARASOTA COUNTY,Wood
383734,SARASOTA COUNTY,Wood
610985,SARASOTA COUNTY,Wood
128882,SARASOTA COUNTY,Wood
956526,SARASOTA COUNTY,Wood
938766,SARASOTA COUNTY,Wood
773186,SARASOTA COUNTY,Wood
316989,SARASOTA COUNTY,Wood
240731,SARASOTA COUNTY,Wood
688499,SARASOTA COUNTY,Wood
441580,SARASOTA COUNTY,Wood
701234,SARASOTA COUNTY,Wood
870494,SARASOTA COUNTY,Wood
804716,SARASOTA COUNTY,Wood
531277,SARASOTA COUNTY,Wood
965663,SARASOTA COUNTY,Wood
256419,SARASOTA COUNTY,Wood
278824,SARASOTA COUNTY,Wood
580223,SARASOTA COUNTY,Wood
325636,SARASOTA COUNTY,Wood
853508,SARASOTA COUNTY,Wood
590202,SARASOTA COUNTY,Wood
536501,SARASOTA COUNTY,Wood
616625,SARASOTA COUNTY,Wood
259265,SARASOTA COUNTY,Wood
393519,SARASOTA COUNTY,Wood
396003,SARASOTA COUNTY,Wood
353595,SARASOTA COUNTY,Wood
954499,SARASOTA COUNTY,Wood
206078,SARASOTA COUNTY,Wood
661854,SARASOTA COUNTY,Masonry
579745,SARASOTA COUNTY,Wood
470285,SARASOTA COUNTY,Wood
530126,SARASOTA COUNTY,Masonry
863203,SARASOTA COUNTY,Steel Frame
876223,SARASOTA COUNTY,Wood
240313,SARASOTA COUNTY,Masonry
833629,SARASOTA COUNTY,Masonry
544420,SARASOTA COUNTY,Wood
772695,SARASOTA COUNTY,Wood
744835,SARASOTA COUNTY,Masonry
632565,SARASOTA COUNTY,Reinforced Masonry
874226,SARASOTA COUNTY,Masonry
162966,SARASOTA COUNTY,Wood
341357,SARASOTA COUNTY,Wood
964913,SARASOTA COUNTY,Wood
638460,SARASOTA COUNTY,Wood
893320,SARASOTA COUNTY,Masonry
424006,SARASOTA COUNTY,Wood
121943,SARASOTA COUNTY,Wood
335891,SARASOTA COUNTY,Wood
352842,SARASOTA COUNTY,Wood
374540,SARASOTA COUNTY,Masonry
588620,SARASOTA COUNTY,Wood
325710,SARASOTA COUNTY,Reinforced Masonry
672665,SARASOTA COUNTY,Wood
792809,SARASOTA COUNTY,Masonry
269442,SARASOTA COUNTY,Reinforced Masonry
410370,SARASOTA COUNTY,Reinforced Masonry
184635,SARASOTA COUNTY,Wood
626779,SARASOTA COUNTY,Masonry
206217,SARASOTA COUNTY,Wood
287181,SARASOTA COUNTY,Reinforced Masonry
872022,SARASOTA COUNTY,Masonry
755142,SARASOTA COUNTY,Reinforced Masonry
196773,SARASOTA COUNTY,Wood
801241,SARASOTA COUNTY,Masonry
670094,SARASOTA COUNTY,Wood
839674,SARASOTA COUNTY,Wood
278916,SARASOTA COUNTY,Wood
762514,SARASOTA COUNTY,Masonry
301677,SARASOTA COUNTY,Masonry
512676,SARASOTA COUNTY,Masonry
840193,SARASOTA COUNTY,Masonry
868854,SARASOTA COUNTY,Reinforced Masonry
702423,SARASOTA COUNTY,Masonry
179149,SARASOTA COUNTY,Wood
171021,SARASOTA COUNTY,Masonry
357909,SARASOTA COUNTY,Wood
267222,SARASOTA COUNTY,Wood
986388,SARASOTA COUNTY,Reinforced Masonry
359497,SARASOTA COUNTY,Wood
942801,SARASOTA COUNTY,Masonry
396900,SARASOTA COUNTY,Wood
323033,SARASOTA COUNTY,Wood
141516,SARASOTA COUNTY,Masonry
532314,SARASOTA COUNTY,Reinforced Concrete
173126,SARASOTA COUNTY,Masonry
783594,SARASOTA COUNTY,Masonry
210609,SARASOTA COUNTY,Wood
775942,SARASOTA COUNTY,Masonry
930520,SARASOTA COUNTY,Reinforced Concrete
874969,SARASOTA COUNTY,Reinforced Concrete
265927,SARASOTA COUNTY,Wood
187218,SARASOTA COUNTY,Wood
584213,SARASOTA COUNTY,Wood
943072,SARASOTA COUNTY,Wood
392573,SARASOTA COUNTY,Wood
795828,SARASOTA COUNTY,Wood
987753,SARASOTA COUNTY,Wood
141808,SARASOTA COUNTY,Wood
953432,SARASOTA COUNTY,Wood
243814,SARASOTA COUNTY,Wood
287497,SARASOTA COUNTY,Wood
414132,SARASOTA COUNTY,Wood
457359,SARASOTA COUNTY,Wood
757421,SARASOTA COUNTY,Wood
706069,SARASOTA COUNTY,Masonry
876789,SARASOTA COUNTY,Reinforced Concrete
399981,SARASOTA COUNTY,Wood
480722,SARASOTA COUNTY,Wood
255640,SARASOTA COUNTY,Wood
532135,SARASOTA COUNTY,Wood
437386,SARASOTA COUNTY,Wood
487708,SARASOTA COUNTY,Wood
886509,SARASOTA COUNTY,Masonry
343143,SARASOTA COUNTY,Wood
659664,SARASOTA COUNTY,Reinforced Masonry
976711,SARASOTA COUNTY,Masonry
496431,SARASOTA COUNTY,Wood
544693,SARASOTA COUNTY,Masonry
568396,SARASOTA COUNTY,Wood
790779,SARASOTA COUNTY,Masonry
918009,SARASOTA COUNTY,Wood
563699,SARASOTA COUNTY,Masonry
850150,SARASOTA COUNTY,Masonry
573837,SARASOTA COUNTY,Masonry
667479,SARASOTA COUNTY,Reinforced Masonry
100203,SARASOTA COUNTY,Wood
940886,SARASOTA COUNTY,Reinforced Concrete
822361,SARASOTA COUNTY,Masonry
727424,SARASOTA COUNTY,Masonry
835742,SARASOTA COUNTY,Wood
318437,SARASOTA COUNTY,Masonry
493574,SARASOTA COUNTY,Masonry
173876,SARASOTA COUNTY,Masonry
474634,SARASOTA COUNTY,Wood
742901,SARASOTA COUNTY,Wood
725215,SARASOTA COUNTY,Masonry
327266,SARASOTA COUNTY,Wood
691340,SARASOTA COUNTY,Reinforced Concrete
807089,SARASOTA COUNTY,Masonry
582339,SARASOTA COUNTY,Wood
881530,SARASOTA COUNTY,Wood
175682,SARASOTA COUNTY,Reinforced Masonry
438538,SARASOTA COUNTY,Masonry
351705,SARASOTA COUNTY,Masonry
889190,SARASOTA COUNTY,Reinforced Concrete
108666,SARASOTA COUNTY,Reinforced Masonry
881349,SARASOTA COUNTY,Reinforced Masonry
196345,SARASOTA COUNTY,Masonry
864615,SARASOTA COUNTY,Masonry
535101,SARASOTA COUNTY,Wood
364612,SARASOTA COUNTY,Wood
131280,MARION COUNTY,Masonry
642993,MARION COUNTY,Wood
130879,MARION COUNTY,Masonry
222225,MARION COUNTY,Wood
545321,MARION COUNTY,Wood
120792,MARION COUNTY,Wood
391142,MARION COUNTY,Wood
868866,MARION COUNTY,Masonry
343045,MARION COUNTY,Masonry
491572,MARION COUNTY,Masonry
669187,MARION COUNTY,Wood
206885,MARION COUNTY,Masonry
680123,MARION COUNTY,Reinforced Masonry
700042,MARION COUNTY,Reinforced Masonry
629336,MARION COUNTY,Wood
738581,MARION COUNTY,Wood
613088,MARION COUNTY,Wood
276715,MARION COUNTY,Wood
925364,MARION COUNTY,Wood
598008,MARION COUNTY,Wood
268076,MARION COUNTY,Reinforced Masonry
493004,MARION COUNTY,Masonry
701526,MARION COUNTY,Wood
353575,MARION COUNTY,Masonry
434183,MARION COUNTY,Masonry
209717,MARION COUNTY,Masonry
515237,MARION COUNTY,Wood
759202,MARION COUNTY,Wood
307315,MARION COUNTY,Wood
803352,MARION COUNTY,Wood
614718,MARION COUNTY,Wood
505784,MARION COUNTY,Wood
258144,MARION COUNTY,Wood
204056,MARION COUNTY,Wood
246367,MARION COUNTY,Wood
848128,MARION COUNTY,Wood
651288,MARION COUNTY,Wood
173991,MARION COUNTY,Wood
439289,MARION COUNTY,Wood
892851,MARION COUNTY,Wood
776849,MARION COUNTY,Wood
896133,MARION COUNTY,Wood
579363,MARION COUNTY,Wood
167629,MARION COUNTY,Wood
150383,MARION COUNTY,Wood
460256,MARION COUNTY,Wood
407001,CITRUS COUNTY,Steel Frame
885048,CITRUS COUNTY,Reinforced Masonry
971153,CITRUS COUNTY,Wood
645438,CITRUS COUNTY,Reinforced Masonry
762500,CITRUS COUNTY,Masonry
982027,CITRUS COUNTY,Wood
423242,CITRUS COUNTY,Wood
619383,CITRUS COUNTY,Masonry
713071,CITRUS COUNTY,Wood
403428,CITRUS COUNTY,Wood
285339,CITRUS COUNTY,Wood
396311,CITRUS COUNTY,Wood
421886,CITRUS COUNTY,Wood
180925,CITRUS COUNTY,Wood
285485,CITRUS COUNTY,Wood
288189,CITRUS COUNTY,Wood
273904,CITRUS COUNTY,Wood
214173,CITRUS COUNTY,Wood
508386,CITRUS COUNTY,Wood
684518,CITRUS COUNTY,Reinforced Concrete
977604,CITRUS COUNTY,Wood
215979,CITRUS COUNTY,Wood
759233,CITRUS COUNTY,Wood
226557,CITRUS COUNTY,Wood
419264,CITRUS COUNTY,Wood
838489,CITRUS COUNTY,Wood
520230,CITRUS COUNTY,Wood
528379,CITRUS COUNTY,Wood
312683,CITRUS COUNTY,Wood
647193,CITRUS COUNTY,Wood
735897,CITRUS COUNTY,Wood
974836,CITRUS COUNTY,Wood
432265,CITRUS COUNTY,Wood
139185,CITRUS COUNTY,Wood
424998,CITRUS COUNTY,Wood
618930,CITRUS COUNTY,Wood
401113,CITRUS COUNTY,Wood
453631,CITRUS COUNTY,Wood
535177,CITRUS COUNTY,Wood
211126,CITRUS COUNTY,Wood
406163,CITRUS COUNTY,Wood
111190,CITRUS COUNTY,Wood
490822,CITRUS COUNTY,Wood
572327,CITRUS COUNTY,Wood
146131,CITRUS COUNTY,Wood
677320,CITRUS COUNTY,Wood
223994,CITRUS COUNTY,Wood
472322,CITRUS COUNTY,Wood
928649,CITRUS COUNTY,Wood
144256,CITRUS COUNTY,Wood
255461,CITRUS COUNTY,Wood
573358,CITRUS COUNTY,Wood
306841,CITRUS COUNTY,Wood
679136,CITRUS COUNTY,Wood
816856,CITRUS COUNTY,Wood
791005,CITRUS COUNTY,Wood
968125,CITRUS COUNTY,Wood
354617,CITRUS COUNTY,Wood
115155,CITRUS COUNTY,Wood
524914,CITRUS COUNTY,Wood
624024,CITRUS COUNTY,Wood
243150,CITRUS COUNTY,Wood
978887,CITRUS COUNTY,Wood
404266,CITRUS COUNTY,Wood
208788,CITRUS COUNTY,Wood
770325,CITRUS COUNTY,Wood
758121,CITRUS COUNTY,Wood
915873,CITRUS COUNTY,Wood
682866,CITRUS COUNTY,Wood
467846,CITRUS COUNTY,Wood
905069,CITRUS COUNTY,Wood
347912,CITRUS COUNTY,Wood
990339,CITRUS COUNTY,Wood
345596,CITRUS COUNTY,Wood
503271,CITRUS COUNTY,Wood
357908,CITRUS COUNTY,Wood
987998,CITRUS COUNTY,Masonry
488343,CITRUS COUNTY,Wood
814156,CITRUS COUNTY,Masonry
463662,CITRUS COUNTY,Wood
201322,CITRUS COUNTY,Wood
885371,CITRUS COUNTY,Wood
291420,CITRUS COUNTY,Wood
508072,CITRUS COUNTY,Wood
681528,CITRUS COUNTY,Wood
767029,CITRUS COUNTY,Wood
582822,CITRUS COUNTY,Wood
305349,CITRUS COUNTY,Wood
396789,CITRUS COUNTY,Wood
462739,CITRUS COUNTY,Wood
125406,CITRUS COUNTY,Wood
308822,CITRUS COUNTY,Masonry
812478,CITRUS COUNTY,Wood
309387,CITRUS COUNTY,Masonry
263156,CITRUS COUNTY,Masonry
625782,CITRUS COUNTY,Wood
179227,CITRUS COUNTY,Wood
954283,CITRUS COUNTY,Wood
577551,CITRUS COUNTY,Wood
299788,CITRUS COUNTY,Wood
845818,CITRUS COUNTY,Wood
986902,CITRUS COUNTY,Wood
296163,CITRUS COUNTY,Wood
365901,CITRUS COUNTY,Wood
163015,CITRUS COUNTY,Masonry
220503,CITRUS COUNTY,Masonry
245278,CITRUS COUNTY,Wood
609376,CITRUS COUNTY,Wood
598440,CITRUS COUNTY,Wood
532162,CITRUS COUNTY,Wood
252828,CITRUS COUNTY,Wood
101330,CITRUS COUNTY,Wood
455812,CITRUS COUNTY,Wood
600819,CITRUS COUNTY,Masonry
985489,CITRUS COUNTY,Masonry
563838,CITRUS COUNTY,Wood
175658,CITRUS COUNTY,Wood
870907,CITRUS COUNTY,Wood
976414,CITRUS COUNTY,Wood
279667,CITRUS COUNTY,Wood
380203,CITRUS COUNTY,Wood
373991,CITRUS COUNTY,Wood
993952,CITRUS COUNTY,Wood
518276,CITRUS COUNTY,Wood
587383,CITRUS COUNTY,Wood
945260,CITRUS COUNTY,Wood
546516,CITRUS COUNTY,Wood
309523,CITRUS COUNTY,Reinforced Masonry
301360,CITRUS COUNTY,Wood
206317,CITRUS COUNTY,Masonry
856551,CITRUS COUNTY,Masonry
510427,CITRUS COUNTY,Masonry
635109,CITRUS COUNTY,Masonry
228992,CITRUS COUNTY,Masonry
968293,CITRUS COUNTY,Wood
801159,MARION COUNTY,Reinforced Masonry
755853,MARION COUNTY,Masonry
226317,MARION COUNTY,Wood
345859,MARION COUNTY,Wood
428058,MARION COUNTY,Wood
989765,MARION COUNTY,Wood
360010,MARION COUNTY,Wood
124433,MARION COUNTY,Masonry
829927,MARION COUNTY,Wood
114883,MARION COUNTY,Wood
284952,MARION COUNTY,Masonry
301951,MARION COUNTY,Masonry
283592,MARION COUNTY,Masonry
686693,MARION COUNTY,Reinforced Masonry
704944,MARION COUNTY,Wood
206157,MARION COUNTY,Wood
222278,MARION COUNTY,Wood
779854,MARION COUNTY,Wood
314538,MARION COUNTY,Wood
392195,MARION COUNTY,Wood
100735,MARION COUNTY,Masonry
749925,MARION COUNTY,Wood
611244,MARION COUNTY,Wood
424319,MARION COUNTY,Masonry
320980,MARION COUNTY,Masonry
608174,MARION COUNTY,Wood
819646,MARION COUNTY,Wood
256741,MARION COUNTY,Masonry
579016,MARION COUNTY,Masonry
171384,MARION COUNTY,Wood
503718,CITRUS COUNTY,Reinforced Concrete
584009,CITRUS COUNTY,Wood
634986,CITRUS COUNTY,Wood
539231,CITRUS COUNTY,Wood
975719,CITRUS COUNTY,Wood
416737,CITRUS COUNTY,Wood
477532,CITRUS COUNTY,Wood
193945,CITRUS COUNTY,Wood
194934,CITRUS COUNTY,Wood
333799,CITRUS COUNTY,Wood
739418,CITRUS COUNTY,Wood
399211,CITRUS COUNTY,Wood
750286,CITRUS COUNTY,Wood
346196,CITRUS COUNTY,Reinforced Masonry
728820,CITRUS COUNTY,Reinforced Masonry
259747,CITRUS COUNTY,Reinforced Masonry
529592,CITRUS COUNTY,Masonry
595578,CITRUS COUNTY,Wood
729534,CITRUS COUNTY,Wood
688225,CITRUS COUNTY,Wood
179947,CITRUS COUNTY,Wood
246787,CITRUS COUNTY,Wood
463448,CITRUS COUNTY,Wood
164875,CITRUS COUNTY,Wood
118928,CITRUS COUNTY,Wood
525603,CITRUS COUNTY,Wood
399383,CITRUS COUNTY,Wood
386065,CITRUS COUNTY,Wood
707703,CITRUS COUNTY,Wood
549400,CITRUS COUNTY,Wood
430932,CITRUS COUNTY,Wood
330912,CITRUS COUNTY,Wood
647267,CITRUS COUNTY,Wood
589264,CITRUS COUNTY,Wood
958985,CITRUS COUNTY,Masonry
799703,CITRUS COUNTY,Masonry
889039,CITRUS COUNTY,Masonry
853673,CITRUS COUNTY,Wood
189100,CITRUS COUNTY,Wood
780197,CITRUS COUNTY,Wood
875381,CITRUS COUNTY,Wood
336004,CITRUS COUNTY,Wood
570205,CITRUS COUNTY,Wood
418418,CITRUS COUNTY,Wood
767363,CITRUS COUNTY,Wood
935391,CITRUS COUNTY,Reinforced Masonry
795696,CITRUS COUNTY,Reinforced Concrete
867668,CITRUS COUNTY,Reinforced Masonry
271174,CITRUS COUNTY,Wood
626876,CITRUS COUNTY,Wood
663830,CITRUS COUNTY,Wood
790361,CITRUS COUNTY,Wood
768272,CITRUS COUNTY,Wood
176719,CITRUS COUNTY,Wood
742630,CITRUS COUNTY,Wood
687989,CITRUS COUNTY,Wood
642271,CITRUS COUNTY,Wood
821504,CITRUS COUNTY,Reinforced Concrete
369984,CITRUS COUNTY,Wood
225672,CITRUS COUNTY,Wood
453505,CITRUS COUNTY,Wood
576326,CITRUS COUNTY,Wood
115612,CITRUS COUNTY,Wood
444871,CITRUS COUNTY,Masonry
373745,CITRUS COUNTY,Reinforced Masonry
730980,CITRUS COUNTY,Wood
215509,CITRUS COUNTY,Masonry
208273,CITRUS COUNTY,Masonry
903354,CITRUS COUNTY,Wood
660328,CITRUS COUNTY,Wood
308978,CITRUS COUNTY,Masonry
728996,CITRUS COUNTY,Wood
613384,CITRUS COUNTY,Reinforced Masonry
898220,CITRUS COUNTY,Reinforced Masonry
200313,CITRUS COUNTY,Wood
808532,CITRUS COUNTY,Masonry
795302,CITRUS COUNTY,Reinforced Masonry
296502,CITRUS COUNTY,Wood
739738,CITRUS COUNTY,Wood
939497,CITRUS COUNTY,Wood
495268,CITRUS COUNTY,Wood
819620,CITRUS COUNTY,Wood
283668,CITRUS COUNTY,Wood
682537,CITRUS COUNTY,Wood
524408,CITRUS COUNTY,Reinforced Masonry
136803,CITRUS COUNTY,Wood
826474,CITRUS COUNTY,Wood
793470,CITRUS COUNTY,Wood
888492,CITRUS COUNTY,Wood
457086,CITRUS COUNTY,Wood
867308,CITRUS COUNTY,Wood
114535,CITRUS COUNTY,Wood
401738,CITRUS COUNTY,Wood
864996,CITRUS COUNTY,Masonry
476517,CITRUS COUNTY,Reinforced Masonry
533161,LEVY COUNTY,Wood
735206,LEVY COUNTY,Wood
227390,LEVY COUNTY,Masonry
372194,LEVY COUNTY,Wood
274947,LEVY COUNTY,Wood
946071,CITRUS COUNTY,Wood
623411,CITRUS COUNTY,Masonry
419822,CITRUS COUNTY,Reinforced Masonry
428177,CITRUS COUNTY,Reinforced Masonry
107111,CITRUS COUNTY,Wood
569280,CITRUS COUNTY,Wood
241460,CITRUS COUNTY,Wood
456620,CITRUS COUNTY,Wood
113883,CITRUS COUNTY,Wood
604725,CITRUS COUNTY,Reinforced Masonry
429927,CITRUS COUNTY,Wood
470281,CITRUS COUNTY,Wood
897479,CITRUS COUNTY,Wood
829559,CITRUS COUNTY,Wood
820422,CITRUS COUNTY,Wood
580469,CITRUS COUNTY,Wood
100123,CITRUS COUNTY,Wood
455311,CITRUS COUNTY,Wood
626249,CITRUS COUNTY,Wood
678439,CITRUS COUNTY,Wood
387478,CITRUS COUNTY,Wood
282172,CITRUS COUNTY,Wood
195544,CITRUS COUNTY,Wood
551686,CITRUS COUNTY,Wood
685989,CITRUS COUNTY,Reinforced Masonry
111376,CITRUS COUNTY,Wood
643889,CITRUS COUNTY,Wood
578248,CITRUS COUNTY,Wood
154758,CITRUS COUNTY,Wood
674165,CITRUS COUNTY,Wood
407441,CITRUS COUNTY,Wood
532635,CITRUS COUNTY,Wood
367598,CITRUS COUNTY,Wood
845773,CITRUS COUNTY,Masonry
338128,CITRUS COUNTY,Wood
483280,CITRUS COUNTY,Wood
137942,CITRUS COUNTY,Wood
466145,CITRUS COUNTY,Wood
739455,CITRUS COUNTY,Wood
565343,CITRUS COUNTY,Masonry
943984,CITRUS COUNTY,Masonry
719846,CITRUS COUNTY,Masonry
745943,CITRUS COUNTY,Wood
749561,CITRUS COUNTY,Masonry
698034,CITRUS COUNTY,Wood
363251,CITRUS COUNTY,Wood
886409,CITRUS COUNTY,Wood
364220,CITRUS COUNTY,Wood
558849,CITRUS COUNTY,Wood
863924,CITRUS COUNTY,Wood
696640,CITRUS COUNTY,Wood
261510,CITRUS COUNTY,Wood
995153,CITRUS COUNTY,Masonry
677865,CITRUS COUNTY,Wood
372569,CITRUS COUNTY,Wood
955028,CITRUS COUNTY,Wood
440630,CITRUS COUNTY,Wood
836686,CITRUS COUNTY,Wood
674745,CITRUS COUNTY,Masonry
249449,CITRUS COUNTY,Masonry
736851,CITRUS COUNTY,Masonry
925566,CITRUS COUNTY,Wood
108969,CITRUS COUNTY,Wood
958897,CITRUS COUNTY,Wood
300195,CITRUS COUNTY,Wood
299774,CITRUS COUNTY,Wood
209960,CITRUS COUNTY,Wood
511498,CITRUS COUNTY,Wood
495748,CITRUS COUNTY,Wood
713308,CITRUS COUNTY,Wood
227172,CITRUS COUNTY,Wood
879048,CITRUS COUNTY,Wood
974665,CITRUS COUNTY,Wood
971811,CITRUS COUNTY,Wood
156305,CITRUS COUNTY,Reinforced Concrete
801170,CITRUS COUNTY,Wood
829080,CITRUS COUNTY,Wood
882208,CITRUS COUNTY,Wood
549238,CITRUS COUNTY,Wood
646943,CITRUS COUNTY,Wood
702705,CITRUS COUNTY,Wood
329634,CITRUS COUNTY,Wood
356939,CITRUS COUNTY,Wood
921259,CITRUS COUNTY,Wood
516720,CITRUS COUNTY,Wood
777030,CITRUS COUNTY,Wood
106904,CITRUS COUNTY,Masonry
300620,CITRUS COUNTY,Reinforced Masonry
458505,CITRUS COUNTY,Wood
903820,CITRUS COUNTY,Wood
883848,CITRUS COUNTY,Wood
614031,CITRUS COUNTY,Wood
411474,CITRUS COUNTY,Wood
293624,CITRUS COUNTY,Wood
508548,CITRUS COUNTY,Masonry
979965,CITRUS COUNTY,Masonry
143433,CITRUS COUNTY,Wood
904718,CITRUS COUNTY,Wood
141164,CITRUS COUNTY,Wood
595531,CITRUS COUNTY,Masonry
676689,CITRUS COUNTY,Masonry
176623,CITRUS COUNTY,Reinforced Masonry
859359,CITRUS COUNTY,Reinforced Masonry
304103,CITRUS COUNTY,Wood
580262,CITRUS COUNTY,Wood
534429,CITRUS COUNTY,Wood
409078,CITRUS COUNTY,Wood
947810,CITRUS COUNTY,Wood
643878,CITRUS COUNTY,Wood
395178,CITRUS COUNTY,Wood
156610,CITRUS COUNTY,Wood
969082,CITRUS COUNTY,Wood
794045,CITRUS COUNTY,Wood
610474,CITRUS COUNTY,Reinforced Concrete
253544,CITRUS COUNTY,Masonry
751392,CITRUS COUNTY,Wood
547694,CITRUS COUNTY,Reinforced Concrete
514044,CITRUS COUNTY,Wood
953176,CITRUS COUNTY,Wood
446007,CITRUS COUNTY,Wood
557229,CITRUS COUNTY,Wood
574793,CITRUS COUNTY,Wood
575397,CITRUS COUNTY,Wood
551788,CITRUS COUNTY,Wood
216369,CITRUS COUNTY,Masonry
193551,CITRUS COUNTY,Wood
477082,CITRUS COUNTY,Wood
672233,CITRUS COUNTY,Wood
376374,CITRUS COUNTY,Wood
644018,CITRUS COUNTY,Wood
235769,CITRUS COUNTY,Wood
712561,CITRUS COUNTY,Wood
167918,CITRUS COUNTY,Reinforced Masonry
127570,CITRUS COUNTY,Reinforced Masonry
368351,CITRUS COUNTY,Reinforced Masonry
682743,CITRUS COUNTY,Wood
598942,CITRUS COUNTY,Masonry
463988,CITRUS COUNTY,Wood
268975,CITRUS COUNTY,Wood
338578,CITRUS COUNTY,Wood
842293,CITRUS COUNTY,Wood
861737,CITRUS COUNTY,Masonry
765614,CITRUS COUNTY,Wood
554620,CITRUS COUNTY,Wood
988526,CITRUS COUNTY,Wood
419953,CITRUS COUNTY,Wood
858915,CITRUS COUNTY,Wood
826398,CITRUS COUNTY,Wood
713870,CITRUS COUNTY,Wood
877303,CITRUS COUNTY,Wood
201604,CITRUS COUNTY,Wood
137916,CITRUS COUNTY,Wood
140972,CITRUS COUNTY,Wood
777538,CITRUS COUNTY,Masonry
984270,MARION COUNTY,Reinforced Concrete
753561,MARION COUNTY,Reinforced Masonry
977794,MARION COUNTY,Masonry
523262,MARION COUNTY,Masonry
806981,MARION COUNTY,Wood
632771,MARION COUNTY,Wood
668924,MARION COUNTY,Masonry
468114,MARION COUNTY,Wood
303570,MARION COUNTY,Masonry
596810,MARION COUNTY,Wood
899186,MARION COUNTY,Wood
400340,MARION COUNTY,Wood
318127,MARION COUNTY,Reinforced Masonry
787420,MARION COUNTY,Wood
262136,MARION COUNTY,Masonry
132879,MARION COUNTY,Masonry
327362,MARION COUNTY,Masonry
467307,MARION COUNTY,Masonry
238427,MARION COUNTY,Masonry
596347,MARION COUNTY,Reinforced Masonry
974310,MARION COUNTY,Reinforced Masonry
301208,MARION COUNTY,Masonry
568816,MARION COUNTY,Masonry
775877,MARION COUNTY,Masonry
799687,MARION COUNTY,Reinforced Masonry
134145,MARION COUNTY,Reinforced Masonry
463637,MARION COUNTY,Reinforced Masonry
708379,MARION COUNTY,Wood
823185,MARION COUNTY,Masonry
978639,MARION COUNTY,Masonry
981947,MARION COUNTY,Masonry
637370,MARION COUNTY,Reinforced Masonry
947699,MARION COUNTY,Wood
407868,MARION COUNTY,Wood
617944,MARION COUNTY,Wood
770147,MARION COUNTY,Wood
417541,MARION COUNTY,Wood
507617,MARION COUNTY,Masonry
447980,MARION COUNTY,Masonry
435756,MARION COUNTY,Wood
778024,MARION COUNTY,Wood
236540,MARION COUNTY,Wood
400741,MARION COUNTY,Wood
874214,MARION COUNTY,Reinforced Concrete
648367,MARION COUNTY,Reinforced Masonry
884801,MARION COUNTY,Wood
390881,MARION COUNTY,Wood
634891,MARION COUNTY,Wood
564330,MARION COUNTY,Reinforced Masonry
897210,MARION COUNTY,Masonry
731325,MARION COUNTY,Masonry
494415,MARION COUNTY,Wood
424538,MARION COUNTY,Masonry
987661,MARION COUNTY,Wood
455654,MARION COUNTY,Wood
434061,MARION COUNTY,Wood
902328,MARION COUNTY,Wood
444786,MARION COUNTY,Masonry
600425,MARION COUNTY,Masonry
541285,MARION COUNTY,Reinforced Masonry
972034,MARION COUNTY,Reinforced Masonry
662186,MARION COUNTY,Masonry
341083,MARION COUNTY,Masonry
202351,MARION COUNTY,Steel Frame
302043,MARION COUNTY,Wood
447760,MARION COUNTY,Wood
211212,MARION COUNTY,Wood
853370,MARION COUNTY,Reinforced Masonry
806678,MARION COUNTY,Wood
444346,MARION COUNTY,Wood
220516,MARION COUNTY,Wood
796912,MARION COUNTY,Wood
888249,MARION COUNTY,Wood
333391,MARION COUNTY,Masonry
531968,MARION COUNTY,Masonry
409002,MARION COUNTY,Reinforced Masonry
409155,MARION COUNTY,Wood
403357,MARION COUNTY,Reinforced Masonry
897639,MARION COUNTY,Masonry
223496,MARION COUNTY,Wood
208997,MARION COUNTY,Wood
696409,MARION COUNTY,Wood
636447,MARION COUNTY,Wood
701420,MARION COUNTY,Wood
341244,MARION COUNTY,Reinforced Concrete
908775,MARION COUNTY,Masonry
859460,MARION COUNTY,Wood
733803,MARION COUNTY,Wood
835458,MARION COUNTY,Wood
655467,MARION COUNTY,Masonry
543102,MARION COUNTY,Masonry
820304,MARION COUNTY,Wood
892272,MARION COUNTY,Reinforced Masonry
954867,MARION COUNTY,Reinforced Masonry
571826,MARION COUNTY,Masonry
751211,MARION COUNTY,Wood
421668,MARION COUNTY,Wood
327755,MARION COUNTY,Wood
977710,MARION COUNTY,Wood
566576,MARION COUNTY,Reinforced Masonry
611581,MARION COUNTY,Reinforced Masonry
225875,MARION COUNTY,Wood
450486,MARION COUNTY,Masonry
667761,MARION COUNTY,Masonry
248606,MARION COUNTY,Masonry
421729,MARION COUNTY,Masonry
531447,MARION COUNTY,Reinforced Concrete
946523,MARION COUNTY,Masonry
553238,MARION COUNTY,Reinforced Masonry
467408,MARION COUNTY,Masonry
698755,MARION COUNTY,Reinforced Masonry
717649,MARION COUNTY,Masonry
706575,MARION COUNTY,Reinforced Masonry
441315,MARION COUNTY,Masonry
694561,MARION COUNTY,Reinforced Masonry
565113,MARION COUNTY,Reinforced Masonry
451524,MARION COUNTY,Reinforced Masonry
361178,MARION COUNTY,Reinforced Masonry
249038,MARION COUNTY,Wood
549424,MARION COUNTY,Masonry
420322,MARION COUNTY,Wood
712716,MARION COUNTY,Wood
672408,MARION COUNTY,Wood
329178,MARION COUNTY,Masonry
351436,MARION COUNTY,Wood
149909,MARION COUNTY,Masonry
971792,MARION COUNTY,Masonry
819302,MARION COUNTY,Wood
483053,MARION COUNTY,Masonry
849470,MARION COUNTY,Masonry
675817,MARION COUNTY,Wood
315158,MARION COUNTY,Masonry
645933,MARION COUNTY,Wood
545319,MARION COUNTY,Wood
635267,MARION COUNTY,Wood
306260,MARION COUNTY,Wood
528607,MARION COUNTY,Wood
767888,MARION COUNTY,Wood
932206,MARION COUNTY,Wood
850587,MARION COUNTY,Wood
379498,MARION COUNTY,Wood
477381,MARION COUNTY,Wood
318732,MARION COUNTY,Wood
912761,MARION COUNTY,Masonry
878854,MARION COUNTY,Reinforced Masonry
873619,MARION COUNTY,Masonry
921889,MARION COUNTY,Masonry
527534,MARION COUNTY,Masonry
590003,MARION COUNTY,Wood
718820,MARION COUNTY,Reinforced Masonry
517553,MARION COUNTY,Wood
924465,MARION COUNTY,Wood
514977,MARION COUNTY,Masonry
272931,MARION COUNTY,Wood
630941,MARION COUNTY,Wood
974481,MARION COUNTY,Wood
918509,MARION COUNTY,Masonry
586288,MARION COUNTY,Wood
104055,MARION COUNTY,Wood
775112,MARION COUNTY,Wood
321782,MARION COUNTY,Wood
620544,MARION COUNTY,Wood
462619,MARION COUNTY,Masonry
518262,MARION COUNTY,Masonry
818561,MARION COUNTY,Wood
400409,MARION COUNTY,Wood
288987,MARION COUNTY,Wood
579968,MARION COUNTY,Wood
624583,MARION COUNTY,Reinforced Concrete
231230,MARION COUNTY,Masonry
805310,MARION COUNTY,Wood
327433,MARION COUNTY,Wood
572134,MARION COUNTY,Wood
720194,MARION COUNTY,Wood
856329,MARION COUNTY,Masonry
851076,MARION COUNTY,Wood
138705,MARION COUNTY,Masonry
859369,MARION COUNTY,Masonry
461140,MARION COUNTY,Masonry
799656,MARION COUNTY,Wood
242319,MARION COUNTY,Masonry
187391,MARION COUNTY,Wood
498562,MARION COUNTY,Wood
319962,MARION COUNTY,Wood
965254,MARION COUNTY,Wood
316545,MARION COUNTY,Wood
485455,MARION COUNTY,Wood
453080,MARION COUNTY,Wood
138278,MARION COUNTY,Wood
309112,MARION COUNTY,Wood
595005,MARION COUNTY,Wood
843605,MARION COUNTY,Wood
152330,MARION COUNTY,Wood
431684,MARION COUNTY,Wood
337721,MARION COUNTY,Wood
349171,MARION COUNTY,Wood
879344,MARION COUNTY,Wood
889015,MARION COUNTY,Wood
847571,MARION COUNTY,Wood
933919,MARION COUNTY,Masonry
694046,MARION COUNTY,Masonry
729548,MARION COUNTY,Wood
348031,MARION COUNTY,Wood
178092,MARION COUNTY,Reinforced Concrete
965506,MARION COUNTY,Wood
816646,MARION COUNTY,Wood
262145,MARION COUNTY,Wood
562018,MARION COUNTY,Wood
197494,MARION COUNTY,Wood
161450,MARION COUNTY,Reinforced Masonry
862783,MARION COUNTY,Reinforced Masonry
169996,MARION COUNTY,Reinforced Masonry
550699,MARION COUNTY,Masonry
956013,MARION COUNTY,Masonry
942843,MARION COUNTY,Masonry
397958,MARION COUNTY,Wood
331030,MARION COUNTY,Reinforced Masonry
746901,MARION COUNTY,Masonry
349675,MARION COUNTY,Wood
838220,MARION COUNTY,Reinforced Masonry
764448,MARION COUNTY,Wood
697993,MARION COUNTY,Masonry
304934,MARION COUNTY,Wood
424159,MARION COUNTY,Wood
377177,MARION COUNTY,Masonry
332027,MARION COUNTY,Wood
431186,MARION COUNTY,Masonry
855128,MARION COUNTY,Wood
495696,MARION COUNTY,Reinforced Masonry
633352,MARION COUNTY,Wood
919751,MARION COUNTY,Masonry
645120,MARION COUNTY,Masonry
450742,MARION COUNTY,Masonry
358006,MARION COUNTY,Masonry
163282,MARION COUNTY,Masonry
611254,MARION COUNTY,Masonry
281448,MARION COUNTY,Masonry
286631,MARION COUNTY,Masonry
660694,MARION COUNTY,Masonry
827890,MARION COUNTY,Masonry
844018,MARION COUNTY,Masonry
780649,MARION COUNTY,Masonry
107278,MARION COUNTY,Masonry
187441,MARION COUNTY,Masonry
703238,MARION COUNTY,Masonry
485682,MARION COUNTY,Masonry
545825,MARION COUNTY,Masonry
791584,MARION COUNTY,Masonry
287277,MARION COUNTY,Masonry
311662,MARION COUNTY,Masonry
154448,MARION COUNTY,Masonry
759380,MARION COUNTY,Masonry
787673,MARION COUNTY,Masonry
727262,MARION COUNTY,Masonry
748205,MARION COUNTY,Masonry
105050,MARION COUNTY,Masonry
674269,MARION COUNTY,Masonry
598655,MARION COUNTY,Masonry
431878,MARION COUNTY,Masonry
562804,MARION COUNTY,Masonry
899651,MARION COUNTY,Wood
613796,MARION COUNTY,Wood
188829,MARION COUNTY,Wood
186135,MARION COUNTY,Wood
871001,MARION COUNTY,Wood
622846,MARION COUNTY,Wood
485464,MARION COUNTY,Wood
599696,MARION COUNTY,Wood
559285,MARION COUNTY,Wood
481844,MARION COUNTY,Wood
552581,MARION COUNTY,Wood
603422,MARION COUNTY,Wood
564654,MARION COUNTY,Wood
352873,MARION COUNTY,Masonry
576245,MARION COUNTY,Reinforced Masonry
680267,MARION COUNTY,Reinforced Masonry
439909,MARION COUNTY,Masonry
582117,MARION COUNTY,Reinforced Concrete
763927,MARION COUNTY,Wood
100377,MARION COUNTY,Wood
747840,MARION COUNTY,Wood
215661,MARION COUNTY,Wood
675156,MARION COUNTY,Wood
423227,MARION COUNTY,Wood
977583,MARION COUNTY,Wood
696331,MARION COUNTY,Wood
729153,MARION COUNTY,Wood
156977,MARION COUNTY,Wood
110130,MARION COUNTY,Wood
107958,MARION COUNTY,Wood
796851,MARION COUNTY,Wood
857493,MARION COUNTY,Wood
737895,MARION COUNTY,Wood
496562,MARION COUNTY,Wood
237899,MARION COUNTY,Wood
149733,MARION COUNTY,Wood
708799,MARION COUNTY,Reinforced Masonry
279155,MARION COUNTY,Wood
973152,MARION COUNTY,Wood
719961,MARION COUNTY,Masonry
475882,MARION COUNTY,Masonry
384777,MARION COUNTY,Masonry
493821,MARION COUNTY,Wood
937640,MARION COUNTY,Masonry
334896,MARION COUNTY,Masonry
384113,MARION COUNTY,Reinforced Concrete
997003,MARION COUNTY,Wood
457501,MARION COUNTY,Reinforced Masonry
907645,MARION COUNTY,Masonry
844416,MARION COUNTY,Masonry
347409,MARION COUNTY,Masonry
988351,MARION COUNTY,Masonry
345919,MARION COUNTY,Masonry
771880,MARION COUNTY,Reinforced Concrete
377373,MARION COUNTY,Reinforced Masonry
268159,MARION COUNTY,Wood
885534,MARION COUNTY,Wood
664952,MARION COUNTY,Wood
575677,MARION COUNTY,Wood
797062,MARION COUNTY,Wood
304976,MARION COUNTY,Masonry
764562,MARION COUNTY,Masonry
536997,MARION COUNTY,Masonry
335982,MARION COUNTY,Masonry
425413,MARION COUNTY,Wood
881735,MARION COUNTY,Wood
846669,MARION COUNTY,Wood
918669,MARION COUNTY,Wood
435096,MARION COUNTY,Wood
783398,MARION COUNTY,Wood
273687,MARION COUNTY,Wood
460373,MARION COUNTY,Wood
434260,MARION COUNTY,Reinforced Masonry
669114,MARION COUNTY,Reinforced Concrete
265447,MARION COUNTY,Masonry
115875,MARION COUNTY,Wood
878059,MARION COUNTY,Reinforced Masonry
741096,MARION COUNTY,Reinforced Masonry
541498,MARION COUNTY,Wood
728939,MARION COUNTY,Wood
336054,MARION COUNTY,Wood
427434,MARION COUNTY,Masonry
644758,MARION COUNTY,Wood
737878,MARION COUNTY,Wood
762573,MARION COUNTY,Masonry
118935,MARION COUNTY,Wood
888020,MARION COUNTY,Wood
845743,MARION COUNTY,Wood
788034,MARION COUNTY,Masonry
770692,MARION COUNTY,Reinforced Masonry
179202,MARION COUNTY,Wood
821985,MARION COUNTY,Masonry
355544,MARION COUNTY,Wood
921990,MARION COUNTY,Wood
406547,MARION COUNTY,Masonry
285209,MARION COUNTY,Masonry
120324,MARION COUNTY,Wood
574910,MARION COUNTY,Wood
842856,MARION COUNTY,Wood
514727,MARION COUNTY,Wood
971450,MARION COUNTY,Wood
237018,MARION COUNTY,Wood
155761,MARION COUNTY,Wood
943367,MARION COUNTY,Wood
209835,MARION COUNTY,Wood
507411,MARION COUNTY,Wood
631140,MARION COUNTY,Wood
472241,MARION COUNTY,Masonry
162071,MARION COUNTY,Wood
515591,MARION COUNTY,Wood
338086,MARION COUNTY,Wood
229444,MARION COUNTY,Wood
883812,MARION COUNTY,Wood
123386,MARION COUNTY,Wood
425595,MARION COUNTY,Wood
892498,MARION COUNTY,Wood
242765,MARION COUNTY,Wood
501847,MARION COUNTY,Wood
578202,MARION COUNTY,Reinforced Masonry
928434,MARION COUNTY,Masonry
517979,MARION COUNTY,Masonry
561413,MARION COUNTY,Wood
393984,MARION COUNTY,Masonry
104139,MARION COUNTY,Wood
473693,MARION COUNTY,Wood
644581,MARION COUNTY,Wood
414528,MARION COUNTY,Wood
951667,MARION COUNTY,Wood
730302,MARION COUNTY,Masonry
958649,MARION COUNTY,Wood
792468,MARION COUNTY,Masonry
451846,MARION COUNTY,Masonry
325671,MARION COUNTY,Wood
545584,MARION COUNTY,Wood
898520,MARION COUNTY,Masonry
493615,MARION COUNTY,Masonry
646090,MARION COUNTY,Masonry
422022,MARION COUNTY,Masonry
506897,MARION COUNTY,Masonry
696648,MARION COUNTY,Wood
176126,MARION COUNTY,Wood
634525,MARION COUNTY,Wood
105238,MARION COUNTY,Wood
896485,MARION COUNTY,Masonry
531417,MARION COUNTY,Masonry
769168,MARION COUNTY,Masonry
264062,MARION COUNTY,Masonry
354391,MARION COUNTY,Wood
603663,MARION COUNTY,Wood
685118,MARION COUNTY,Wood
425631,MARION COUNTY,Wood
456839,MARION COUNTY,Wood
574253,MARION COUNTY,Masonry
521775,MARION COUNTY,Wood
284411,MARION COUNTY,Masonry
121178,MARION COUNTY,Masonry
664750,MARION COUNTY,Wood
997811,MARION COUNTY,Wood
761397,MARION COUNTY,Wood
668053,MARION COUNTY,Wood
986997,MARION COUNTY,Masonry
519185,MARION COUNTY,Masonry
681891,MARION COUNTY,Wood
657785,MARION COUNTY,Wood
509205,MARION COUNTY,Wood
941713,MARION COUNTY,Wood
317132,MARION COUNTY,Wood
232268,MARION COUNTY,Masonry
133073,MARION COUNTY,Wood
483962,MARION COUNTY,Wood
832190,MARION COUNTY,Wood
430316,MARION COUNTY,Wood
346528,MARION COUNTY,Wood
613106,MARION COUNTY,Wood
392981,MARION COUNTY,Masonry
870779,MARION COUNTY,Wood
725953,MARION COUNTY,Wood
132995,MARION COUNTY,Wood
636802,MARION COUNTY,Wood
332735,MARION COUNTY,Wood
622230,MARION COUNTY,Masonry
714989,MARION COUNTY,Wood
742345,MARION COUNTY,Wood
452684,MARION COUNTY,Wood
259103,MARION COUNTY,Wood
219054,MARION COUNTY,Masonry
878156,MARION COUNTY,Wood
174737,MARION COUNTY,Wood
174644,MARION COUNTY,Wood
597438,MARION COUNTY,Wood
896378,MARION COUNTY,Wood
266051,MARION COUNTY,Wood
945057,MARION COUNTY,Masonry
436820,MARION COUNTY,Wood
709867,MARION COUNTY,Wood
526978,MARION COUNTY,Masonry
923485,MARION COUNTY,Wood
970646,MARION COUNTY,Wood
287134,MARION COUNTY,Wood
970867,MARION COUNTY,Wood
312935,MARION COUNTY,Masonry
932080,MARION COUNTY,Wood
340770,MARION COUNTY,Wood
313038,MARION COUNTY,Wood
694641,MARION COUNTY,Wood
298350,MARION COUNTY,Wood
255279,MARION COUNTY,Wood
966251,MARION COUNTY,Wood
381884,MARION COUNTY,Wood
216345,MARION COUNTY,Wood
748763,MARION COUNTY,Wood
191492,MARION COUNTY,Wood
623278,MARION COUNTY,Wood
232617,MARION COUNTY,Wood
694565,MARION COUNTY,Wood
249969,MARION COUNTY,Wood
639580,MARION COUNTY,Wood
197157,MARION COUNTY,Wood
718493,MARION COUNTY,Wood
131012,MARION COUNTY,Wood
585345,MARION COUNTY,Wood
446551,MARION COUNTY,Masonry
479203,MARION COUNTY,Wood
862848,MARION COUNTY,Wood
535428,MARION COUNTY,Wood
291925,MARION COUNTY,Masonry
791061,MARION COUNTY,Wood
193174,MARION COUNTY,Wood
166909,MARION COUNTY,Wood
536738,MARION COUNTY,Wood
118732,MARION COUNTY,Wood
293994,MARION COUNTY,Wood
313264,MARION COUNTY,Wood
521061,MARION COUNTY,Wood
631617,MARION COUNTY,Wood
565082,MARION COUNTY,Wood
998774,MARION COUNTY,Wood
791509,MARION COUNTY,Wood
354893,MARION COUNTY,Wood
404470,MARION COUNTY,Wood
764238,MARION COUNTY,Wood
293494,MARION COUNTY,Wood
825448,MARION COUNTY,Wood
271086,MARION COUNTY,Wood
207090,MARION COUNTY,Wood
262966,MARION COUNTY,Wood
236829,MARION COUNTY,Wood
444050,MARION COUNTY,Wood
131221,MARION COUNTY,Wood
866132,MARION COUNTY,Wood
366107,MARION COUNTY,Wood
933086,MARION COUNTY,Wood
717634,MARION COUNTY,Wood
112430,MARION COUNTY,Masonry
871993,MARION COUNTY,Wood
714435,MARION COUNTY,Wood
184009,MARION COUNTY,Wood
343193,MARION COUNTY,Wood
404547,MARION COUNTY,Wood
632829,MARION COUNTY,Wood
600442,MARION COUNTY,Wood
694342,MARION COUNTY,Wood
278167,MARION COUNTY,Wood
434531,MARION COUNTY,Wood
780037,MARION COUNTY,Wood
949114,MARION COUNTY,Wood
442062,MARION COUNTY,Wood
222682,MARION COUNTY,Wood
846519,MARION COUNTY,Wood
643417,MARION COUNTY,Wood
428570,MARION COUNTY,Wood
554211,MARION COUNTY,Wood
769024,MARION COUNTY,Wood
996398,MARION COUNTY,Wood
768812,MARION COUNTY,Wood
207309,MARION COUNTY,Wood
486382,MARION COUNTY,Wood
990272,MARION COUNTY,Wood
538257,MARION COUNTY,Wood
576878,MARION COUNTY,Wood
272715,MARION COUNTY,Wood
342337,MARION COUNTY,Wood
704753,MARION COUNTY,Wood
153532,MARION COUNTY,Wood
706018,MARION COUNTY,Wood
307058,MARION COUNTY,Wood
750651,MARION COUNTY,Wood
393610,MARION COUNTY,Wood
943675,MARION COUNTY,Wood
893588,MARION COUNTY,Wood
401455,MARION COUNTY,Wood
378501,MARION COUNTY,Wood
431291,MARION COUNTY,Wood
303976,MARION COUNTY,Wood
456316,MARION COUNTY,Wood
871767,MARION COUNTY,Wood
725858,MARION COUNTY,Wood
298913,MARION COUNTY,Wood
839726,MARION COUNTY,Wood
743360,MARION COUNTY,Wood
616883,MARION COUNTY,Wood
591920,MARION COUNTY,Wood
943342,MARION COUNTY,Wood
226621,MARION COUNTY,Wood
644957,MARION COUNTY,Wood
714186,MARION COUNTY,Wood
371737,MARION COUNTY,Wood
429372,MARION COUNTY,Wood
738326,MARION COUNTY,Wood
491669,MARION COUNTY,Wood
424416,MARION COUNTY,Wood
708208,MARION COUNTY,Wood
618558,MARION COUNTY,Wood
636102,MARION COUNTY,Wood
841326,MARION COUNTY,Wood
339971,MARION COUNTY,Wood
121153,MARION COUNTY,Wood
247921,MARION COUNTY,Wood
781799,MARION COUNTY,Wood
913719,MARION COUNTY,Wood
274110,MARION COUNTY,Wood
854771,MARION COUNTY,Wood
290710,MARION COUNTY,Wood
292758,MARION COUNTY,Wood
694287,MARION COUNTY,Wood
272631,MARION COUNTY,Wood
421019,MARION COUNTY,Wood
773083,MARION COUNTY,Wood
459760,MARION COUNTY,Wood
122908,MARION COUNTY,Wood
136224,MARION COUNTY,Wood
976834,MARION COUNTY,Wood
270760,MARION COUNTY,Wood
749836,MARION COUNTY,Wood
101081,MARION COUNTY,Wood
861642,MARION COUNTY,Wood
330009,MARION COUNTY,Wood
593715,MARION COUNTY,Wood
506088,MARION COUNTY,Wood
984407,MARION COUNTY,Wood
171381,MARION COUNTY,Wood
999908,MARION COUNTY,Wood
988614,MARION COUNTY,Wood
634562,MARION COUNTY,Wood
651000,MARION COUNTY,Wood
505613,MARION COUNTY,Wood
983555,MARION COUNTY,Wood
317909,MARION COUNTY,Wood
934572,MARION COUNTY,Wood
931532,MARION COUNTY,Wood
790453,MARION COUNTY,Wood
334704,MARION COUNTY,Wood
705384,MARION COUNTY,Wood
963438,MARION COUNTY,Wood
802572,MARION COUNTY,Wood
213229,MARION COUNTY,Wood
836808,MARION COUNTY,Wood
123416,MARION COUNTY,Wood
411016,MARION COUNTY,Wood
861726,MARION COUNTY,Wood
118895,MARION COUNTY,Wood
559943,MARION COUNTY,Wood
218495,MARION COUNTY,Wood
748737,MARION COUNTY,Wood
819868,MARION COUNTY,Wood
390294,MARION COUNTY,Wood
999462,MARION COUNTY,Wood
820888,MARION COUNTY,Wood
752138,MARION COUNTY,Wood
646049,MARION COUNTY,Wood
775721,MARION COUNTY,Wood
233086,MARION COUNTY,Wood
563459,MARION COUNTY,Wood
923961,MARION COUNTY,Wood
234799,MARION COUNTY,Wood
472677,MARION COUNTY,Wood
428540,MARION COUNTY,Wood
274341,MARION COUNTY,Wood
117403,MARION COUNTY,Wood
366827,MARION COUNTY,Wood
745387,MARION COUNTY,Wood
526791,MARION COUNTY,Wood
709274,MARION COUNTY,Wood
700193,MARION COUNTY,Wood
661739,MARION COUNTY,Wood
110856,MARION COUNTY,Wood
382706,MARION COUNTY,Wood
818126,MARION COUNTY,Wood
671644,MARION COUNTY,Wood
927089,MARION COUNTY,Wood
762928,MARION COUNTY,Wood
545076,MARION COUNTY,Wood
758897,MARION COUNTY,Wood
197663,MARION COUNTY,Wood
561523,MARION COUNTY,Wood
936895,MARION COUNTY,Wood
417562,MARION COUNTY,Wood
749162,MARION COUNTY,Wood
973569,MARION COUNTY,Wood
200479,MARION COUNTY,Wood
973214,MARION COUNTY,Wood
996257,MARION COUNTY,Wood
161510,MARION COUNTY,Wood
820382,MARION COUNTY,Wood
432409,MARION COUNTY,Wood
353893,MARION COUNTY,Wood
579732,MARION COUNTY,Wood
828269,MARION COUNTY,Wood
502399,MARION COUNTY,Wood
588853,MARION COUNTY,Wood
616203,MARION COUNTY,Wood
312394,MARION COUNTY,Wood
826999,MARION COUNTY,Wood
986382,MARION COUNTY,Wood
991174,MARION COUNTY,Wood
908854,MARION COUNTY,Wood
607874,MARION COUNTY,Wood
952350,MARION COUNTY,Wood
592448,MARION COUNTY,Wood
661798,MARION COUNTY,Wood
985385,MARION COUNTY,Wood
944928,MARION COUNTY,Wood
105823,MARION COUNTY,Wood
326581,MARION COUNTY,Wood
367971,MARION COUNTY,Wood
977937,MARION COUNTY,Wood
554866,MARION COUNTY,Wood
669488,MARION COUNTY,Wood
475999,MARION COUNTY,Wood
236976,MARION COUNTY,Wood
938172,MARION COUNTY,Wood
939022,MARION COUNTY,Wood
375348,MARION COUNTY,Wood
272319,MARION COUNTY,Wood
138801,MARION COUNTY,Wood
727740,MARION COUNTY,Wood
951825,MARION COUNTY,Wood
970180,MARION COUNTY,Wood
763910,MARION COUNTY,Wood
978218,MARION COUNTY,Wood
398255,MARION COUNTY,Wood
937371,MARION COUNTY,Wood
629531,MARION COUNTY,Wood
362089,MARION COUNTY,Wood
696751,MARION COUNTY,Wood
356166,MARION COUNTY,Wood
908434,MARION COUNTY,Wood
706471,MARION COUNTY,Wood
794644,MARION COUNTY,Wood
871798,MARION COUNTY,Wood
589496,MARION COUNTY,Wood
930707,MARION COUNTY,Wood
106263,MARION COUNTY,Wood
331646,MARION COUNTY,Wood
341745,MARION COUNTY,Wood
416606,MARION COUNTY,Wood
790483,MARION COUNTY,Wood
217034,MARION COUNTY,Wood
575438,MARION COUNTY,Wood
668773,MARION COUNTY,Wood
296321,MARION COUNTY,Wood
399280,MARION COUNTY,Wood
420394,MARION COUNTY,Wood
373534,MARION COUNTY,Wood
378915,MARION COUNTY,Wood
634620,MARION COUNTY,Wood
571268,MARION COUNTY,Wood
421374,MARION COUNTY,Wood
845596,MARION COUNTY,Wood
744616,MARION COUNTY,Wood
788281,MARION COUNTY,Wood
700041,MARION COUNTY,Wood
136817,MARION COUNTY,Wood
185048,MARION COUNTY,Wood
920910,MARION COUNTY,Wood
508810,MARION COUNTY,Wood
796572,MARION COUNTY,Wood
508174,MARION COUNTY,Wood
217205,MARION COUNTY,Wood
830609,MARION COUNTY,Wood
301017,MARION COUNTY,Wood
603795,MARION COUNTY,Wood
888005,MARION COUNTY,Wood
272239,MARION COUNTY,Wood
184112,MARION COUNTY,Wood
335678,MARION COUNTY,Wood
163358,MARION COUNTY,Wood
432404,MARION COUNTY,Wood
142168,MARION COUNTY,Wood
815711,MARION COUNTY,Wood
371429,MARION COUNTY,Wood
239369,MARION COUNTY,Wood
390996,MARION COUNTY,Wood
158607,MARION COUNTY,Wood
401264,MARION COUNTY,Wood
618010,MARION COUNTY,Wood
246725,MARION COUNTY,Masonry
622767,MARION COUNTY,Wood
517884,MARION COUNTY,Wood
959125,MARION COUNTY,Masonry
848706,MARION COUNTY,Masonry
711212,MARION COUNTY,Wood
616551,MARION COUNTY,Wood
715968,MARION COUNTY,Wood
451492,MARION COUNTY,Wood
250165,MARION COUNTY,Wood
650019,MARION COUNTY,Wood
621496,MARION COUNTY,Wood
624878,MARION COUNTY,Wood
813719,MARION COUNTY,Wood
584668,MARION COUNTY,Wood
165001,MARION COUNTY,Wood
634184,MARION COUNTY,Wood
202198,MARION COUNTY,Wood
323623,MARION COUNTY,Wood
263805,MARION COUNTY,Wood
268417,MARION COUNTY,Wood
963126,MARION COUNTY,Wood
595443,MARION COUNTY,Wood
445571,MARION COUNTY,Wood
417334,MARION COUNTY,Wood
308363,MARION COUNTY,Wood
119806,MARION COUNTY,Wood
288311,MARION COUNTY,Wood
596268,MARION COUNTY,Wood
730363,MARION COUNTY,Wood
557865,MARION COUNTY,Wood
579889,MARION COUNTY,Wood
795186,MARION COUNTY,Wood
541573,MARION COUNTY,Wood
548886,MARION COUNTY,Wood
438518,MARION COUNTY,Wood
848872,MARION COUNTY,Wood
639161,MARION COUNTY,Wood
498362,MARION COUNTY,Wood
554592,MARION COUNTY,Wood
148253,MARION COUNTY,Wood
303700,MARION COUNTY,Wood
779457,MARION COUNTY,Wood
780119,MARION COUNTY,Wood
340580,MARION COUNTY,Wood
979070,MARION COUNTY,Wood
379505,MARION COUNTY,Wood
827968,MARION COUNTY,Wood
536352,MARION COUNTY,Wood
698559,MARION COUNTY,Wood
139085,MARION COUNTY,Wood
712959,MARION COUNTY,Wood
798932,MARION COUNTY,Wood
423041,MARION COUNTY,Wood
309306,MARION COUNTY,Wood
477482,MARION COUNTY,Wood
948671,MARION COUNTY,Wood
979549,MARION COUNTY,Wood
387489,MARION COUNTY,Wood
657000,MARION COUNTY,Wood
881294,MARION COUNTY,Wood
116350,MARION COUNTY,Wood
548153,MARION COUNTY,Wood
948230,MARION COUNTY,Wood
861375,MARION COUNTY,Wood
226706,MARION COUNTY,Wood
545000,MARION COUNTY,Wood
190733,MARION COUNTY,Wood
382524,MARION COUNTY,Wood
209427,MARION COUNTY,Wood
375266,MARION COUNTY,Wood
371524,MARION COUNTY,Wood
153658,MARION COUNTY,Wood
307181,MARION COUNTY,Wood
689992,MARION COUNTY,Wood
951145,MARION COUNTY,Wood
155077,MARION COUNTY,Wood
300163,MARION COUNTY,Wood
438704,MARION COUNTY,Wood
517073,MARION COUNTY,Wood
477329,MARION COUNTY,Wood
937042,MARION COUNTY,Wood
740998,MARION COUNTY,Wood
667842,MARION COUNTY,Wood
586789,MARION COUNTY,Wood
944098,MARION COUNTY,Wood
362108,MARION COUNTY,Wood
204685,MARION COUNTY,Wood
114103,MARION COUNTY,Wood
881893,MARION COUNTY,Wood
372521,MARION COUNTY,Wood
868978,MARION COUNTY,Wood
611138,MARION COUNTY,Wood
645192,MARION COUNTY,Wood
164383,MARION COUNTY,Wood
928983,MARION COUNTY,Wood
117287,MARION COUNTY,Wood
127110,MARION COUNTY,Wood
318293,MARION COUNTY,Wood
868349,MARION COUNTY,Wood
112897,MARION COUNTY,Wood
263323,MARION COUNTY,Wood
678027,MARION COUNTY,Wood
538939,MARION COUNTY,Wood
823389,MARION COUNTY,Wood
120084,MARION COUNTY,Wood
776125,MARION COUNTY,Wood
858103,MARION COUNTY,Wood
477880,MARION COUNTY,Wood
623445,MARION COUNTY,Wood
116733,MARION COUNTY,Wood
616046,MARION COUNTY,Wood
130961,MARION COUNTY,Wood
210714,MARION COUNTY,Wood
948498,MARION COUNTY,Wood
864202,MARION COUNTY,Wood
952271,MARION COUNTY,Wood
838862,MARION COUNTY,Wood
595376,MARION COUNTY,Wood
396832,MARION COUNTY,Wood
890421,MARION COUNTY,Wood
229351,MARION COUNTY,Wood
330440,MARION COUNTY,Wood
705350,MARION COUNTY,Wood
335274,MARION COUNTY,Wood
115835,MARION COUNTY,Wood
440143,MARION COUNTY,Wood
712060,MARION COUNTY,Wood
836705,MARION COUNTY,Wood
246034,MARION COUNTY,Wood
899537,MARION COUNTY,Wood
370247,MARION COUNTY,Wood
335383,MARION COUNTY,Wood
598471,MARION COUNTY,Wood
562287,MARION COUNTY,Wood
530016,MARION COUNTY,Wood
773986,MARION COUNTY,Wood
743167,MARION COUNTY,Wood
414082,MARION COUNTY,Wood
654999,MARION COUNTY,Wood
881263,MARION COUNTY,Wood
815972,MARION COUNTY,Wood
212603,MARION COUNTY,Wood
843620,MARION COUNTY,Wood
542341,MARION COUNTY,Wood
837787,MARION COUNTY,Wood
386798,MARION COUNTY,Wood
986101,MARION COUNTY,Wood
575613,MARION COUNTY,Wood
802806,MARION COUNTY,Wood
985525,MARION COUNTY,Wood
806149,MARION COUNTY,Wood
667772,MARION COUNTY,Wood
754112,MARION COUNTY,Wood
464048,MARION COUNTY,Wood
552110,MARION COUNTY,Wood
227765,MARION COUNTY,Wood
720518,MARION COUNTY,Wood
604169,MARION COUNTY,Wood
730100,MARION COUNTY,Wood
443650,MARION COUNTY,Wood
743869,MARION COUNTY,Masonry
480246,MARION COUNTY,Wood
106021,MARION COUNTY,Wood
600873,MARION COUNTY,Wood
737858,MARION COUNTY,Wood
715843,MARION COUNTY,Wood
280750,MARION COUNTY,Wood
246502,MARION COUNTY,Wood
275595,MARION COUNTY,Wood
166278,MARION COUNTY,Masonry
734039,MARION COUNTY,Wood
400719,MARION COUNTY,Wood
832850,MARION COUNTY,Wood
899617,MARION COUNTY,Masonry
509480,MARION COUNTY,Wood
131009,MARION COUNTY,Wood
350609,MARION COUNTY,Wood
841038,MARION COUNTY,Wood
593906,MARION COUNTY,Wood
810051,MARION COUNTY,Wood
550619,MARION COUNTY,Wood
466923,MARION COUNTY,Wood
202868,MARION COUNTY,Wood
774559,MARION COUNTY,Wood
913468,MARION COUNTY,Wood
338207,MARION COUNTY,Wood
702257,MARION COUNTY,Wood
537271,MARION COUNTY,Wood
290949,MARION COUNTY,Wood
297914,MARION COUNTY,Wood
767233,MARION COUNTY,Wood
553154,MARION COUNTY,Reinforced Masonry
809876,MARION COUNTY,Wood
993157,MARION COUNTY,Wood
815601,MARION COUNTY,Wood
461588,MARION COUNTY,Reinforced Concrete
845255,MARION COUNTY,Wood
950079,MARION COUNTY,Masonry
229050,MARION COUNTY,Wood
902597,MARION COUNTY,Wood
137363,MARION COUNTY,Wood
845507,MARION COUNTY,Wood
239564,MARION COUNTY,Wood
847067,MARION COUNTY,Wood
649245,MARION COUNTY,Masonry
701840,MARION COUNTY,Wood
168509,MARION COUNTY,Wood
721949,MARION COUNTY,Wood
539692,MARION COUNTY,Wood
170285,MARION COUNTY,Reinforced Masonry
378399,MARION COUNTY,Masonry
808626,MARION COUNTY,Wood
250897,MARION COUNTY,Masonry
114325,MARION COUNTY,Masonry
679086,MARION COUNTY,Masonry
648727,MARION COUNTY,Masonry
310294,SUMTER COUNTY,Masonry
358232,SUMTER COUNTY,Masonry
120899,SUMTER COUNTY,Masonry
859830,SUMTER COUNTY,Masonry
767120,SUMTER COUNTY,Masonry
285099,MARION COUNTY,Wood
663467,MARION COUNTY,Wood
874064,MARION COUNTY,Wood
277094,MARION COUNTY,Wood
206861,MARION COUNTY,Wood
304093,MARION COUNTY,Masonry
639232,MARION COUNTY,Masonry
879582,MARION COUNTY,Masonry
913207,MARION COUNTY,Wood
481310,MARION COUNTY,Reinforced Masonry
556087,MARION COUNTY,Masonry
900996,MARION COUNTY,Masonry
665027,MARION COUNTY,Masonry
710110,MARION COUNTY,Reinforced Masonry
787035,MARION COUNTY,Wood
635018,MARION COUNTY,Masonry
128356,MARION COUNTY,Masonry
374675,LEVY COUNTY,Masonry
529084,LEVY COUNTY,Masonry
956085,LEVY COUNTY,Wood
277726,LEVY COUNTY,Wood
292676,LEVY COUNTY,Wood
397896,LEVY COUNTY,Wood
433320,LEVY COUNTY,Wood
131768,HILLSBOROUGH COUNTY,Wood
123660,HERNANDO COUNTY,Reinforced Masonry
954475,HERNANDO COUNTY,Masonry
642105,HERNANDO COUNTY,Masonry
145929,HERNANDO COUNTY,Masonry
680901,HERNANDO COUNTY,Wood
717287,HERNANDO COUNTY,Wood
803042,HERNANDO COUNTY,Reinforced Masonry
338592,HERNANDO COUNTY,Reinforced Masonry
197264,HERNANDO COUNTY,Wood
449669,HERNANDO COUNTY,Wood
311776,HERNANDO COUNTY,Wood
159179,HERNANDO COUNTY,Masonry
662389,HERNANDO COUNTY,Reinforced Masonry
168915,HERNANDO COUNTY,Masonry
843573,HERNANDO COUNTY,Masonry
306551,HERNANDO COUNTY,Wood
775588,HERNANDO COUNTY,Wood
206463,HERNANDO COUNTY,Wood
163851,HERNANDO COUNTY,Wood
334281,HERNANDO COUNTY,Wood
369119,HERNANDO COUNTY,Wood
396619,HERNANDO COUNTY,Wood
928632,HERNANDO COUNTY,Wood
478408,HERNANDO COUNTY,Masonry
458885,HERNANDO COUNTY,Reinforced Concrete
535669,HERNANDO COUNTY,Wood
294389,HERNANDO COUNTY,Wood
789362,HERNANDO COUNTY,Wood
973760,HERNANDO COUNTY,Wood
417431,HERNANDO COUNTY,Wood
636284,HERNANDO COUNTY,Wood
851320,HERNANDO COUNTY,Wood
584050,HERNANDO COUNTY,Wood
346698,HERNANDO COUNTY,Wood
727088,HERNANDO COUNTY,Wood
349890,HERNANDO COUNTY,Wood
802811,HERNANDO COUNTY,Wood
275915,HERNANDO COUNTY,Wood
880170,HERNANDO COUNTY,Wood
395193,HERNANDO COUNTY,Wood
140188,HERNANDO COUNTY,Wood
144185,HERNANDO COUNTY,Wood
347848,HERNANDO COUNTY,Wood
516668,HERNANDO COUNTY,Wood
763326,HERNANDO COUNTY,Wood
726272,HERNANDO COUNTY,Wood
817013,HERNANDO COUNTY,Wood
275652,HERNANDO COUNTY,Wood
129631,HERNANDO COUNTY,Wood
650962,HERNANDO COUNTY,Wood
966272,HERNANDO COUNTY,Wood
800412,HERNANDO COUNTY,Wood
420731,HERNANDO COUNTY,Wood
596049,HERNANDO COUNTY,Wood
552791,HERNANDO COUNTY,Reinforced Concrete
827047,HERNANDO COUNTY,Wood
102773,HERNANDO COUNTY,Masonry
921385,HERNANDO COUNTY,Masonry
668211,HERNANDO COUNTY,Masonry
284451,HERNANDO COUNTY,Masonry
914456,HERNANDO COUNTY,Masonry
597581,HERNANDO COUNTY,Reinforced Masonry
502696,HERNANDO COUNTY,Wood
144095,HERNANDO COUNTY,Wood
253833,HERNANDO COUNTY,Wood
832709,HERNANDO COUNTY,Reinforced Masonry
711544,HERNANDO COUNTY,Wood
693929,HERNANDO COUNTY,Reinforced Masonry
443457,HERNANDO COUNTY,Masonry
658492,HERNANDO COUNTY,Wood
399942,HERNANDO COUNTY,Reinforced Concrete
142018,HERNANDO COUNTY,Wood
428537,HERNANDO COUNTY,Wood
702418,HERNANDO COUNTY,Wood
943626,HERNANDO COUNTY,Wood
600096,HERNANDO COUNTY,Wood
728297,HERNANDO COUNTY,Masonry
543411,HERNANDO COUNTY,Masonry
316277,HERNANDO COUNTY,Wood
582783,HERNANDO COUNTY,Wood
211769,HERNANDO COUNTY,Reinforced Masonry
692342,HERNANDO COUNTY,Reinforced Masonry
327610,HERNANDO COUNTY,Reinforced Masonry
427163,HERNANDO COUNTY,Masonry
669842,HERNANDO COUNTY,Masonry
199501,HERNANDO COUNTY,Wood
469409,HERNANDO COUNTY,Masonry
237986,HERNANDO COUNTY,Reinforced Masonry
522546,HERNANDO COUNTY,Wood
782727,HERNANDO COUNTY,Masonry
935784,HERNANDO COUNTY,Masonry
353989,HERNANDO COUNTY,Reinforced Masonry
244450,HERNANDO COUNTY,Wood
866297,HERNANDO COUNTY,Wood
691272,HERNANDO COUNTY,Wood
278683,HERNANDO COUNTY,Wood
241639,HERNANDO COUNTY,Wood
798028,PASCO COUNTY,Masonry
849703,PASCO COUNTY,Masonry
400596,PASCO COUNTY,Masonry
498333,PASCO COUNTY,Masonry
200906,PASCO COUNTY,Masonry
846463,PASCO COUNTY,Masonry
413056,PASCO COUNTY,Wood
692655,PASCO COUNTY,Masonry
523839,PASCO COUNTY,Masonry
121710,PASCO COUNTY,Wood
531059,PASCO COUNTY,Reinforced Masonry
361336,PASCO COUNTY,Masonry
579635,PASCO COUNTY,Masonry
805116,PASCO COUNTY,Masonry
574550,PASCO COUNTY,Masonry
309310,PASCO COUNTY,Reinforced Masonry
542637,PASCO COUNTY,Masonry
250946,PASCO COUNTY,Reinforced Masonry
323048,PASCO COUNTY,Wood
443485,PASCO COUNTY,Wood
319930,HERNANDO COUNTY,Reinforced Concrete
474780,HERNANDO COUNTY,Wood
207328,HERNANDO COUNTY,Reinforced Masonry
283789,HERNANDO COUNTY,Reinforced Masonry
227933,HERNANDO COUNTY,Reinforced Masonry
523587,HERNANDO COUNTY,Masonry
759005,HERNANDO COUNTY,Masonry
447115,HERNANDO COUNTY,Wood
824182,HERNANDO COUNTY,Masonry
147194,HERNANDO COUNTY,Wood
998388,HERNANDO COUNTY,Wood
743803,HERNANDO COUNTY,Wood
300787,HERNANDO COUNTY,Wood
463464,HERNANDO COUNTY,Steel Frame
399613,HERNANDO COUNTY,Reinforced Masonry
699256,HERNANDO COUNTY,Masonry
818930,HERNANDO COUNTY,Masonry
279729,HERNANDO COUNTY,Wood
789217,HERNANDO COUNTY,Wood
812308,HERNANDO COUNTY,Wood
328157,HERNANDO COUNTY,Wood
251733,PASCO COUNTY,Masonry
891255,PASCO COUNTY,Masonry
150579,PASCO COUNTY,Wood
737991,PASCO COUNTY,Wood
623833,PASCO COUNTY,Reinforced Masonry
800566,PASCO COUNTY,Wood
897471,PASCO COUNTY,Masonry
524323,PASCO COUNTY,Masonry
823974,PASCO COUNTY,Masonry
495242,PASCO COUNTY,Masonry
270345,PASCO COUNTY,Masonry
528388,PASCO COUNTY,Masonry
566069,PASCO COUNTY,Wood
709197,PASCO COUNTY,Reinforced Concrete
301066,PASCO COUNTY,Masonry
428772,PASCO COUNTY,Reinforced Concrete
748823,PASCO COUNTY,Wood
412407,PASCO COUNTY,Reinforced Masonry
607349,PASCO COUNTY,Wood
384395,PASCO COUNTY,Masonry
317684,PASCO COUNTY,Masonry
985889,PASCO COUNTY,Wood
916219,PASCO COUNTY,Masonry
966733,PASCO COUNTY,Wood
204312,PASCO COUNTY,Masonry
880414,PASCO COUNTY,Reinforced Masonry
879548,PASCO COUNTY,Masonry
724899,PASCO COUNTY,Wood
434377,PASCO COUNTY,Masonry
840146,PASCO COUNTY,Masonry
560286,PASCO COUNTY,Masonry
790849,PASCO COUNTY,Wood
332864,PASCO COUNTY,Reinforced Masonry
674480,PASCO COUNTY,Reinforced Masonry
770768,PASCO COUNTY,Masonry
864795,PASCO COUNTY,Masonry
818826,PASCO COUNTY,Masonry
315038,PASCO COUNTY,Masonry
514381,PASCO COUNTY,Reinforced Concrete
342894,PASCO COUNTY,Masonry
720077,PASCO COUNTY,Wood
155781,PASCO COUNTY,Masonry
588497,PASCO COUNTY,Masonry
357212,PASCO COUNTY,Wood
370651,PASCO COUNTY,Wood
640550,PASCO COUNTY,Wood
216358,PASCO COUNTY,Wood
802802,PASCO COUNTY,Masonry
791725,PASCO COUNTY,Masonry
862738,PASCO COUNTY,Masonry
210482,PASCO COUNTY,Wood
642790,PASCO COUNTY,Masonry
589450,PASCO COUNTY,Reinforced Masonry
367833,PASCO COUNTY,Reinforced Masonry
801835,PASCO COUNTY,Wood
623082,PASCO COUNTY,Masonry
576399,PASCO COUNTY,Reinforced Concrete
416690,PASCO COUNTY,Wood
361269,PASCO COUNTY,Wood
291931,PASCO COUNTY,Reinforced Masonry
662842,PASCO COUNTY,Reinforced Masonry
730280,PASCO COUNTY,Masonry
831456,PASCO COUNTY,Wood
637098,PASCO COUNTY,Wood
408125,PASCO COUNTY,Masonry
224383,PASCO COUNTY,Reinforced Concrete
973063,PASCO COUNTY,Wood
186953,PASCO COUNTY,Wood
347618,PASCO COUNTY,Wood
647938,PASCO COUNTY,Wood
170554,PASCO COUNTY,Wood
315598,PASCO COUNTY,Masonry
647528,PASCO COUNTY,Masonry
794236,PASCO COUNTY,Wood
504750,PASCO COUNTY,Wood
973677,PASCO COUNTY,Wood
314679,PASCO COUNTY,Wood
480929,PINELLAS COUNTY,Wood
337877,PASCO COUNTY,Reinforced Masonry
488277,PASCO COUNTY,Reinforced Masonry
928068,PASCO COUNTY,Reinforced Masonry
626347,PASCO COUNTY,Reinforced Masonry
879088,PASCO COUNTY,Masonry
967883,PASCO COUNTY,Masonry
567283,PASCO COUNTY,Masonry
596118,PASCO COUNTY,Masonry
502416,PASCO COUNTY,Wood
637175,PASCO COUNTY,Masonry
397315,PASCO COUNTY,Reinforced Masonry
966829,PASCO COUNTY,Masonry
796376,PASCO COUNTY,Reinforced Concrete
472623,PASCO COUNTY,Masonry
490921,PASCO COUNTY,Wood
556096,PASCO COUNTY,Steel Frame
479318,PASCO COUNTY,Wood
884147,PASCO COUNTY,Wood
830483,PASCO COUNTY,Masonry
619465,PASCO COUNTY,Wood
722711,PASCO COUNTY,Wood
808821,PASCO COUNTY,Reinforced Masonry
780167,PASCO COUNTY,Wood
548200,PASCO COUNTY,Masonry
180326,PASCO COUNTY,Masonry
885646,PASCO COUNTY,Masonry
383924,PASCO COUNTY,Wood
346593,PASCO COUNTY,Wood
518307,PASCO COUNTY,Masonry
174360,PASCO COUNTY,Wood
841977,PASCO COUNTY,Wood
557862,PASCO COUNTY,Wood
941960,PASCO COUNTY,Wood
874160,PASCO COUNTY,Wood
707619,PASCO COUNTY,Masonry
382812,PASCO COUNTY,Masonry
246322,PASCO COUNTY,Wood
775534,PASCO COUNTY,Reinforced Masonry
216597,PASCO COUNTY,Reinforced Masonry
591508,PASCO COUNTY,Wood
533507,PASCO COUNTY,Masonry
496393,PASCO COUNTY,Reinforced Masonry
666611,PASCO COUNTY,Wood
209985,PASCO COUNTY,Wood
398153,PASCO COUNTY,Wood
594074,PASCO COUNTY,Wood
604411,PASCO COUNTY,Wood
273141,PASCO COUNTY,Masonry
420607,PASCO COUNTY,Reinforced Masonry
533272,PASCO COUNTY,Masonry
576520,PASCO COUNTY,Masonry
701808,PASCO COUNTY,Masonry
824969,PASCO COUNTY,Masonry
658470,PASCO COUNTY,Wood
475399,PASCO COUNTY,Masonry
528439,PASCO COUNTY,Masonry
866270,PASCO COUNTY,Masonry
447639,PASCO COUNTY,Masonry
854500,PASCO COUNTY,Wood
519895,PASCO COUNTY,Masonry
489611,PASCO COUNTY,Masonry
562391,PASCO COUNTY,Masonry
599304,PASCO COUNTY,Masonry
917028,PASCO COUNTY,Masonry
175100,PASCO COUNTY,Masonry
740189,PASCO COUNTY,Masonry
659966,PASCO COUNTY,Masonry
416781,PASCO COUNTY,Wood
510878,PASCO COUNTY,Masonry
217855,PASCO COUNTY,Masonry
759470,PASCO COUNTY,Masonry
999970,PASCO COUNTY,Masonry
220489,PASCO COUNTY,Masonry
833518,PASCO COUNTY,Masonry
969707,PASCO COUNTY,Masonry
574583,PASCO COUNTY,Masonry
570314,PASCO COUNTY,Wood
953565,PASCO COUNTY,Wood
222029,PASCO COUNTY,Wood
700298,PASCO COUNTY,Wood
554890,PASCO COUNTY,Wood
211877,PASCO COUNTY,Wood
311545,PASCO COUNTY,Masonry
302787,PASCO COUNTY,Masonry
921435,PASCO COUNTY,Masonry
389373,PASCO COUNTY,Masonry
658877,PASCO COUNTY,Reinforced Masonry
969427,PASCO COUNTY,Reinforced Masonry
584964,PASCO COUNTY,Masonry
650782,PASCO COUNTY,Wood
181985,PASCO COUNTY,Reinforced Masonry
707211,PASCO COUNTY,Masonry
762290,PASCO COUNTY,Wood
838506,PASCO COUNTY,Masonry
779321,PASCO COUNTY,Wood
743630,PASCO COUNTY,Reinforced Masonry
371289,PASCO COUNTY,Masonry
437709,PASCO COUNTY,Wood
233807,PASCO COUNTY,Wood
517554,PASCO COUNTY,Masonry
237014,PASCO COUNTY,Masonry
201596,PASCO COUNTY,Masonry
830462,PASCO COUNTY,Wood
532914,PASCO COUNTY,Wood
270901,PASCO COUNTY,Masonry
255318,PASCO COUNTY,Masonry
860505,PASCO COUNTY,Masonry
970352,PASCO COUNTY,Wood
113048,PASCO COUNTY,Reinforced Masonry
553231,PASCO COUNTY,Masonry
347955,PASCO COUNTY,Masonry
996105,PASCO COUNTY,Wood
607739,PASCO COUNTY,Wood
711666,PASCO COUNTY,Masonry
947071,PASCO COUNTY,Wood
523403,PASCO COUNTY,Wood
695252,PASCO COUNTY,Reinforced Masonry
191692,PASCO COUNTY,Reinforced Masonry
903320,PASCO COUNTY,Reinforced Masonry
673270,PASCO COUNTY,Wood
652788,PASCO COUNTY,Wood
528558,PASCO COUNTY,Wood
253792,PASCO COUNTY,Wood
599504,PASCO COUNTY,Wood
557086,PASCO COUNTY,Wood
664803,PASCO COUNTY,Wood
222173,PASCO COUNTY,Wood
393248,PASCO COUNTY,Wood
473348,PASCO COUNTY,Wood
818848,PASCO COUNTY,Wood
756608,PASCO COUNTY,Wood
282127,PASCO COUNTY,Reinforced Masonry
689146,PASCO COUNTY,Reinforced Masonry
140039,PASCO COUNTY,Reinforced Masonry
395906,PASCO COUNTY,Wood
781693,PASCO COUNTY,Masonry
823484,PASCO COUNTY,Reinforced Masonry
373115,PASCO COUNTY,Masonry
616158,PASCO COUNTY,Reinforced Masonry
451309,PASCO COUNTY,Reinforced Masonry
873182,PASCO COUNTY,Reinforced Masonry
686394,PASCO COUNTY,Reinforced Masonry
395853,PASCO COUNTY,Reinforced Concrete
864568,PASCO COUNTY,Masonry
552158,PASCO COUNTY,Reinforced Masonry
986178,PASCO COUNTY,Wood
569297,PASCO COUNTY,Masonry
957869,PASCO COUNTY,Wood
136298,PASCO COUNTY,Masonry
462096,PASCO COUNTY,Masonry
138823,PASCO COUNTY,Masonry
475202,PASCO COUNTY,Masonry
679707,PASCO COUNTY,Reinforced Masonry
545294,PASCO COUNTY,Masonry
699813,PASCO COUNTY,Reinforced Concrete
943768,PASCO COUNTY,Masonry
704422,PASCO COUNTY,Masonry
815599,PASCO COUNTY,Wood
795793,PASCO COUNTY,Wood
694010,PASCO COUNTY,Wood
803209,PASCO COUNTY,Wood
604317,PASCO COUNTY,Wood
500606,PASCO COUNTY,Masonry
468982,PASCO COUNTY,Masonry
391394,PASCO COUNTY,Reinforced Masonry
113078,PASCO COUNTY,Wood
490691,PASCO COUNTY,Wood
359992,PASCO COUNTY,Reinforced Masonry
428060,PASCO COUNTY,Wood
572629,PASCO COUNTY,Reinforced Masonry
830381,PASCO COUNTY,Wood
704803,PASCO COUNTY,Wood
993780,PASCO COUNTY,Reinforced Masonry
444294,PASCO COUNTY,Masonry
814376,PASCO COUNTY,Wood
500668,PASCO COUNTY,Masonry
545334,PASCO COUNTY,Masonry
820306,PASCO COUNTY,Masonry
191893,PASCO COUNTY,Reinforced Masonry
185255,PASCO COUNTY,Masonry
153228,PASCO COUNTY,Masonry
321644,PASCO COUNTY,Wood
543166,PASCO COUNTY,Masonry
285768,PASCO COUNTY,Wood
140148,PASCO COUNTY,Masonry
453937,PASCO COUNTY,Wood
341692,PASCO COUNTY,Masonry
950301,PASCO COUNTY,Reinforced Concrete
131965,PASCO COUNTY,Masonry
557170,PASCO COUNTY,Masonry
852601,PASCO COUNTY,Masonry
262753,PASCO COUNTY,Masonry
418707,PASCO COUNTY,Reinforced Masonry
456880,PASCO COUNTY,Reinforced Masonry
376378,PASCO COUNTY,Masonry
301167,PASCO COUNTY,Wood
639708,PASCO COUNTY,Reinforced Masonry
475224,PASCO COUNTY,Wood
795383,PASCO COUNTY,Masonry
545278,PASCO COUNTY,Reinforced Masonry
839109,PASCO COUNTY,Wood
540409,PASCO COUNTY,Masonry
285674,PASCO COUNTY,Masonry
548615,PASCO COUNTY,Masonry
850363,PASCO COUNTY,Wood
329608,PASCO COUNTY,Reinforced Concrete
655414,PASCO COUNTY,Wood
278338,PASCO COUNTY,Reinforced Masonry
992126,PASCO COUNTY,Masonry
993918,PASCO COUNTY,Reinforced Masonry
974078,PASCO COUNTY,Wood
554154,PASCO COUNTY,Wood
193935,PASCO COUNTY,Reinforced Masonry
653202,PASCO COUNTY,Masonry
282676,PASCO COUNTY,Masonry
914347,PASCO COUNTY,Masonry
587770,PASCO COUNTY,Masonry
766181,PASCO COUNTY,Reinforced Concrete
640516,PASCO COUNTY,Reinforced Masonry
316967,PASCO COUNTY,Masonry
563065,PASCO COUNTY,Wood
383565,PASCO COUNTY,Masonry
465756,PASCO COUNTY,Reinforced Masonry
954698,PASCO COUNTY,Masonry
135078,PASCO COUNTY,Masonry
882624,PASCO COUNTY,Masonry
263702,PASCO COUNTY,Wood
837451,PASCO COUNTY,Reinforced Masonry
578482,PASCO COUNTY,Masonry
781683,PASCO COUNTY,Wood
731799,PASCO COUNTY,Masonry
437835,PASCO COUNTY,Masonry
679018,PASCO COUNTY,Wood
477472,PASCO COUNTY,Masonry
781173,PASCO COUNTY,Reinforced Masonry
402688,PASCO COUNTY,Steel Frame
718076,PASCO COUNTY,Masonry
720955,PASCO COUNTY,Masonry
166755,PASCO COUNTY,Masonry
950116,PASCO COUNTY,Wood
120919,PASCO COUNTY,Wood
810137,PASCO COUNTY,Wood
935098,PASCO COUNTY,Wood
990865,PASCO COUNTY,Reinforced Masonry
275584,PASCO COUNTY,Reinforced Masonry
641722,PASCO COUNTY,Wood
730690,PASCO COUNTY,Masonry
353513,PASCO COUNTY,Wood
943413,PASCO COUNTY,Wood
424151,PASCO COUNTY,Wood
523528,PASCO COUNTY,Wood
748582,PASCO COUNTY,Masonry
165850,PASCO COUNTY,Masonry
457228,PASCO COUNTY,Wood
240247,PASCO COUNTY,Wood
937450,PASCO COUNTY,Wood
749543,PASCO COUNTY,Wood
307018,PASCO COUNTY,Wood
446132,PASCO COUNTY,Wood
247981,PASCO COUNTY,Wood
929646,PASCO COUNTY,Wood
554959,PASCO COUNTY,Wood
346219,PASCO COUNTY,Masonry
402918,PASCO COUNTY,Masonry
406279,PASCO COUNTY,Reinforced Masonry
620557,PASCO COUNTY,Masonry
493470,PASCO COUNTY,Reinforced Masonry
821111,PASCO COUNTY,Masonry
104817,PASCO COUNTY,Reinforced Concrete
648286,PASCO COUNTY,Reinforced Masonry
156889,PASCO COUNTY,Masonry
775386,PASCO COUNTY,Masonry
948192,PASCO COUNTY,Masonry
415093,PASCO COUNTY,Reinforced Masonry
173753,PASCO COUNTY,Masonry
188202,PASCO COUNTY,Wood
105670,PASCO COUNTY,Wood
386465,PASCO COUNTY,Wood
865940,PASCO COUNTY,Wood
126211,PASCO COUNTY,Wood
748417,PASCO COUNTY,Wood
550595,PASCO COUNTY,Wood
374683,PASCO COUNTY,Wood
359022,PASCO COUNTY,Wood
626871,PASCO COUNTY,Reinforced Masonry
144975,PASCO COUNTY,Reinforced Masonry
556761,PASCO COUNTY,Masonry
331516,PASCO COUNTY,Reinforced Masonry
700589,PASCO COUNTY,Masonry
529723,PASCO COUNTY,Wood
757056,PASCO COUNTY,Wood
662448,PASCO COUNTY,Wood
146858,PASCO COUNTY,Wood
788221,PASCO COUNTY,Reinforced Masonry
796840,PASCO COUNTY,Wood
728362,PASCO COUNTY,Masonry
337160,PASCO COUNTY,Wood
290905,PASCO COUNTY,Masonry
328692,PASCO COUNTY,Wood
478802,PASCO COUNTY,Reinforced Concrete
336193,PASCO COUNTY,Wood
955043,PASCO COUNTY,Reinforced Concrete
482153,PASCO COUNTY,Reinforced Masonry
650615,PASCO COUNTY,Masonry
234018,PASCO COUNTY,Wood
315545,PASCO COUNTY,Wood
862407,PASCO COUNTY,Wood
687747,PASCO COUNTY,Wood
882540,PASCO COUNTY,Wood
340792,PASCO COUNTY,Wood
630523,PASCO COUNTY,Wood
141149,PASCO COUNTY,Wood
262144,PASCO COUNTY,Wood
687480,PASCO COUNTY,Reinforced Concrete
479400,PASCO COUNTY,Wood
288499,PASCO COUNTY,Masonry
342611,PASCO COUNTY,Masonry
899172,PASCO COUNTY,Masonry
870448,PASCO COUNTY,Wood
432958,PASCO COUNTY,Wood
810231,PASCO COUNTY,Wood
324078,PASCO COUNTY,Reinforced Masonry
343494,PASCO COUNTY,Wood
611631,PASCO COUNTY,Wood
993831,PASCO COUNTY,Wood
139600,PASCO COUNTY,Reinforced Masonry
613460,PASCO COUNTY,Wood
609894,PASCO COUNTY,Masonry
202438,PINELLAS COUNTY,Masonry
377591,PINELLAS COUNTY,Wood
888750,PINELLAS COUNTY,Masonry
229598,PINELLAS COUNTY,Wood
952935,PINELLAS COUNTY,Wood
343331,PINELLAS COUNTY,Wood
669080,PINELLAS COUNTY,Wood
781263,PINELLAS COUNTY,Masonry
916893,PINELLAS COUNTY,Wood
446068,PINELLAS COUNTY,Wood
106264,PINELLAS COUNTY,Wood
375963,PINELLAS COUNTY,Wood
138004,PINELLAS COUNTY,Masonry
139380,PINELLAS COUNTY,Wood
822043,PINELLAS COUNTY,Wood
835296,PINELLAS COUNTY,Masonry
300032,PINELLAS COUNTY,Wood
907723,PINELLAS COUNTY,Masonry
531230,PINELLAS COUNTY,Masonry
721154,PINELLAS COUNTY,Masonry
931950,PINELLAS COUNTY,Wood
622601,PINELLAS COUNTY,Masonry
348620,PINELLAS COUNTY,Wood
543064,PINELLAS COUNTY,Wood
441718,PINELLAS COUNTY,Wood
563250,PINELLAS COUNTY,Wood
362505,PINELLAS COUNTY,Wood
409276,PINELLAS COUNTY,Wood
259809,PINELLAS COUNTY,Masonry
444547,PINELLAS COUNTY,Wood
469965,PINELLAS COUNTY,Masonry
186660,PINELLAS COUNTY,Wood
192476,PINELLAS COUNTY,Masonry
921703,PINELLAS COUNTY,Wood
687574,PINELLAS COUNTY,Masonry
252045,PINELLAS COUNTY,Wood
732204,PINELLAS COUNTY,Wood
663353,PINELLAS COUNTY,Wood
874335,PINELLAS COUNTY,Wood
767582,PINELLAS COUNTY,Masonry
915609,PINELLAS COUNTY,Masonry
623933,PINELLAS COUNTY,Masonry
817006,PINELLAS COUNTY,Wood
514807,PINELLAS COUNTY,Reinforced Masonry
109950,PINELLAS COUNTY,Wood
190427,PINELLAS COUNTY,Reinforced Masonry
258530,PINELLAS COUNTY,Wood
826943,PINELLAS COUNTY,Wood
967497,PINELLAS COUNTY,Wood
109906,PINELLAS COUNTY,Wood
666753,PINELLAS COUNTY,Wood
941814,PINELLAS COUNTY,Wood
663066,PINELLAS COUNTY,Wood
477860,PINELLAS COUNTY,Masonry
196851,PINELLAS COUNTY,Masonry
382665,PINELLAS COUNTY,Wood
696285,PINELLAS COUNTY,Masonry
272742,PINELLAS COUNTY,Wood
889413,PINELLAS COUNTY,Wood
169552,PINELLAS COUNTY,Wood
835382,PINELLAS COUNTY,Masonry
469174,PINELLAS COUNTY,Wood
664998,PINELLAS COUNTY,Wood
343579,PINELLAS COUNTY,Wood
309899,PINELLAS COUNTY,Wood
740085,PINELLAS COUNTY,Wood
413841,PINELLAS COUNTY,Wood
933309,PINELLAS COUNTY,Masonry
307927,PINELLAS COUNTY,Wood
216642,PINELLAS COUNTY,Wood
604331,PINELLAS COUNTY,Wood
869899,PINELLAS COUNTY,Wood
430717,PINELLAS COUNTY,Masonry
614977,PINELLAS COUNTY,Wood
656879,PINELLAS COUNTY,Wood
764180,PINELLAS COUNTY,Wood
463561,PINELLAS COUNTY,Wood
797175,PINELLAS COUNTY,Wood
143414,PINELLAS COUNTY,Wood
825304,PINELLAS COUNTY,Wood
111949,PINELLAS COUNTY,Reinforced Masonry
103551,PINELLAS COUNTY,Masonry
657015,PINELLAS COUNTY,Reinforced Concrete
746704,PINELLAS COUNTY,Masonry
166972,PINELLAS COUNTY,Masonry
949720,PINELLAS COUNTY,Masonry
792963,PINELLAS COUNTY,Masonry
367030,PINELLAS COUNTY,Masonry
594660,PINELLAS COUNTY,Masonry
360785,PINELLAS COUNTY,Masonry
847570,PINELLAS COUNTY,Masonry
196088,PINELLAS COUNTY,Reinforced Masonry
166064,PINELLAS COUNTY,Masonry
507269,PINELLAS COUNTY,Masonry
335445,PINELLAS COUNTY,Wood
451921,PINELLAS COUNTY,Wood
859202,PINELLAS COUNTY,Wood
584224,PINELLAS COUNTY,Masonry
603769,PINELLAS COUNTY,Masonry
575194,PINELLAS COUNTY,Reinforced Masonry
708726,PINELLAS COUNTY,Masonry
645213,PINELLAS COUNTY,Masonry
175829,PINELLAS COUNTY,Reinforced Concrete
546178,PINELLAS COUNTY,Masonry
938910,PINELLAS COUNTY,Wood
592170,PINELLAS COUNTY,Wood
827844,PINELLAS COUNTY,Wood
876385,PINELLAS COUNTY,Wood
167630,PINELLAS COUNTY,Wood
241496,PINELLAS COUNTY,Wood
780814,PINELLAS COUNTY,Wood
404309,PINELLAS COUNTY,Wood
465875,PINELLAS COUNTY,Masonry
791209,PINELLAS COUNTY,Wood
322627,PINELLAS COUNTY,Masonry
398149,PINELLAS COUNTY,Masonry
